50
0 0 0 0 0 0 0 0 0 0 0 0 1000 0 0 0 0 0 0 0 0 0 0 0 0 0 0 0 1000 0 0 9.9
0 0 0 0 0 0 0 0 0 0 0 0 1000 0 0 0 0 0 0 0 0 0 0 0 0 0 0 0 1000 0 0 9
0 0 0 0 0 0 0 0 0 0 0 0 1000 0 0 0 0 0 0 0 0 0 0 0 0 0 0 0 1000 0 0 8.1
0 0 0 0 0 0 0 0 0 0 0 0 1000 0 0 0 0 0 0 0 0 0 0 0 0 0 0 0 1000 0 0 7.2
0 0 0 0 0 0 0 0 0 0 0 0 1000 0 0 0 0 0 0 0 0 0 0 0 0 0 0 0 1000 0 0 6.3
0 0 0 0 0 0 0 0 0 0 0 0 1000 0 0 0 0 0 0 0 0 0 0 0 0 0 0 0 1000 0 0 5.4
0 0 0 0 0 0 0 0 0 0 0 0 999 1 0 0 0 0 0 0 0 0 0 0 0 0 0 0 1000 0 0 4.5
0 0 0 0 0 0 0 0 0 0 0 0 996 4 0 0 0 0 0 0 0 0 0 0 0 0 0 0 1000 0 0 3.6
0 0 0 0 0 0 0 7 0 0 0 0 984 7 0 0 0 0 0 0 0 0 0 0 0 0 2 0 1000 0 0 2.7
0 0 0 0 0 0 0 9 1 0 0 0 981 7 0 0 0 0 0 0 0 0 0 0 0 0 2 0 1000 0 0 1.8
0 0 0 0 0 0 0 5 3 0 0 0 974 15 0 0 0 0 0 0 0 0 0 0 0 0 3 0 1000 0 0 0.9
0 0 0 0 0 0 0 28 5 0 0 0 841 17 0 0 0 0 0 0 0 0 0 0 0 0 109 0 1000 0 0 0
0 0 0 0 0 0 1 30 3 0 0 1 615 26 0 0 0 1 0 0 0 0 0 0 0 0 323 0 1000 0 0 -0.9
0 0 0 0 0 0 0 31 3 0 0 1 479 29 0 0 0 0 0 0 0 0 0 0 0 0 457 0 1000 0 0 -1.8
0 0 0 0 0 0 0 37 6 0 0 0 358 32 0 0 0 0 0 0 0 0 0 0 0 0 567 0 1000 0 0 -2.7
0 0 0 0 0 0 1 28 5 0 0 1 255 25 0 0 0 1 0 0 0 0 0 0 0 0 684 0 1000 0 0 -3.6
0 0 0 0 0 0 0 22 2 0 0 1 185 19 0 0 0 0 0 0 0 0 0 0 0 0 771 0 1000 0 0 -4.5
0 0 0 0 0 0 0 15 2 0 0 1 126 12 0 0 0 1 0 0 0 0 0 0 0 0 843 0 1000 0 0 -5.4
0 0 0 0 0 0 0 10 1 0 0 3 88 16 0 0 0 0 0 0 0 0 0 0 0 0 882 0 1000 0 0 -6.3
0 0 0 0 0 0 0 10 0 0 0 0 63 5 0 0 0 1 0 0 0 0 0 0 0 0 921 0 1000 0 0 -7.2
0 0 0 0 0 0 0 3 1 0 0 1 37 2 0 0 0 1 1 0 0 0 0 0 0 0 954 0 1000 0 0 -8.1
0 0 0 0 0 0 0 2 1 0 0 1 17 3 0 0 0 0 1 0 0 0 0 0 0 0 975 0 1000 0 0 -9
0 0 0 0 0 0 0 0 0 0 0 0 15 0 0 0 0 0 0 0 0 0 0 0 0 0 985 0 1000 0 0 -9.9
0 0 0 0 0 0 0 0 0 0 0 0 8 2 0 0 0 0 0 0 0 0 0 0 0 0 990 0 1000 0 0 -10.8
0 0 0 0 0 0 0 0 0 0 0 0 3 0 0 0 0 0 0 0 0 0 0 0 0 0 997 0 1000 0 0 -11.7
0 0 0 0 0 0 0 0 0 0 0 0 3 1 0 0 0 0 0 0 0 0 0 0 0 0 996 0 1000 0 0 -12.6
0 0 0 0 0 0 0 0 0 0 0 0 1 0 0 0 0 0 0 0 0 0 0 0 0 0 999 0 1000 0 0 -13.5
0 0 0 0 0 0 0 0 0 0 0 0 0 0 0 0 0 0 0 0 0 0 0 0 0 0 1000 0 1000 0 0 -14.4
0 0 0 0 0 0 0 0 0 0 0 0 1 0 0 0 0 0 0 0 0 0 0 0 0 0 999 0 1000 0 0 -15.3
0 0 0 0 0 0 0 0 0 0 0 0 0 0 0 0 0 0 0 0 0 0 0 0 0 0 1000 0 1000 0 0 -16.2
0 0 0 0 0 0 0 0 0 0 0 0 0 0 0 0 0 0 0 0 0 0 0 0 0 0 1000 0 1000 0 0 -17.1
0 0 0 0 0 0 0 0 0 0 0 0 0 0 0 0 0 0 0 0 0 0 0 0 0 0 1000 0 1000 0 0 -18
0 0 0 0 0 0 0 0 0 0 0 0 1 0 0 0 0 0 0 0 0 0 0 0 0 0 999 0 1000 0 0 -18.9
0 0 0 0 0 0 0 0 0 0 0 0 0 0 0 0 0 0 0 0 0 0 0 0 0 0 1000 0 1000 0 0 -19.8
0 0 0 0 0 0 0 0 0 0 0 0 0 0 0 0 0 0 0 0 0 0 0 0 0 0 1000 0 1000 0 0 -20.7
0 0 0 0 0 0 0 0 0 0 0 0 0 0 0 0 0 0 0 0 0 0 0 0 0 0 1000 0 1000 0 0 -21.6
0 0 0 0 0 0 0 0 0 0 0 0 0 0 0 0 0 0 0 0 0 0 0 0 0 0 1000 0 1000 0 0 -22.5
0 0 0 0 0 0 0 0 0 0 0 0 0 0 0 0 0 0 0 0 0 0 0 0 0 0 1000 0 1000 0 0 -23.4
0 0 0 0 0 0 0 0 0 0 0 0 0 0 0 0 0 0 0 0 0 0 0 0 0 0 1000 0 1000 0 0 -24.3
0 0 0 0 0 0 0 0 0 0 0 0 0 0 0 0 0 0 0 0 0 0 0 0 0 0 1000 0 1000 0 0 -25.2
0 0 0 0 0 0 0 0 0 0 0 0 0 0 0 0 0 0 0 0 0 0 0 0 0 0 1000 0 1000 0 0 -26.1
0 0 0 0 0 0 0 0 0 0 0 0 0 0 0 0 0 0 0 0 0 0 0 0 0 0 1000 0 1000 0 0 -27
0 0 0 0 0 0 0 0 0 0 0 0 0 0 0 0 0 0 0 0 0 0 0 0 0 0 1000 0 1000 0 0 -27.9
0 0 0 0 0 0 0 0 0 0 0 0 0 0 0 0 0 0 0 0 0 0 0 0 0 0 1000 0 1000 0 0 -28.8
0 0 0 0 0 0 0 0 0 0 0 0 0 0 0 0 0 0 0 0 0 0 0 0 0 0 1000 0 1000 0 0 -29.7
0 0 0 0 0 0 0 0 0 0 0 0 0 0 0 0 0 0 0 0 0 0 0 0 0 0 1000 0 1000 0 0 -30.6
0 0 0 0 0 0 0 0 0 0 0 0 0 0 0 0 0 0 0 0 0 0 0 0 0 0 1000 0 1000 0 0 -31.5
0 0 0 0 0 0 0 0 0 0 0 0 0 0 0 0 0 0 0 0 0 0 0 0 0 0 1000 0 1000 0 0 -32.4
0 0 0 0 0 0 0 0 0 0 0 0 0 0 0 0 0 0 0 0 0 0 0 0 0 0 1000 0 1000 0 0 -33.3
0 0 0 0 0 0 0 0 0 0 0 0 0 0 0 0 0 0 0 0 0 0 0 0 0 0 1000 0 1000 0 0 -34.2
