50
0 0 0 0 0 0 0 0 0 0 0 0 998 0 0 0 0 0 0 0 0 0 0 0 0 0 2 0 1000 0 0 9.9
0 0 0 0 0 0 0 0 0 0 0 0 992 6 0 0 0 0 0 0 0 0 0 0 0 0 2 0 1000 0 0 9
0 0 0 0 0 0 0 0 0 0 0 0 1000 0 0 0 0 0 0 0 0 0 0 0 0 0 0 0 1000 0 0 8.1
0 0 0 0 0 0 0 0 0 0 0 0 1000 0 0 0 0 0 0 0 0 0 0 0 0 0 0 0 1000 0 0 7.2
0 0 0 0 0 0 0 0 0 0 0 0 995 5 0 0 0 0 0 0 0 0 0 0 0 0 0 0 1000 0 0 6.3
0 0 0 0 0 0 0 0 0 0 0 0 984 16 0 0 0 0 0 0 0 0 0 0 0 0 0 0 1000 0 0 5.4
0 0 0 0 0 0 0 1 0 0 0 0 958 38 0 0 0 0 1 0 0 0 0 0 0 0 2 0 1000 0 0 4.5
0 0 0 0 0 0 0 1 2 0 0 0 886 106 0 0 0 0 1 0 0 0 0 0 0 0 4 0 1000 0 0 3.6
0 0 0 0 0 0 0 3 3 0 0 0 848 142 0 0 0 0 1 0 0 0 0 0 0 0 3 0 1000 0 0 2.7
0 0 0 0 0 0 0 3 3 0 0 0 807 175 0 0 0 2 2 0 0 0 0 0 0 0 8 0 1000 0 0 1.8
0 0 0 0 0 0 0 5 2 0 0 0 806 172 0 0 0 2 2 0 0 0 0 0 0 0 11 0 1000 0 0 0.9
0 0 0 0 0 0 0 9 5 0 0 0 668 177 0 0 0 4 1 0 0 0 0 0 0 0 136 0 1000 0 0 0
0 0 0 0 0 0 0 10 4 0 0 0 525 167 0 0 0 8 5 0 0 0 0 0 0 0 281 0 1000 0 0 -0.9
0 0 0 0 0 0 0 10 5 0 0 0 417 136 0 0 0 5 5 0 0 0 0 0 0 0 422 0 1000 0 0 -1.8
0 0 0 0 0 0 0 13 5 0 0 0 289 109 0 0 0 8 4 0 0 0 0 0 0 0 572 0 1000 0 0 -2.7
0 0 0 0 0 0 0 7 7 0 0 0 194 96 0 0 0 8 1 0 0 0 0 0 0 0 687 0 1000 0 0 -3.6
0 0 0 0 0 0 0 5 3 0 0 0 164 59 0 0 0 4 3 0 0 0 0 0 0 0 762 0 1000 0 0 -4.5
0 0 0 0 0 0 0 1 1 0 0 0 102 45 0 0 0 2 2 0 0 0 0 0 0 0 847 0 1000 0 0 -5.4
0 0 0 0 0 0 0 0 4 0 0 0 61 31 0 0 0 2 2 0 0 0 0 0 0 0 900 0 1000 0 0 -6.3
0 0 0 0 0 0 0 3 2 0 0 0 38 15 0 0 0 1 0 0 0 0 0 0 0 0 941 0 1000 0 0 -7.2
0 0 0 0 0 0 0 1 0 0 0 0 27 12 0 0 0 2 1 0 0 0 0 0 0 0 957 0 1000 0 0 -8.1
0 0 0 0 0 0 0 0 1 0 0 0 18 7 0 0 0 1 0 0 0 0 0 0 0 0 973 0 1000 0 0 -9
0 0 0 0 0 0 0 0 0 0 0 0 7 7 0 0 0 1 0 0 0 0 0 0 0 0 985 0 1000 0 0 -9.9
0 0 0 0 0 0 0 0 0 0 0 0 3 1 0 0 0 0 0 0 0 0 0 0 0 0 996 0 1000 0 0 -10.8
0 0 0 0 0 0 0 0 0 0 0 0 2 2 0 0 0 0 0 0 0 0 0 0 0 0 996 0 1000 0 0 -11.7
0 0 0 0 0 0 0 0 0 0 0 0 1 0 0 0 0 0 0 0 0 0 0 0 0 0 999 0 1000 0 0 -12.6
0 0 0 0 0 0 0 0 0 0 0 0 0 0 0 0 0 0 0 0 0 0 0 0 0 0 1000 0 1000 0 0 -13.5
0 0 0 0 0 0 0 0 0 0 0 0 0 0 0 0 0 0 0 0 0 0 0 0 0 0 1000 0 1000 0 0 -14.4
0 0 0 0 0 0 0 0 0 0 0 0 0 0 0 0 0 0 0 0 0 0 0 0 0 0 1000 0 1000 0 0 -15.3
0 0 0 0 0 0 0 0 0 0 0 0 0 1 0 0 0 0 0 0 0 0 0 0 0 0 999 0 1000 0 0 -16.2
0 0 0 0 0 0 0 0 0 0 0 0 0 0 0 0 0 0 0 0 0 0 0 0 0 0 1000 0 1000 0 0 -17.1
0 0 0 0 0 0 0 0 0 0 0 0 0 0 0 0 0 0 0 0 0 0 0 0 0 0 1000 0 1000 0 0 -18
0 0 0 0 0 0 0 0 0 0 0 0 0 0 0 0 0 0 0 0 0 0 0 0 0 0 1000 0 1000 0 0 -18.9
0 0 0 0 0 0 0 0 0 0 0 0 0 0 0 0 0 0 0 0 0 0 0 0 0 0 1000 0 1000 0 0 -19.8
0 0 0 0 0 0 0 0 0 0 0 0 0 0 0 0 0 0 0 0 0 0 0 0 0 0 1000 0 1000 0 0 -20.7
0 0 0 0 0 0 0 0 0 0 0 0 0 0 0 0 0 0 0 0 0 0 0 0 0 0 1000 0 1000 0 0 -21.6
0 0 0 0 0 0 0 0 0 0 0 0 0 0 0 0 0 0 0 0 0 0 0 0 0 0 1000 0 1000 0 0 -22.5
0 0 0 0 0 0 0 0 0 0 0 0 0 0 0 0 0 0 0 0 0 0 0 0 0 0 1000 0 1000 0 0 -23.4
0 0 0 0 0 0 0 0 0 0 0 0 0 0 0 0 0 0 0 0 0 0 0 0 0 0 1000 0 1000 0 0 -24.3
0 0 0 0 0 0 0 0 0 0 0 0 0 0 0 0 0 0 0 0 0 0 0 0 0 0 1000 0 1000 0 0 -25.2
0 0 0 0 0 0 0 0 0 0 0 0 0 0 0 0 0 0 0 0 0 0 0 0 0 0 1000 0 1000 0 0 -26.1
0 0 0 0 0 0 0 0 0 0 0 0 0 0 0 0 0 0 0 0 0 0 0 0 0 0 1000 0 1000 0 0 -27
0 0 0 0 0 0 0 0 0 0 0 0 0 0 0 0 0 0 0 0 0 0 0 0 0 0 1000 0 1000 0 0 -27.9
0 0 0 0 0 0 0 0 0 0 0 0 0 0 0 0 0 0 0 0 0 0 0 0 0 0 1000 0 1000 0 0 -28.8
0 0 0 0 0 0 0 0 0 0 0 0 0 0 0 0 0 0 0 0 0 0 0 0 0 0 1000 0 1000 0 0 -29.7
0 0 0 0 0 0 0 0 0 0 0 0 0 0 0 0 0 0 0 0 0 0 0 0 0 0 1000 0 1000 0 0 -30.6
0 0 0 0 0 0 0 0 0 0 0 0 0 0 0 0 0 0 0 0 0 0 0 0 0 0 1000 0 1000 0 0 -31.5
0 0 0 0 0 0 0 0 0 0 0 0 0 0 0 0 0 0 0 0 0 0 0 0 0 0 1000 0 1000 0 0 -32.4
0 0 0 0 0 0 0 0 0 0 0 0 0 0 0 0 0 0 0 0 0 0 0 0 0 0 1000 0 1000 0 0 -33.3
0 0 0 0 0 0 0 0 0 0 0 0 0 0 0 0 0 0 0 0 0 0 0 0 0 0 1000 0 1000 0 0 -34.2
