50
0 0 0 0 0 0 0 19 1 0 0 0 956 0 0 0 0 0 0 0 0 0 0 0 0 0 24 0 1000 0 0 9.9
0 0 0 0 0 0 0 86 4 0 0 0 880 2 0 0 0 0 0 0 0 0 0 0 0 0 28 0 1000 0 0 9
0 0 0 0 0 0 0 16 0 0 0 0 983 1 0 0 0 0 0 0 0 0 0 0 0 0 0 0 1000 0 0 8.1
0 0 0 0 0 0 0 56 3 0 0 0 941 0 0 0 0 0 0 0 0 0 0 0 0 0 0 0 1000 0 0 7.2
0 0 0 0 0 0 0 106 2 0 0 0 888 2 0 0 0 0 0 0 0 0 0 0 0 0 2 0 1000 0 0 6.3
0 0 0 0 0 0 0 185 10 0 0 0 782 18 0 0 0 0 0 0 0 0 0 0 0 0 5 0 1000 0 0 5.4
0 0 0 0 0 0 1 258 15 0 0 0 691 24 0 0 0 0 0 0 0 0 0 0 0 0 11 0 1000 0 0 4.5
0 0 0 0 0 0 0 314 25 0 0 0 608 34 0 0 0 0 0 0 0 0 0 0 0 0 19 0 1000 0 0 3.6
0 0 0 0 0 0 0 296 33 0 0 1 614 47 0 0 0 0 0 0 0 0 0 0 0 0 9 0 1000 0 0 2.7
0 0 0 0 0 0 0 279 31 0 0 0 621 53 0 0 0 0 0 0 0 0 0 0 0 0 16 0 1000 0 0 1.8
0 0 0 0 0 0 0 292 31 0 0 1 602 44 0 0 0 0 0 0 0 0 0 0 0 0 30 0 1000 0 0 0.9
0 0 0 0 0 0 0 266 32 0 0 1 520 58 0 0 0 0 0 0 0 0 0 0 0 0 123 0 1000 0 0 0
0 0 0 1 0 0 0 212 32 0 0 2 413 41 0 0 0 0 0 0 0 0 0 0 0 0 299 0 1000 0 0 -0.9
0 0 0 0 0 0 1 169 27 0 0 0 293 42 0 0 0 0 0 0 0 0 0 0 0 0 468 0 1000 0 0 -1.8
0 0 0 0 0 0 1 128 21 0 0 0 234 27 0 0 0 0 0 0 0 0 0 0 0 0 589 0 1000 0 0 -2.7
0 0 0 0 0 0 0 73 21 0 0 0 173 22 0 0 0 0 0 0 0 0 0 0 0 0 711 0 1000 0 0 -3.6
0 0 0 0 0 0 1 69 13 0 0 0 110 21 0 0 0 0 0 0 0 0 0 0 0 0 786 0 1000 0 0 -4.5
0 0 0 0 0 0 0 41 5 0 0 1 87 8 0 0 0 0 0 0 0 0 0 0 0 0 858 0 1000 0 0 -5.4
0 0 0 0 0 0 0 43 4 0 0 0 46 9 0 0 0 0 0 0 0 0 0 0 0 0 898 0 1000 0 0 -6.3
0 0 0 0 0 0 0 18 4 0 0 0 31 6 0 0 0 0 0 0 0 0 0 0 0 0 941 0 1000 0 0 -7.2
0 0 0 0 0 0 0 23 3 0 0 0 16 3 0 0 0 0 0 0 0 0 0 0 0 0 955 0 1000 0 0 -8.1
0 0 0 0 0 0 0 11 1 0 0 0 13 4 0 0 0 0 0 0 0 0 0 0 0 0 971 0 1000 0 0 -9
0 0 0 0 0 0 0 4 1 0 0 0 13 1 0 0 0 0 0 0 0 0 0 0 0 0 981 0 1000 0 0 -9.9
0 0 0 0 0 0 0 3 1 0 0 0 4 0 0 0 0 0 0 0 0 0 0 0 0 0 992 0 1000 0 0 -10.8
0 0 0 0 0 0 0 1 0 0 0 0 1 1 0 0 0 0 0 0 0 0 0 0 0 0 997 0 1000 0 0 -11.7
0 0 0 0 0 0 0 0 0 0 0 0 1 0 0 0 0 0 0 0 0 0 0 0 0 0 999 0 1000 0 0 -12.6
0 0 0 0 0 0 0 2 0 0 0 0 3 0 0 0 0 0 0 0 0 0 0 0 0 0 995 0 1000 0 0 -13.5
0 0 0 0 0 0 0 1 0 0 0 0 0 0 0 0 0 0 0 0 0 0 0 0 0 0 999 0 1000 0 0 -14.4
0 0 0 0 0 0 0 1 0 0 0 0 0 0 0 0 0 0 0 0 0 0 0 0 0 0 999 0 1000 0 0 -15.3
0 0 0 0 0 0 0 1 0 0 0 0 0 0 0 0 0 0 0 0 0 0 0 0 0 0 999 0 1000 0 0 -16.2
0 0 0 0 0 0 0 0 0 0 0 0 0 0 0 0 0 0 0 0 0 0 0 0 0 0 1000 0 1000 0 0 -17.1
0 0 0 0 0 0 0 0 0 0 0 0 0 0 0 0 0 0 0 0 0 0 0 0 0 0 1000 0 1000 0 0 -18
0 0 0 0 0 0 0 0 0 0 0 0 0 0 0 0 0 0 0 0 0 0 0 0 0 0 1000 0 1000 0 0 -18.9
0 0 0 0 0 0 0 0 0 0 0 0 0 0 0 0 0 0 0 0 0 0 0 0 0 0 1000 0 1000 0 0 -19.8
0 0 0 0 0 0 0 0 0 0 0 0 0 0 0 0 0 0 0 0 0 0 0 0 0 0 1000 0 1000 0 0 -20.7
0 0 0 0 0 0 0 0 0 0 0 0 0 0 0 0 0 0 0 0 0 0 0 0 0 0 1000 0 1000 0 0 -21.6
0 0 0 0 0 0 0 0 0 0 0 0 0 0 0 0 0 0 0 0 0 0 0 0 0 0 1000 0 1000 0 0 -22.5
0 0 0 0 0 0 0 0 0 0 0 0 0 0 0 0 0 0 0 0 0 0 0 0 0 0 1000 0 1000 0 0 -23.4
0 0 0 0 0 0 0 0 0 0 0 0 0 0 0 0 0 0 0 0 0 0 0 0 0 0 1000 0 1000 0 0 -24.3
0 0 0 0 0 0 0 0 0 0 0 0 0 0 0 0 0 0 0 0 0 0 0 0 0 0 1000 0 1000 0 0 -25.2
0 0 0 0 0 0 0 0 0 0 0 0 0 0 0 0 0 0 0 0 0 0 0 0 0 0 1000 0 1000 0 0 -26.1
0 0 0 0 0 0 0 0 0 0 0 0 0 0 0 0 0 0 0 0 0 0 0 0 0 0 1000 0 1000 0 0 -27
0 0 0 0 0 0 0 0 0 0 0 0 0 0 0 0 0 0 0 0 0 0 0 0 0 0 1000 0 1000 0 0 -27.9
0 0 0 0 0 0 0 0 0 0 0 0 0 0 0 0 0 0 0 0 0 0 0 0 0 0 1000 0 1000 0 0 -28.8
0 0 0 0 0 0 0 0 0 0 0 0 0 0 0 0 0 0 0 0 0 0 0 0 0 0 1000 0 1000 0 0 -29.7
0 0 0 0 0 0 0 0 0 0 0 0 0 0 0 0 0 0 0 0 0 0 0 0 0 0 1000 0 1000 0 0 -30.6
0 0 0 0 0 0 0 0 0 0 0 0 0 0 0 0 0 0 0 0 0 0 0 0 0 0 1000 0 1000 0 0 -31.5
0 0 0 0 0 0 0 0 0 0 0 0 0 0 0 0 0 0 0 0 0 0 0 0 0 0 1000 0 1000 0 0 -32.4
0 0 0 0 0 0 0 0 0 0 0 0 0 0 0 0 0 0 0 0 0 0 0 0 0 0 1000 0 1000 0 0 -33.3
0 0 0 0 0 0 0 0 0 0 0 0 0 0 0 0 0 0 0 0 0 0 0 0 0 0 1000 0 1000 0 0 -34.2
