50
0 0 0 0 0 0 0 1 0 0 0 0 991 2 0 0 0 0 0 0 0 0 0 0 0 0 6 0 1000 0 0 9.9
0 0 0 0 0 0 0 1 0 0 0 0 967 20 0 0 0 0 0 0 0 0 0 0 0 0 12 0 1000 0 0 9
0 0 0 0 0 0 0 0 0 0 0 0 1000 0 0 0 0 0 0 0 0 0 0 0 0 0 0 0 1000 0 0 8.1
0 0 0 0 0 0 0 1 0 0 0 0 992 7 0 0 0 0 0 0 0 0 0 0 0 0 0 0 1000 0 0 7.2
0 0 0 0 0 0 0 14 6 0 0 0 930 50 0 0 0 0 0 0 0 0 0 0 0 0 0 0 1000 0 0 6.3
0 0 0 0 0 0 0 23 16 0 0 0 862 94 0 0 0 0 0 0 0 0 0 0 0 0 5 0 1000 0 0 5.4
0 0 0 0 0 0 0 49 25 0 0 0 762 150 0 0 0 0 0 0 0 0 0 0 0 0 14 0 1000 0 0 4.5
0 0 0 0 0 0 0 81 32 0 0 0 682 188 0 0 0 0 1 0 0 0 0 0 0 0 16 0 1000 0 0 3.6
0 0 0 0 0 0 0 78 46 0 0 0 654 201 0 0 0 0 0 0 0 0 0 0 0 0 21 0 1000 0 0 2.7
0 0 0 0 0 0 1 102 43 0 0 0 609 227 0 0 0 0 0 0 0 0 0 0 0 0 18 0 1000 0 0 1.8
0 0 0 0 0 0 0 89 44 0 0 0 608 228 0 0 0 0 0 0 0 0 0 0 0 0 31 0 1000 0 0 0.9
0 0 0 0 0 0 0 107 47 0 0 0 512 205 0 0 0 0 0 0 0 0 0 0 0 0 129 0 1000 0 0 0
0 0 0 0 0 0 0 74 54 0 0 0 390 194 0 0 0 3 0 0 0 0 0 0 0 0 285 0 1000 0 0 -0.9
0 0 0 0 0 0 0 68 37 0 0 0 314 147 0 0 0 0 0 0 0 0 0 0 0 0 434 0 1000 0 0 -1.8
0 0 0 0 0 0 0 55 35 0 0 0 197 109 0 0 0 0 1 0 0 0 0 0 0 0 603 0 1000 0 0 -2.7
0 0 0 0 0 0 0 34 22 0 0 0 150 68 0 0 0 3 0 0 0 0 0 0 0 0 723 0 1000 0 0 -3.6
0 0 0 0 0 0 0 29 14 0 0 0 110 61 0 0 0 0 0 0 0 0 0 0 0 0 786 0 1000 0 0 -4.5
0 0 0 0 0 0 0 20 7 0 0 0 73 35 0 0 0 0 0 0 0 0 0 0 0 0 865 0 1000 0 0 -5.4
0 0 0 0 0 0 0 11 8 0 0 1 53 31 0 0 0 0 0 0 0 0 0 0 0 0 896 0 1000 0 0 -6.3
0 0 0 0 0 0 0 8 6 0 0 0 28 15 0 0 0 0 0 0 0 0 0 0 0 0 943 0 1000 0 0 -7.2
0 0 0 0 0 0 0 2 2 0 0 0 22 18 0 0 0 0 0 0 0 0 0 0 0 0 956 0 1000 0 0 -8.1
0 0 0 0 0 0 0 2 4 0 0 0 15 4 0 0 0 0 0 0 0 0 0 0 0 0 975 0 1000 0 0 -9
0 0 0 0 0 0 0 2 0 0 0 0 3 3 0 0 0 0 0 0 0 0 0 0 0 0 992 0 1000 0 0 -9.9
0 0 0 0 0 0 0 2 1 0 0 0 5 3 0 0 0 0 0 0 0 0 0 0 0 0 989 0 1000 0 0 -10.8
0 0 0 0 0 0 0 1 0 0 0 0 1 1 0 0 0 0 0 0 0 0 0 0 0 0 997 0 1000 0 0 -11.7
0 0 0 0 0 0 0 0 0 0 0 0 1 4 0 0 0 0 0 0 0 0 0 0 0 0 995 0 1000 0 0 -12.6
0 0 0 0 0 0 0 1 0 0 0 0 1 0 0 0 0 0 0 0 0 0 0 0 0 0 998 0 1000 0 0 -13.5
0 0 0 0 0 0 0 0 1 0 0 0 0 0 0 0 0 0 0 0 0 0 0 0 0 0 999 0 1000 0 0 -14.4
0 0 0 0 0 0 0 0 0 0 0 0 0 0 0 0 0 0 0 0 0 0 0 0 0 0 1000 0 1000 0 0 -15.3
0 0 0 0 0 0 0 0 0 0 0 0 0 0 0 0 0 0 0 0 0 0 0 0 0 0 1000 0 1000 0 0 -16.2
0 0 0 0 0 0 0 0 0 0 0 0 1 0 0 0 0 0 0 0 0 0 0 0 0 0 999 0 1000 0 0 -17.1
0 0 0 0 0 0 0 0 0 0 0 0 0 0 0 0 0 0 0 0 0 0 0 0 0 0 1000 0 1000 0 0 -18
0 0 0 0 0 0 0 0 0 0 0 0 0 0 0 0 0 0 0 0 0 0 0 0 0 0 1000 0 1000 0 0 -18.9
0 0 0 0 0 0 0 0 0 0 0 0 0 0 0 0 0 0 0 0 0 0 0 0 0 0 1000 0 1000 0 0 -19.8
0 0 0 0 0 0 0 0 0 0 0 0 0 0 0 0 0 0 0 0 0 0 0 0 0 0 1000 0 1000 0 0 -20.7
0 0 0 0 0 0 0 0 0 0 0 0 0 0 0 0 0 0 0 0 0 0 0 0 0 0 1000 0 1000 0 0 -21.6
0 0 0 0 0 0 0 0 0 0 0 0 0 0 0 0 0 0 0 0 0 0 0 0 0 0 1000 0 1000 0 0 -22.5
0 0 0 0 0 0 0 0 0 0 0 0 0 0 0 0 0 0 0 0 0 0 0 0 0 0 1000 0 1000 0 0 -23.4
0 0 0 0 0 0 0 0 0 0 0 0 0 0 0 0 0 0 0 0 0 0 0 0 0 0 1000 0 1000 0 0 -24.3
0 0 0 0 0 0 0 0 0 0 0 0 0 0 0 0 0 0 0 0 0 0 0 0 0 0 1000 0 1000 0 0 -25.2
0 0 0 0 0 0 0 0 0 0 0 0 0 0 0 0 0 0 0 0 0 0 0 0 0 0 1000 0 1000 0 0 -26.1
0 0 0 0 0 0 0 0 0 0 0 0 0 0 0 0 0 0 0 0 0 0 0 0 0 0 1000 0 1000 0 0 -27
0 0 0 0 0 0 0 0 0 0 0 0 0 0 0 0 0 0 0 0 0 0 0 0 0 0 1000 0 1000 0 0 -27.9
0 0 0 0 0 0 0 0 0 0 0 0 0 0 0 0 0 0 0 0 0 0 0 0 0 0 1000 0 1000 0 0 -28.8
0 0 0 0 0 0 0 0 0 0 0 0 0 0 0 0 0 0 0 0 0 0 0 0 0 0 1000 0 1000 0 0 -29.7
0 0 0 0 0 0 0 0 0 0 0 0 0 0 0 0 0 0 0 0 0 0 0 0 0 0 1000 0 1000 0 0 -30.6
0 0 0 0 0 0 0 0 0 0 0 0 0 0 0 0 0 0 0 0 0 0 0 0 0 0 1000 0 1000 0 0 -31.5
0 0 0 0 0 0 0 0 0 0 0 0 0 0 0 0 0 0 0 0 0 0 0 0 0 0 1000 0 1000 0 0 -32.4
0 0 0 0 0 0 0 0 0 0 0 0 0 0 0 0 0 0 0 0 0 0 0 0 0 0 1000 0 1000 0 0 -33.3
0 0 0 0 0 0 0 0 0 0 0 0 0 0 0 0 0 0 0 0 0 0 0 0 0 0 1000 0 1000 0 0 -34.2
