50
0 0 0 0 0 0 0 0 1 0 0 0 87 80 0 0 0 0 0 0 0 0 0 0 0 0 832 0 1000 0 0 9.9
0 0 0 0 0 0 0 4 4 0 0 0 460 453 0 0 0 0 0 0 0 0 0 0 0 0 79 0 1000 0 0 9
0 0 0 0 0 0 0 8 6 0 0 0 521 464 0 0 0 0 0 0 0 0 0 0 0 0 1 0 1000 0 0 8.1
0 0 0 0 0 0 0 10 9 0 0 0 479 500 0 0 0 0 0 0 0 0 0 0 0 0 2 0 1000 0 0 7.2
0 0 0 0 0 0 0 15 18 0 0 0 480 485 0 0 0 0 0 0 0 0 0 0 0 0 2 0 1000 0 0 6.3
0 0 0 0 0 0 0 24 20 0 0 0 470 479 0 0 0 0 0 0 0 0 0 0 0 0 7 0 1000 0 0 5.4
0 0 0 0 0 0 0 34 36 0 0 0 443 468 0 0 0 0 0 0 0 0 0 0 0 0 19 0 1000 0 0 4.5
0 0 0 0 0 0 0 54 52 0 0 0 416 460 0 0 0 0 0 0 0 0 0 0 0 0 18 0 1000 0 0 3.6
0 0 0 0 0 0 0 53 55 0 0 0 444 434 0 0 0 0 0 0 0 0 0 0 0 0 14 0 1000 0 0 2.7
0 0 0 0 0 0 0 48 58 0 0 0 451 419 0 0 0 0 0 0 0 0 0 0 0 0 24 0 1000 0 0 1.8
0 0 0 0 0 0 0 56 50 0 0 0 431 437 0 0 0 0 0 0 0 0 0 0 0 0 26 0 1000 0 0 0.9
0 0 0 0 0 0 0 62 43 0 0 0 395 369 0 0 0 0 0 0 0 0 0 0 0 0 131 0 1000 0 0 0
0 0 0 0 0 0 0 39 44 0 0 0 305 306 0 0 0 0 1 0 0 0 0 0 0 0 305 0 1000 0 0 -0.9
0 0 0 0 0 0 0 43 33 0 0 0 233 244 0 0 0 0 0 0 0 0 0 0 0 0 447 0 1000 0 0 -1.8
0 0 0 0 0 0 0 42 39 0 0 0 183 153 0 0 0 0 1 0 0 0 0 0 0 0 582 0 1000 0 0 -2.7
0 0 0 0 0 0 0 26 35 0 0 0 128 124 0 0 0 1 0 0 0 0 0 0 0 0 686 0 1000 0 0 -3.6
0 0 0 0 0 0 0 18 17 0 0 0 90 90 0 0 0 1 2 0 0 0 0 0 0 0 782 0 1000 0 0 -4.5
0 0 0 0 0 0 1 18 11 0 0 0 68 71 0 0 0 0 1 0 0 0 0 0 0 0 830 0 1000 0 0 -5.4
0 0 0 0 0 0 0 7 8 0 0 0 33 34 0 0 0 0 0 0 0 0 0 0 0 0 918 0 1000 0 0 -6.3
0 0 0 0 0 0 0 5 11 0 0 0 19 29 0 0 0 0 0 0 0 0 0 0 0 0 936 0 1000 0 0 -7.2
0 0 0 0 0 0 0 2 7 0 0 0 19 13 0 0 0 0 0 0 0 0 0 0 0 0 959 0 1000 0 0 -8.1
0 0 0 0 0 0 0 3 1 0 0 0 13 8 0 0 0 0 0 0 0 0 0 0 0 0 975 0 1000 0 0 -9
0 0 0 0 0 0 0 1 0 0 0 0 6 6 0 0 0 0 0 0 0 0 0 0 0 0 987 0 1000 0 0 -9.9
0 0 0 0 0 0 0 0 0 0 0 0 3 2 0 0 0 0 0 0 0 0 0 0 0 0 995 0 1000 0 0 -10.8
0 0 0 0 0 0 0 2 0 0 0 0 1 2 0 0 0 0 0 0 0 0 0 0 0 0 995 0 1000 0 0 -11.7
0 0 0 0 0 0 0 0 0 0 0 0 1 2 0 0 0 0 0 0 0 0 0 0 0 0 997 0 1000 0 0 -12.6
0 0 0 0 0 0 0 1 0 0 0 0 0 0 0 0 0 0 0 0 0 0 0 0 0 0 999 0 1000 0 0 -13.5
0 0 0 0 0 0 0 0 1 0 0 0 0 0 0 0 0 0 0 0 0 0 0 0 0 0 999 0 1000 0 0 -14.4
0 0 0 0 0 0 0 0 0 0 0 0 0 0 0 0 0 0 0 0 0 0 0 0 0 0 1000 0 1000 0 0 -15.3
0 0 0 0 0 0 0 0 0 0 0 0 0 0 0 0 0 0 0 0 0 0 0 0 0 0 1000 0 1000 0 0 -16.2
0 0 0 0 0 0 0 0 0 0 0 0 0 0 0 0 0 0 0 0 0 0 0 0 0 0 1000 0 1000 0 0 -17.1
0 0 0 0 0 0 0 0 0 0 0 0 0 0 0 0 0 0 0 0 0 0 0 0 0 0 1000 0 1000 0 0 -18
0 0 0 0 0 0 0 0 0 0 0 0 0 0 0 0 0 0 0 0 0 0 0 0 0 0 1000 0 1000 0 0 -18.9
0 0 0 0 0 0 0 0 0 0 0 0 0 0 0 0 0 0 0 0 0 0 0 0 0 0 1000 0 1000 0 0 -19.8
0 0 0 0 0 0 0 0 0 0 0 0 0 0 0 0 0 0 0 0 0 0 0 0 0 0 1000 0 1000 0 0 -20.7
0 0 0 0 0 0 0 0 0 0 0 0 0 0 0 0 0 0 0 0 0 0 0 0 0 0 1000 0 1000 0 0 -21.6
0 0 0 0 0 0 0 0 0 0 0 0 0 0 0 0 0 0 0 0 0 0 0 0 0 0 1000 0 1000 0 0 -22.5
0 0 0 0 0 0 0 0 0 0 0 0 0 0 0 0 0 0 0 0 0 0 0 0 0 0 1000 0 1000 0 0 -23.4
0 0 0 0 0 0 0 0 0 0 0 0 0 0 0 0 0 0 0 0 0 0 0 0 0 0 1000 0 1000 0 0 -24.3
0 0 0 0 0 0 0 0 0 0 0 0 0 0 0 0 0 0 0 0 0 0 0 0 0 0 1000 0 1000 0 0 -25.2
0 0 0 0 0 0 0 0 0 0 0 0 0 0 0 0 0 0 0 0 0 0 0 0 0 0 1000 0 1000 0 0 -26.1
0 0 0 0 0 0 0 0 0 0 0 0 0 0 0 0 0 0 0 0 0 0 0 0 0 0 1000 0 1000 0 0 -27
0 0 0 0 0 0 0 0 0 0 0 0 0 0 0 0 0 0 0 0 0 0 0 0 0 0 1000 0 1000 0 0 -27.9
0 0 0 0 0 0 0 0 0 0 0 0 0 0 0 0 0 0 0 0 0 0 0 0 0 0 1000 0 1000 0 0 -28.8
0 0 0 0 0 0 0 0 0 0 0 0 0 0 0 0 0 0 0 0 0 0 0 0 0 0 1000 0 1000 0 0 -29.7
0 0 0 0 0 0 0 0 0 0 0 0 0 0 0 0 0 0 0 0 0 0 0 0 0 0 1000 0 1000 0 0 -30.6
0 0 0 0 0 0 0 0 0 0 0 0 0 0 0 0 0 0 0 0 0 0 0 0 0 0 1000 0 1000 0 0 -31.5
0 0 0 0 0 0 0 0 0 0 0 0 0 0 0 0 0 0 0 0 0 0 0 0 0 0 1000 0 1000 0 0 -32.4
0 0 0 0 0 0 0 0 0 0 0 0 0 0 0 0 0 0 0 0 0 0 0 0 0 0 1000 0 1000 0 0 -33.3
0 0 0 0 0 0 0 0 0 0 0 0 0 0 0 0 0 0 0 0 0 0 0 0 0 0 1000 0 1000 0 0 -34.2
