50
0 0 0 0 0 0 0 1 0 0 0 0 961 12 0 0 0 0 0 0 0 0 0 0 0 0 26 0 1000 0 0 9.9
0 0 0 0 0 0 0 4 2 0 0 0 869 95 0 0 0 0 0 0 0 0 0 0 0 0 30 0 1000 0 0 9
0 0 0 0 0 0 0 0 1 0 0 0 981 18 0 0 0 0 0 0 0 0 0 0 0 0 0 0 1000 0 0 8.1
0 0 0 0 0 0 0 5 5 0 0 0 935 54 0 0 0 0 0 0 0 0 0 0 0 0 1 0 1000 0 0 7.2
0 0 0 0 0 0 0 14 14 0 0 0 858 111 0 0 0 0 0 0 0 0 0 0 0 0 3 0 1000 0 0 6.3
0 0 0 0 0 0 0 42 23 0 0 0 728 201 0 0 0 0 0 0 0 0 0 0 0 0 6 0 1000 0 0 5.4
0 0 0 0 0 0 0 59 43 0 0 0 661 228 0 0 0 0 1 0 0 0 0 0 0 0 8 0 1000 0 0 4.5
0 0 0 0 0 0 0 61 44 0 0 0 629 249 0 0 0 0 0 0 0 0 0 0 0 0 17 0 1000 0 0 3.6
0 0 0 0 0 0 0 79 59 0 0 0 570 269 0 0 0 0 0 0 0 0 0 0 0 0 23 0 1000 0 0 2.7
0 0 0 0 0 0 0 87 61 0 0 0 575 263 0 0 0 0 0 0 0 0 0 0 0 0 14 0 1000 0 0 1.8
0 0 0 0 0 0 0 71 48 0 0 0 553 293 0 0 0 0 0 0 0 0 0 0 0 0 35 0 1000 0 0 0.9
0 0 0 0 0 0 0 70 45 0 0 0 481 254 0 0 0 0 0 0 0 0 0 0 0 0 150 0 1000 0 0 0
0 0 0 0 0 0 0 63 41 0 0 0 357 219 0 0 0 0 1 0 0 0 0 0 0 0 319 0 1000 0 0 -0.9
0 0 0 0 0 0 0 64 42 0 0 0 304 155 0 0 0 0 0 0 0 0 0 0 0 0 435 0 1000 0 0 -1.8
0 0 0 0 0 0 0 51 28 0 0 0 199 128 0 0 0 0 0 0 0 0 0 0 0 0 594 0 1000 0 0 -2.7
0 0 0 0 0 0 0 28 30 0 0 0 144 91 0 0 0 0 0 0 0 0 0 0 0 0 707 0 1000 0 0 -3.6
0 0 0 0 0 0 0 27 20 0 0 0 122 50 0 0 0 0 0 0 0 0 0 0 0 0 781 0 1000 0 0 -4.5
0 0 0 0 0 0 0 23 12 0 0 0 87 51 0 0 0 0 0 0 0 0 0 0 0 0 827 0 1000 0 0 -5.4
0 0 0 0 0 0 0 14 10 0 0 0 54 35 0 0 0 1 0 0 0 0 0 0 0 0 886 0 1000 0 0 -6.3
0 0 0 0 0 0 0 7 8 0 0 0 27 22 0 0 0 0 0 0 0 0 0 0 0 0 936 0 1000 0 0 -7.2
0 0 0 0 0 0 0 8 7 0 0 0 21 10 0 0 0 0 0 0 0 0 0 0 0 0 954 0 1000 0 0 -8.1
0 0 0 0 0 0 0 4 2 0 0 0 16 2 0 0 0 0 0 0 0 0 0 0 0 0 976 0 1000 0 0 -9
0 0 0 0 0 0 0 0 2 0 0 0 5 5 0 0 0 0 0 0 0 0 0 0 0 0 988 0 1000 0 0 -9.9
0 0 0 0 0 0 0 1 1 0 0 0 4 2 0 0 0 0 0 0 0 0 0 0 0 0 992 0 1000 0 0 -10.8
0 0 0 0 0 0 0 1 0 0 0 0 2 4 0 0 0 0 0 0 0 0 0 0 0 0 993 0 1000 0 0 -11.7
0 0 0 0 0 0 0 0 0 0 0 0 2 0 0 0 0 0 0 0 0 0 0 0 0 0 998 0 1000 0 0 -12.6
0 0 0 0 0 0 0 0 0 0 0 0 0 0 0 0 0 0 0 0 0 0 0 0 0 0 1000 0 1000 0 0 -13.5
0 0 0 0 0 0 0 0 0 0 0 0 1 0 0 0 0 0 0 0 0 0 0 0 0 0 999 0 1000 0 0 -14.4
0 0 0 0 0 0 0 0 1 0 0 0 0 0 0 0 0 0 0 0 0 0 0 0 0 0 999 0 1000 0 0 -15.3
0 0 0 0 0 0 0 0 0 0 0 0 0 0 0 0 0 0 0 0 0 0 0 0 0 0 1000 0 1000 0 0 -16.2
0 0 0 0 0 0 0 0 0 0 0 0 0 0 0 0 0 0 0 0 0 0 0 0 0 0 1000 0 1000 0 0 -17.1
0 0 0 0 0 0 0 0 0 0 0 0 0 0 0 0 0 0 0 0 0 0 0 0 0 0 1000 0 1000 0 0 -18
0 0 0 0 0 0 0 0 0 0 0 0 0 0 0 0 0 0 0 0 0 0 0 0 0 0 1000 0 1000 0 0 -18.9
0 0 0 0 0 0 0 0 0 0 0 0 0 0 0 0 0 0 0 0 0 0 0 0 0 0 1000 0 1000 0 0 -19.8
0 0 0 0 0 0 0 0 0 0 0 0 0 0 0 0 0 0 0 0 0 0 0 0 0 0 1000 0 1000 0 0 -20.7
0 0 0 0 0 0 0 0 0 0 0 0 0 0 0 0 0 0 0 0 0 0 0 0 0 0 1000 0 1000 0 0 -21.6
0 0 0 0 0 0 0 0 0 0 0 0 0 0 0 0 0 0 0 0 0 0 0 0 0 0 1000 0 1000 0 0 -22.5
0 0 0 0 0 0 0 0 0 0 0 0 0 0 0 0 0 0 0 0 0 0 0 0 0 0 1000 0 1000 0 0 -23.4
0 0 0 0 0 0 0 0 0 0 0 0 0 0 0 0 0 0 0 0 0 0 0 0 0 0 1000 0 1000 0 0 -24.3
0 0 0 0 0 0 0 0 0 0 0 0 0 0 0 0 0 0 0 0 0 0 0 0 0 0 1000 0 1000 0 0 -25.2
0 0 0 0 0 0 0 0 0 0 0 0 0 0 0 0 0 0 0 0 0 0 0 0 0 0 1000 0 1000 0 0 -26.1
0 0 0 0 0 0 0 0 0 0 0 0 0 0 0 0 0 0 0 0 0 0 0 0 0 0 1000 0 1000 0 0 -27
0 0 0 0 0 0 0 0 0 0 0 0 0 0 0 0 0 0 0 0 0 0 0 0 0 0 1000 0 1000 0 0 -27.9
0 0 0 0 0 0 0 0 0 0 0 0 0 0 0 0 0 0 0 0 0 0 0 0 0 0 1000 0 1000 0 0 -28.8
0 0 0 0 0 0 0 0 0 0 0 0 0 0 0 0 0 0 0 0 0 0 0 0 0 0 1000 0 1000 0 0 -29.7
0 0 0 0 0 0 0 0 0 0 0 0 0 0 0 0 0 0 0 0 0 0 0 0 0 0 1000 0 1000 0 0 -30.6
0 0 0 0 0 0 0 0 0 0 0 0 0 0 0 0 0 0 0 0 0 0 0 0 0 0 1000 0 1000 0 0 -31.5
0 0 0 0 0 0 0 0 0 0 0 0 0 0 0 0 0 0 0 0 0 0 0 0 0 0 1000 0 1000 0 0 -32.4
0 0 0 0 0 0 0 0 0 0 0 0 0 0 0 0 0 0 0 0 0 0 0 0 0 0 1000 0 1000 0 0 -33.3
0 0 0 0 0 0 0 0 0 0 0 0 0 0 0 0 0 0 0 0 0 0 0 0 0 0 1000 0 1000 0 0 -34.2
