50
0 0 0 0 0 0 0 0 0 0 0 0 536 21 0 0 0 0 0 0 0 0 0 0 0 0 443 0 1000 0 0 9.9
0 0 0 0 0 0 0 3 1 0 0 0 711 234 0 0 0 0 0 0 0 0 0 0 0 0 51 0 1000 0 0 9
0 0 0 0 0 0 0 5 6 0 0 0 813 173 0 0 0 0 0 0 0 0 0 0 0 0 3 0 1000 0 0 8.1
0 0 0 0 0 0 0 7 6 0 0 0 799 188 0 0 0 0 0 0 0 0 0 0 0 0 0 0 1000 0 0 7.2
0 0 0 0 0 0 0 13 9 0 0 0 729 242 0 0 0 0 0 0 0 0 0 0 0 0 7 0 1000 0 0 6.3
0 0 0 0 0 0 0 23 25 0 0 0 643 301 0 0 0 0 0 0 0 0 0 0 0 0 8 0 1000 0 0 5.4
0 0 0 0 0 0 0 41 27 0 0 0 587 336 0 0 0 0 0 0 0 0 0 0 0 0 9 0 1000 0 0 4.5
0 0 0 0 0 0 0 48 38 0 0 0 538 362 0 0 0 0 0 0 0 0 0 0 0 0 14 0 1000 0 0 3.6
0 0 0 0 0 0 0 70 47 0 0 0 523 343 0 0 0 0 0 0 0 0 0 0 0 0 17 0 1000 0 0 2.7
0 0 0 0 0 0 0 56 56 0 0 0 534 342 0 0 0 0 0 0 0 0 0 0 0 0 12 0 1000 0 0 1.8
0 0 0 0 0 0 1 56 45 0 0 0 501 360 0 0 0 0 0 0 0 0 0 0 0 0 37 0 1000 0 0 0.9
0 0 0 0 0 0 0 58 64 0 0 0 422 309 0 0 0 0 0 0 0 0 0 0 0 0 147 0 1000 0 0 0
0 0 0 0 0 0 0 53 43 0 0 0 325 243 0 0 0 0 1 0 0 0 0 0 0 0 335 0 1000 0 0 -0.9
0 0 0 0 0 0 0 49 33 0 0 0 270 218 0 0 0 0 0 0 0 0 0 0 0 0 430 0 1000 0 0 -1.8
0 0 0 0 0 0 0 33 30 0 0 0 199 133 0 0 0 0 1 0 0 0 0 0 0 0 604 0 1000 0 0 -2.7
0 0 0 0 0 0 0 32 24 0 0 0 141 108 0 0 0 0 0 0 0 0 0 0 0 0 695 0 1000 0 0 -3.6
0 0 0 0 0 0 0 21 26 0 0 0 100 80 0 0 0 1 1 0 0 0 0 0 0 0 771 0 1000 0 0 -4.5
0 0 0 0 0 0 0 30 11 0 0 0 60 49 0 0 0 1 0 0 0 0 0 0 0 0 849 0 1000 0 0 -5.4
0 0 0 0 0 0 0 12 5 0 0 0 48 32 0 0 0 0 0 0 0 0 0 0 0 0 903 0 1000 0 0 -6.3
0 0 0 0 0 0 0 5 3 0 0 0 26 25 0 0 0 0 0 0 0 0 0 0 0 0 941 0 1000 0 0 -7.2
0 0 0 0 0 0 0 6 3 0 0 0 14 12 0 0 0 0 0 0 0 0 0 0 0 0 965 0 1000 0 0 -8.1
0 0 0 0 0 0 0 5 4 0 0 0 8 5 0 0 0 0 0 0 0 0 0 0 0 0 978 0 1000 0 0 -9
0 0 0 0 0 0 0 2 1 0 0 0 12 6 0 0 0 0 0 0 0 0 0 0 0 0 979 0 1000 0 0 -9.9
0 0 0 0 0 0 0 3 1 0 0 0 3 4 0 0 0 0 0 0 0 0 0 0 0 0 989 0 1000 0 0 -10.8
0 0 0 0 0 0 0 2 0 0 0 0 0 1 0 0 0 0 0 0 0 0 0 0 0 0 997 0 1000 0 0 -11.7
0 0 0 0 0 0 0 1 0 0 0 0 0 0 0 0 0 0 0 0 0 0 0 0 0 0 999 0 1000 0 0 -12.6
0 0 0 0 0 0 0 0 0 0 0 0 2 0 0 0 0 0 0 0 0 0 0 0 0 0 998 0 1000 0 0 -13.5
0 0 0 0 0 0 0 0 0 0 0 0 0 0 0 0 0 0 0 0 0 0 0 0 0 0 1000 0 1000 0 0 -14.4
0 0 0 0 0 0 0 0 0 0 0 0 0 0 0 0 0 0 0 0 0 0 0 0 0 0 1000 0 1000 0 0 -15.3
0 0 0 0 0 0 0 0 0 0 0 0 0 0 0 0 0 0 0 0 0 0 0 0 0 0 1000 0 1000 0 0 -16.2
0 0 0 0 0 0 0 0 0 0 0 0 0 0 0 0 0 0 0 0 0 0 0 0 0 0 1000 0 1000 0 0 -17.1
0 0 0 0 0 0 0 0 0 0 0 0 0 0 0 0 0 0 0 0 0 0 0 0 0 0 1000 0 1000 0 0 -18
0 0 0 0 0 0 0 0 0 0 0 0 0 0 0 0 0 0 0 0 0 0 0 0 0 0 1000 0 1000 0 0 -18.9
0 0 0 0 0 0 0 0 0 0 0 0 0 0 0 0 0 0 0 0 0 0 0 0 0 0 1000 0 1000 0 0 -19.8
0 0 0 0 0 0 0 0 0 0 0 0 0 0 0 0 0 0 0 0 0 0 0 0 0 0 1000 0 1000 0 0 -20.7
0 0 0 0 0 0 0 0 0 0 0 0 0 0 0 0 0 0 0 0 0 0 0 0 0 0 1000 0 1000 0 0 -21.6
0 0 0 0 0 0 0 0 0 0 0 0 0 0 0 0 0 0 0 0 0 0 0 0 0 0 1000 0 1000 0 0 -22.5
0 0 0 0 0 0 0 0 0 0 0 0 0 0 0 0 0 0 0 0 0 0 0 0 0 0 1000 0 1000 0 0 -23.4
0 0 0 0 0 0 0 0 0 0 0 0 0 0 0 0 0 0 0 0 0 0 0 0 0 0 1000 0 1000 0 0 -24.3
0 0 0 0 0 0 0 0 0 0 0 0 0 0 0 0 0 0 0 0 0 0 0 0 0 0 1000 0 1000 0 0 -25.2
0 0 0 0 0 0 0 0 0 0 0 0 0 0 0 0 0 0 0 0 0 0 0 0 0 0 1000 0 1000 0 0 -26.1
0 0 0 0 0 0 0 0 0 0 0 0 0 0 0 0 0 0 0 0 0 0 0 0 0 0 1000 0 1000 0 0 -27
0 0 0 0 0 0 0 0 0 0 0 0 0 0 0 0 0 0 0 0 0 0 0 0 0 0 1000 0 1000 0 0 -27.9
0 0 0 0 0 0 0 0 0 0 0 0 0 0 0 0 0 0 0 0 0 0 0 0 0 0 1000 0 1000 0 0 -28.8
0 0 0 0 0 0 0 0 0 0 0 0 0 0 0 0 0 0 0 0 0 0 0 0 0 0 1000 0 1000 0 0 -29.7
0 0 0 0 0 0 0 0 0 0 0 0 0 0 0 0 0 0 0 0 0 0 0 0 0 0 1000 0 1000 0 0 -30.6
0 0 0 0 0 0 0 0 0 0 0 0 0 0 0 0 0 0 0 0 0 0 0 0 0 0 1000 0 1000 0 0 -31.5
0 0 0 0 0 0 0 0 0 0 0 0 0 0 0 0 0 0 0 0 0 0 0 0 0 0 1000 0 1000 0 0 -32.4
0 0 0 0 0 0 0 0 0 0 0 0 0 0 0 0 0 0 0 0 0 0 0 0 0 0 1000 0 1000 0 0 -33.3
0 0 0 0 0 0 0 0 0 0 0 0 0 0 0 0 0 0 0 0 0 0 0 0 0 0 1000 0 1000 0 0 -34.2
