50
0 0 0 0 0 0 0 0 0 0 0 0 1000 0 0 0 0 0 0 0 0 0 0 0 0 0 0 0 1000 0 0 9.9
0 0 0 0 0 0 0 0 0 0 0 0 1000 0 0 0 0 0 0 0 0 0 0 0 0 0 0 0 1000 0 0 9
0 0 0 0 0 0 0 0 0 0 0 0 1000 0 0 0 0 0 0 0 0 0 0 0 0 0 0 0 1000 0 0 8.1
0 0 0 0 0 0 0 0 0 0 0 0 1000 0 0 0 0 0 0 0 0 0 0 0 0 0 0 0 1000 0 0 7.2
0 0 0 0 0 0 0 0 0 0 0 0 1000 0 0 0 0 0 0 0 0 0 0 0 0 0 0 0 1000 0 0 6.3
0 0 0 0 0 0 0 0 0 0 0 0 1000 0 0 0 0 0 0 0 0 0 0 0 0 0 0 0 1000 0 0 5.4
0 0 0 0 0 0 0 0 0 0 0 0 1000 0 0 0 0 0 0 0 0 0 0 0 0 0 0 0 1000 0 0 4.5
0 0 0 0 0 0 0 0 0 0 0 0 1000 0 0 0 0 0 0 0 0 0 0 0 0 0 0 0 1000 0 0 3.6
0 0 0 0 0 0 0 0 0 0 0 0 1000 0 0 0 0 0 0 0 0 0 0 0 0 0 0 0 1000 0 0 2.7
0 0 0 0 0 0 1 4 0 0 0 1 993 0 0 0 0 0 0 0 0 0 0 0 0 0 1 0 1000 0 0 1.8
0 0 0 0 0 0 1 5 0 0 0 2 987 1 0 0 0 0 0 0 0 0 0 0 0 0 4 0 1000 0 0 0.9
0 0 0 0 0 0 0 14 0 0 0 8 857 5 0 0 0 1 0 0 0 0 0 0 0 0 115 0 1000 0 0 0
0 0 0 0 0 0 1 26 1 0 0 10 674 2 0 0 0 2 1 0 0 0 0 0 0 0 283 0 1000 0 0 -0.9
0 0 0 0 0 0 3 21 0 0 0 7 522 5 0 0 0 1 0 0 0 0 0 0 0 0 441 0 1000 0 0 -1.8
0 0 0 0 0 0 0 16 2 0 0 5 392 3 0 0 0 4 0 0 0 0 0 0 0 0 578 0 1000 0 0 -2.7
0 0 0 0 0 0 1 19 1 0 0 8 267 4 0 0 1 3 0 0 0 0 0 0 0 0 696 0 1000 0 0 -3.6
0 0 0 0 0 0 1 13 0 0 0 5 192 2 0 0 0 0 0 0 0 0 0 0 0 0 787 0 1000 0 0 -4.5
0 0 0 0 0 0 0 21 0 0 0 3 156 7 0 0 0 2 0 0 0 0 0 0 0 0 811 0 1000 0 0 -5.4
0 0 0 0 0 0 0 9 1 0 0 0 90 2 0 0 0 4 0 0 0 0 0 0 0 0 894 0 1000 0 0 -6.3
0 0 0 0 0 0 0 5 0 0 0 3 50 1 0 0 0 1 0 0 0 0 0 0 0 0 940 0 1000 0 0 -7.2
0 0 0 0 0 0 0 4 0 0 0 1 37 0 0 0 0 0 0 0 0 0 0 0 0 0 958 0 1000 0 0 -8.1
0 0 0 0 0 0 0 1 0 0 0 0 15 1 0 0 0 0 0 0 0 0 0 0 0 0 983 0 1000 0 0 -9
0 0 0 0 0 0 0 2 0 0 0 1 8 0 0 0 0 0 0 0 0 0 0 0 0 0 989 0 1000 0 0 -9.9
0 0 0 0 0 0 0 2 0 0 0 0 9 1 0 0 0 0 0 0 0 0 0 0 0 0 988 0 1000 0 0 -10.8
0 0 0 0 0 0 0 0 0 0 0 0 5 0 0 0 0 0 0 0 0 0 0 0 0 0 995 0 1000 0 0 -11.7
0 0 0 0 0 0 0 0 0 0 0 0 2 0 0 0 0 0 0 0 0 0 0 0 0 0 998 0 1000 0 0 -12.6
0 0 0 0 0 0 0 0 0 0 0 0 0 0 0 0 0 0 0 0 0 0 0 0 0 0 1000 0 1000 0 0 -13.5
0 0 0 0 0 0 0 0 0 0 0 0 0 0 0 0 0 0 0 0 0 0 0 0 0 0 1000 0 1000 0 0 -14.4
0 0 0 0 0 0 0 0 0 0 0 0 1 0 0 0 0 0 0 0 0 0 0 0 0 0 999 0 1000 0 0 -15.3
0 0 0 0 0 0 0 0 0 0 0 1 0 0 0 0 0 0 0 0 0 0 0 0 0 0 999 0 1000 0 0 -16.2
0 0 0 0 0 0 0 0 0 0 0 0 0 0 0 0 0 0 0 0 0 0 0 0 0 0 1000 0 1000 0 0 -17.1
0 0 0 0 0 0 0 0 0 0 0 0 0 0 0 0 0 0 0 0 0 0 0 0 0 0 1000 0 1000 0 0 -18
0 0 0 0 0 0 0 0 0 0 0 0 0 0 0 0 0 0 0 0 0 0 0 0 0 0 1000 0 1000 0 0 -18.9
0 0 0 0 0 0 0 0 0 0 0 0 0 0 0 0 0 0 0 0 0 0 0 0 0 0 1000 0 1000 0 0 -19.8
0 0 0 0 0 0 0 0 0 0 0 0 0 0 0 0 0 0 0 0 0 0 0 0 0 0 1000 0 1000 0 0 -20.7
0 0 0 0 0 0 0 0 0 0 0 0 0 0 0 0 0 0 0 0 0 0 0 0 0 0 1000 0 1000 0 0 -21.6
0 0 0 0 0 0 0 0 0 0 0 0 0 0 0 0 0 0 0 0 0 0 0 0 0 0 1000 0 1000 0 0 -22.5
0 0 0 0 0 0 0 0 0 0 0 0 0 0 0 0 0 0 0 0 0 0 0 0 0 0 1000 0 1000 0 0 -23.4
0 0 0 0 0 0 0 0 0 0 0 0 0 0 0 0 0 0 0 0 0 0 0 0 0 0 1000 0 1000 0 0 -24.3
0 0 0 0 0 0 0 0 0 0 0 0 0 0 0 0 0 0 0 0 0 0 0 0 0 0 1000 0 1000 0 0 -25.2
0 0 0 0 0 0 0 0 0 0 0 0 0 0 0 0 0 0 0 0 0 0 0 0 0 0 1000 0 1000 0 0 -26.1
0 0 0 0 0 0 0 0 0 0 0 0 0 0 0 0 0 0 0 0 0 0 0 0 0 0 1000 0 1000 0 0 -27
0 0 0 0 0 0 0 0 0 0 0 0 0 0 0 0 0 0 0 0 0 0 0 0 0 0 1000 0 1000 0 0 -27.9
0 0 0 0 0 0 0 0 0 0 0 0 0 0 0 0 0 0 0 0 0 0 0 0 0 0 1000 0 1000 0 0 -28.8
0 0 0 0 0 0 0 0 0 0 0 0 0 0 0 0 0 0 0 0 0 0 0 0 0 0 1000 0 1000 0 0 -29.7
0 0 0 0 0 0 0 0 0 0 0 0 0 0 0 0 0 0 0 0 0 0 0 0 0 0 1000 0 1000 0 0 -30.6
0 0 0 0 0 0 0 0 0 0 0 0 0 0 0 0 0 0 0 0 0 0 0 0 0 0 1000 0 1000 0 0 -31.5
0 0 0 0 0 0 0 0 0 0 0 0 0 0 0 0 0 0 0 0 0 0 0 0 0 0 1000 0 1000 0 0 -32.4
0 0 0 0 0 0 0 0 0 0 0 0 0 0 0 0 0 0 0 0 0 0 0 0 0 0 1000 0 1000 0 0 -33.3
0 0 0 0 0 0 0 0 0 0 0 0 0 0 0 0 0 0 0 0 0 0 0 0 0 0 1000 0 1000 0 0 -34.2
