50
0 0 0 0 0 0 0 16 0 0 0 0 964 0 0 0 0 0 0 0 0 0 0 0 0 0 20 0 1000 0 0 9.9
0 0 0 0 0 0 0 82 0 0 0 0 888 0 0 0 0 0 0 0 0 0 0 0 0 0 30 0 1000 0 0 9
0 0 0 0 0 0 0 9 0 0 0 0 991 0 0 0 0 0 0 0 0 0 0 0 0 0 0 0 1000 0 0 8.1
0 0 0 0 0 0 0 29 0 0 0 0 971 0 0 0 0 0 0 0 0 0 0 0 0 0 0 0 1000 0 0 7.2
0 0 0 0 0 0 0 83 1 0 0 0 915 1 0 0 0 0 0 0 0 0 0 0 0 0 0 0 1000 0 0 6.3
0 0 0 0 0 0 0 152 4 0 0 0 842 1 0 0 0 0 0 0 0 0 0 0 0 0 1 0 1000 0 0 5.4
0 0 0 0 0 0 1 198 2 0 0 0 794 2 0 0 0 0 0 0 0 0 0 0 0 0 3 0 1000 0 0 4.5
0 0 0 0 0 0 1 256 12 0 0 0 708 11 0 0 0 0 0 0 0 0 0 0 0 0 12 0 1000 0 0 3.6
0 0 0 0 0 0 0 271 10 0 0 2 699 10 0 0 0 0 0 0 0 0 0 0 0 0 8 0 1000 0 0 2.7
0 0 0 0 0 0 2 340 7 0 0 5 627 11 0 0 0 0 0 0 0 0 0 0 0 0 8 0 1000 0 0 1.8
0 0 0 0 0 0 0 320 10 0 0 2 641 13 0 0 0 0 0 0 0 0 0 0 0 0 14 0 1000 0 0 0.9
0 0 0 0 0 0 1 299 10 0 0 0 546 16 0 0 0 0 0 0 0 0 0 0 0 0 128 0 1000 0 0 0
0 0 0 0 0 0 4 235 13 0 0 2 403 14 0 0 0 0 0 0 0 0 0 0 0 0 329 0 1000 0 0 -0.9
0 0 0 0 0 0 0 190 16 0 0 2 322 13 0 0 0 0 0 0 0 0 0 0 0 0 457 0 1000 0 0 -1.8
0 0 0 0 0 0 2 161 9 0 0 3 222 20 0 0 0 0 0 0 0 0 0 0 0 0 583 0 1000 0 0 -2.7
0 0 0 0 0 0 3 102 6 0 0 0 180 12 0 0 0 0 0 0 0 0 0 0 0 0 697 0 1000 0 0 -3.6
0 0 0 0 0 0 2 83 4 0 0 2 129 12 0 0 0 0 0 0 0 0 0 0 0 0 768 0 1000 0 0 -4.5
0 0 0 0 0 0 1 58 6 0 0 4 83 4 0 0 0 0 0 0 0 0 0 0 0 0 844 0 1000 0 0 -5.4
0 0 0 0 0 0 0 32 3 0 0 4 64 3 0 0 0 0 0 0 0 0 0 0 0 0 894 0 1000 0 0 -6.3
0 0 0 0 0 0 1 15 0 0 0 0 41 3 0 0 0 0 0 0 0 0 0 0 0 0 940 0 1000 0 0 -7.2
0 0 0 0 0 0 0 16 2 0 0 0 28 3 0 0 0 0 0 0 0 0 0 0 0 0 951 0 1000 0 0 -8.1
0 0 0 0 0 0 0 9 1 0 0 1 16 0 0 0 0 0 0 0 0 0 0 0 0 0 973 0 1000 0 0 -9
0 0 0 0 0 0 0 3 0 0 0 0 9 0 0 0 0 0 0 0 0 0 0 0 0 0 988 0 1000 0 0 -9.9
0 0 0 0 0 0 0 6 0 0 0 0 1 1 0 0 0 0 0 0 0 0 0 0 0 0 992 0 1000 0 0 -10.8
0 0 0 0 0 0 0 1 0 0 0 0 5 0 0 0 0 0 0 0 0 0 0 0 0 0 994 0 1000 0 0 -11.7
0 0 0 0 0 0 0 1 0 0 0 0 0 0 0 0 0 0 0 0 0 0 0 0 0 0 999 0 1000 0 0 -12.6
0 0 0 0 0 0 0 1 0 0 0 0 2 0 0 0 0 0 0 0 0 0 0 0 0 0 997 0 1000 0 0 -13.5
0 0 0 0 0 0 0 1 0 0 0 0 0 0 0 0 0 0 0 0 0 0 0 0 0 0 999 0 1000 0 0 -14.4
0 0 0 0 0 0 0 0 0 0 0 0 0 0 0 0 0 0 0 0 0 0 0 0 0 0 1000 0 1000 0 0 -15.3
0 0 0 0 0 0 0 0 0 0 0 0 0 0 0 0 0 0 0 0 0 0 0 0 0 0 1000 0 1000 0 0 -16.2
0 0 0 0 0 0 0 0 0 0 0 0 1 0 0 0 0 0 0 0 0 0 0 0 0 0 999 0 1000 0 0 -17.1
0 0 0 0 0 0 0 0 0 0 0 0 0 0 0 0 0 0 0 0 0 0 0 0 0 0 1000 0 1000 0 0 -18
0 0 0 0 0 0 0 0 0 0 0 0 0 0 0 0 0 0 0 0 0 0 0 0 0 0 1000 0 1000 0 0 -18.9
0 0 0 0 0 0 0 0 0 0 0 0 0 0 0 0 0 0 0 0 0 0 0 0 0 0 1000 0 1000 0 0 -19.8
0 0 0 0 0 0 0 0 0 0 0 0 0 0 0 0 0 0 0 0 0 0 0 0 0 0 1000 0 1000 0 0 -20.7
0 0 0 0 0 0 0 0 0 0 0 0 0 0 0 0 0 0 0 0 0 0 0 0 0 0 1000 0 1000 0 0 -21.6
0 0 0 0 0 0 0 0 0 0 0 0 0 0 0 0 0 0 0 0 0 0 0 0 0 0 1000 0 1000 0 0 -22.5
0 0 0 0 0 0 0 0 0 0 0 0 0 0 0 0 0 0 0 0 0 0 0 0 0 0 1000 0 1000 0 0 -23.4
0 0 0 0 0 0 0 0 0 0 0 0 0 0 0 0 0 0 0 0 0 0 0 0 0 0 1000 0 1000 0 0 -24.3
0 0 0 0 0 0 0 0 0 0 0 0 0 0 0 0 0 0 0 0 0 0 0 0 0 0 1000 0 1000 0 0 -25.2
0 0 0 0 0 0 0 0 0 0 0 0 0 0 0 0 0 0 0 0 0 0 0 0 0 0 1000 0 1000 0 0 -26.1
0 0 0 0 0 0 0 0 0 0 0 0 0 0 0 0 0 0 0 0 0 0 0 0 0 0 1000 0 1000 0 0 -27
0 0 0 0 0 0 0 0 0 0 0 0 0 0 0 0 0 0 0 0 0 0 0 0 0 0 1000 0 1000 0 0 -27.9
0 0 0 0 0 0 0 0 0 0 0 0 0 0 0 0 0 0 0 0 0 0 0 0 0 0 1000 0 1000 0 0 -28.8
0 0 0 0 0 0 0 0 0 0 0 0 0 0 0 0 0 0 0 0 0 0 0 0 0 0 1000 0 1000 0 0 -29.7
0 0 0 0 0 0 0 0 0 0 0 0 0 0 0 0 0 0 0 0 0 0 0 0 0 0 1000 0 1000 0 0 -30.6
0 0 0 0 0 0 0 0 0 0 0 0 0 0 0 0 0 0 0 0 0 0 0 0 0 0 1000 0 1000 0 0 -31.5
0 0 0 0 0 0 0 0 0 0 0 0 0 0 0 0 0 0 0 0 0 0 0 0 0 0 1000 0 1000 0 0 -32.4
0 0 0 0 0 0 0 0 0 0 0 0 0 0 0 0 0 0 0 0 0 0 0 0 0 0 1000 0 1000 0 0 -33.3
0 0 0 0 0 0 0 0 0 0 0 0 0 0 0 0 0 0 0 0 0 0 0 0 0 0 1000 0 1000 0 0 -34.2
