50
0 0 0 0 0 0 0 31 0 0 0 0 535 2 0 0 0 0 0 0 0 0 0 0 0 0 432 0 1000 0 0 9.9
0 0 0 0 0 0 0 215 11 0 0 0 698 14 0 0 0 0 0 0 0 0 0 0 0 0 62 0 1000 0 0 9
0 0 0 0 0 0 0 174 10 0 0 0 800 14 0 0 0 0 0 0 0 0 0 0 0 0 2 0 1000 0 0 8.1
0 0 0 0 0 0 0 204 20 0 0 0 747 26 0 0 0 0 0 0 0 0 0 0 0 0 3 0 1000 0 0 7.2
0 0 0 0 0 0 0 283 34 0 0 0 639 37 0 0 0 0 0 0 0 0 0 0 0 0 7 0 1000 0 0 6.3
0 0 0 0 0 0 0 313 42 0 0 0 578 56 0 0 0 0 0 0 0 0 0 0 0 0 11 0 1000 0 0 5.4
0 0 0 0 0 0 0 308 52 0 0 0 530 91 0 0 0 0 0 0 0 0 0 0 0 0 19 0 1000 0 0 4.5
0 0 0 0 0 0 0 304 80 0 0 0 507 80 0 0 0 0 0 0 0 0 0 0 0 0 29 0 1000 0 0 3.6
0 0 0 0 0 0 0 356 79 0 0 0 457 87 0 0 0 0 0 0 0 0 0 0 0 0 21 0 1000 0 0 2.7
0 0 0 0 0 0 0 327 91 0 0 0 452 107 0 0 0 0 0 0 0 0 0 0 0 0 23 0 1000 0 0 1.8
0 0 0 0 0 0 0 336 77 0 0 0 449 91 0 0 0 0 0 0 0 0 0 0 0 0 47 0 1000 0 0 0.9
0 0 0 0 0 0 1 303 75 0 0 0 390 88 0 0 0 0 0 0 0 0 0 0 0 0 143 0 1000 0 0 0
0 0 0 0 0 0 0 198 76 0 0 0 302 98 0 0 0 0 0 0 0 0 0 0 0 0 326 0 1000 0 0 -0.9
0 0 0 0 0 0 1 200 56 0 0 0 243 72 0 0 0 0 0 0 0 0 0 0 0 0 428 0 1000 0 0 -1.8
0 0 0 0 0 0 0 139 47 0 0 1 171 50 0 0 0 0 0 0 0 0 0 0 0 0 592 0 1000 0 0 -2.7
0 0 0 0 0 0 0 97 36 0 0 0 124 46 0 0 0 0 0 0 0 0 0 0 0 0 697 0 1000 0 0 -3.6
0 0 0 0 0 0 0 62 24 0 0 0 76 30 0 0 0 0 1 0 0 0 0 0 0 0 807 0 1000 0 0 -4.5
0 0 0 0 0 0 0 46 15 0 0 0 62 20 0 0 0 0 0 0 0 0 0 0 0 0 857 0 1000 0 0 -5.4
0 0 0 0 0 0 0 31 4 0 0 0 43 12 0 0 0 0 0 0 0 0 0 0 0 0 910 0 1000 0 0 -6.3
0 0 0 0 0 0 0 20 9 0 0 0 27 7 0 0 0 0 0 0 0 0 0 0 0 0 937 0 1000 0 0 -7.2
0 0 0 0 0 0 0 12 8 0 0 0 16 3 0 0 0 0 0 0 0 0 0 0 0 0 961 0 1000 0 0 -8.1
0 0 0 0 0 0 0 8 6 0 0 0 14 3 0 0 0 0 0 0 0 0 0 0 0 0 969 0 1000 0 0 -9
0 0 0 0 0 0 0 9 1 0 0 0 10 3 0 0 0 0 0 0 0 0 0 0 0 0 977 0 1000 0 0 -9.9
0 0 0 0 0 0 0 2 0 0 0 0 7 0 0 0 0 0 0 0 0 0 0 0 0 0 991 0 1000 0 0 -10.8
0 0 0 0 0 0 0 0 0 0 0 0 3 2 0 0 0 0 0 0 0 0 0 0 0 0 995 0 1000 0 0 -11.7
0 0 0 0 0 0 0 0 1 0 0 0 2 1 0 0 0 0 0 0 0 0 0 0 0 0 996 0 1000 0 0 -12.6
0 0 0 0 0 0 0 0 0 0 0 0 1 0 0 0 0 0 0 0 0 0 0 0 0 0 999 0 1000 0 0 -13.5
0 0 0 0 0 0 0 0 0 0 0 0 0 0 0 0 0 0 0 0 0 0 0 0 0 0 1000 0 1000 0 0 -14.4
0 0 0 0 0 0 0 0 0 0 0 0 0 0 0 0 0 0 0 0 0 0 0 0 0 0 1000 0 1000 0 0 -15.3
0 0 0 0 0 0 0 0 0 0 0 0 0 0 0 0 0 0 0 0 0 0 0 0 0 0 1000 0 1000 0 0 -16.2
0 0 0 0 0 0 0 0 0 0 0 0 0 0 0 0 0 0 0 0 0 0 0 0 0 0 1000 0 1000 0 0 -17.1
0 0 0 0 0 0 0 0 0 0 0 0 0 0 0 0 0 0 0 0 0 0 0 0 0 0 1000 0 1000 0 0 -18
0 0 0 0 0 0 0 0 0 0 0 0 0 0 0 0 0 0 0 0 0 0 0 0 0 0 1000 0 1000 0 0 -18.9
0 0 0 0 0 0 0 0 0 0 0 0 0 0 0 0 0 0 0 0 0 0 0 0 0 0 1000 0 1000 0 0 -19.8
0 0 0 0 0 0 0 0 0 0 0 0 0 0 0 0 0 0 0 0 0 0 0 0 0 0 1000 0 1000 0 0 -20.7
0 0 0 0 0 0 0 0 0 0 0 0 0 0 0 0 0 0 0 0 0 0 0 0 0 0 1000 0 1000 0 0 -21.6
0 0 0 0 0 0 0 0 0 0 0 0 0 0 0 0 0 0 0 0 0 0 0 0 0 0 1000 0 1000 0 0 -22.5
0 0 0 0 0 0 0 0 0 0 0 0 0 0 0 0 0 0 0 0 0 0 0 0 0 0 1000 0 1000 0 0 -23.4
0 0 0 0 0 0 0 0 0 0 0 0 0 0 0 0 0 0 0 0 0 0 0 0 0 0 1000 0 1000 0 0 -24.3
0 0 0 0 0 0 0 0 0 0 0 0 0 0 0 0 0 0 0 0 0 0 0 0 0 0 1000 0 1000 0 0 -25.2
0 0 0 0 0 0 0 0 0 0 0 0 0 0 0 0 0 0 0 0 0 0 0 0 0 0 1000 0 1000 0 0 -26.1
0 0 0 0 0 0 0 0 0 0 0 0 0 0 0 0 0 0 0 0 0 0 0 0 0 0 1000 0 1000 0 0 -27
0 0 0 0 0 0 0 0 0 0 0 0 0 0 0 0 0 0 0 0 0 0 0 0 0 0 1000 0 1000 0 0 -27.9
0 0 0 0 0 0 0 0 0 0 0 0 0 0 0 0 0 0 0 0 0 0 0 0 0 0 1000 0 1000 0 0 -28.8
0 0 0 0 0 0 0 0 0 0 0 0 0 0 0 0 0 0 0 0 0 0 0 0 0 0 1000 0 1000 0 0 -29.7
0 0 0 0 0 0 0 0 0 0 0 0 0 0 0 0 0 0 0 0 0 0 0 0 0 0 1000 0 1000 0 0 -30.6
0 0 0 0 0 0 0 0 0 0 0 0 0 0 0 0 0 0 0 0 0 0 0 0 0 0 1000 0 1000 0 0 -31.5
0 0 0 0 0 0 0 0 0 0 0 0 0 0 0 0 0 0 0 0 0 0 0 0 0 0 1000 0 1000 0 0 -32.4
0 0 0 0 0 0 0 0 0 0 0 0 0 0 0 0 0 0 0 0 0 0 0 0 0 0 1000 0 1000 0 0 -33.3
0 0 0 0 0 0 0 0 0 0 0 0 0 0 0 0 0 0 0 0 0 0 0 0 0 0 1000 0 1000 0 0 -34.2
