50
0 0 0 0 0 0 0 0 0 0 0 0 1000 0 0 0 0 0 0 0 0 0 0 0 0 0 0 0 1000 0 0 9.9
0 0 0 0 0 0 0 0 0 0 0 0 999 1 0 0 0 0 0 0 0 0 0 0 0 0 0 0 1000 0 0 9
0 0 0 0 0 0 0 0 0 0 0 0 1000 0 0 0 0 0 0 0 0 0 0 0 0 0 0 0 1000 0 0 8.1
0 0 0 0 0 0 0 0 0 0 0 0 1000 0 0 0 0 0 0 0 0 0 0 0 0 0 0 0 1000 0 0 7.2
0 0 0 0 0 0 0 0 0 0 0 0 1000 0 0 0 0 0 0 0 0 0 0 0 0 0 0 0 1000 0 0 6.3
0 0 0 0 0 0 0 0 0 0 0 0 998 2 0 0 0 0 0 0 0 0 0 0 0 0 0 0 1000 0 0 5.4
0 0 0 0 0 0 0 1 0 0 0 0 983 16 0 0 0 0 0 0 0 0 0 0 0 0 0 0 1000 0 0 4.5
0 0 0 0 0 0 0 5 3 0 0 0 953 38 0 0 0 0 0 0 0 0 0 0 0 0 1 0 1000 0 0 3.6
0 0 0 0 0 0 0 8 0 0 0 0 924 64 0 0 0 0 0 0 0 0 0 0 0 0 4 0 1000 0 0 2.7
0 0 0 0 0 0 0 14 4 0 0 0 903 73 0 0 0 0 0 0 0 0 0 0 0 0 6 0 1000 0 0 1.8
0 0 0 0 0 0 0 9 7 0 0 0 895 81 0 0 0 0 0 0 0 0 0 0 0 0 8 0 1000 0 0 0.9
0 0 0 0 0 0 0 23 7 0 0 0 754 92 0 0 0 1 2 0 0 0 0 0 0 0 121 0 1000 0 0 0
0 0 0 0 0 0 0 25 8 0 0 1 601 91 0 0 0 1 2 0 0 0 0 0 0 0 271 0 1000 0 0 -0.9
0 0 0 0 0 0 0 30 10 0 0 0 427 84 0 0 0 1 2 0 0 0 0 0 0 0 446 0 1000 0 0 -1.8
0 0 0 0 0 0 0 23 11 0 0 2 315 88 0 0 0 3 0 0 0 0 0 0 0 0 558 0 1000 0 0 -2.7
0 0 0 0 0 0 0 12 6 0 0 0 231 58 0 0 0 2 0 0 0 0 0 0 0 0 691 0 1000 0 0 -3.6
0 0 0 0 0 0 0 12 6 0 0 1 158 31 0 0 0 1 0 0 0 0 0 0 0 0 791 0 1000 0 0 -4.5
0 0 0 0 0 0 0 15 3 0 0 0 106 44 0 0 0 3 0 0 0 0 0 0 0 0 829 0 1000 0 0 -5.4
0 0 0 0 0 0 0 10 0 0 0 2 63 28 0 0 0 0 0 0 0 0 0 0 0 0 897 0 1000 0 0 -6.3
0 0 0 0 0 0 0 8 1 0 0 0 55 20 0 0 0 0 1 0 0 0 0 0 0 0 915 0 1000 0 0 -7.2
0 0 0 0 0 0 0 2 0 0 0 0 28 7 0 0 0 0 0 0 0 0 0 0 0 0 963 0 1000 0 0 -8.1
0 0 0 0 0 0 1 2 0 0 0 1 18 7 0 0 0 0 0 0 0 0 0 0 0 0 971 0 1000 0 0 -9
0 0 0 0 0 0 0 0 0 0 0 0 6 6 0 0 0 1 0 0 0 0 0 0 0 0 987 0 1000 0 0 -9.9
0 0 0 0 0 0 0 1 0 0 0 0 4 3 0 0 0 0 0 0 0 0 0 0 0 0 992 0 1000 0 0 -10.8
0 0 0 0 0 0 0 0 1 0 0 0 4 2 0 0 0 0 0 0 0 0 0 0 0 0 993 0 1000 0 0 -11.7
0 0 0 0 0 0 0 0 0 0 0 0 1 2 0 0 0 0 0 0 0 0 0 0 0 0 997 0 1000 0 0 -12.6
0 0 0 0 0 0 0 0 0 0 0 0 0 0 0 0 0 0 0 0 0 0 0 0 0 0 1000 0 1000 0 0 -13.5
0 0 0 0 0 0 0 0 0 0 0 0 1 0 0 0 0 0 0 0 0 0 0 0 0 0 999 0 1000 0 0 -14.4
0 0 0 0 0 0 0 0 0 0 0 0 0 0 0 0 0 0 0 0 0 0 0 0 0 0 1000 0 1000 0 0 -15.3
0 0 0 0 0 0 0 0 0 0 0 0 0 0 0 0 0 0 0 0 0 0 0 0 0 0 1000 0 1000 0 0 -16.2
0 0 0 0 0 0 0 0 0 0 0 0 0 0 0 0 0 0 0 0 0 0 0 0 0 0 1000 0 1000 0 0 -17.1
0 0 0 0 0 0 0 0 0 0 0 0 0 0 0 0 0 0 0 0 0 0 0 0 0 0 1000 0 1000 0 0 -18
0 0 0 0 0 0 0 0 0 0 0 0 0 0 0 0 0 0 0 0 0 0 0 0 0 0 1000 0 1000 0 0 -18.9
0 0 0 0 0 0 0 0 0 0 0 0 0 0 0 0 0 0 0 0 0 0 0 0 0 0 1000 0 1000 0 0 -19.8
0 0 0 0 0 0 0 0 0 0 0 0 0 0 0 0 0 0 0 0 0 0 0 0 0 0 1000 0 1000 0 0 -20.7
0 0 0 0 0 0 0 0 0 0 0 0 0 0 0 0 0 0 0 0 0 0 0 0 0 0 1000 0 1000 0 0 -21.6
0 0 0 0 0 0 0 0 0 0 0 0 0 0 0 0 0 0 0 0 0 0 0 0 0 0 1000 0 1000 0 0 -22.5
0 0 0 0 0 0 0 0 0 0 0 0 0 0 0 0 0 0 0 0 0 0 0 0 0 0 1000 0 1000 0 0 -23.4
0 0 0 0 0 0 0 0 0 0 0 0 0 0 0 0 0 0 0 0 0 0 0 0 0 0 1000 0 1000 0 0 -24.3
0 0 0 0 0 0 0 0 0 0 0 0 0 0 0 0 0 0 0 0 0 0 0 0 0 0 1000 0 1000 0 0 -25.2
0 0 0 0 0 0 0 0 0 0 0 0 0 0 0 0 0 0 0 0 0 0 0 0 0 0 1000 0 1000 0 0 -26.1
0 0 0 0 0 0 0 0 0 0 0 0 0 0 0 0 0 0 0 0 0 0 0 0 0 0 1000 0 1000 0 0 -27
0 0 0 0 0 0 0 0 0 0 0 0 0 0 0 0 0 0 0 0 0 0 0 0 0 0 1000 0 1000 0 0 -27.9
0 0 0 0 0 0 0 0 0 0 0 0 0 0 0 0 0 0 0 0 0 0 0 0 0 0 1000 0 1000 0 0 -28.8
0 0 0 0 0 0 0 0 0 0 0 0 0 0 0 0 0 0 0 0 0 0 0 0 0 0 1000 0 1000 0 0 -29.7
0 0 0 0 0 0 0 0 0 0 0 0 0 0 0 0 0 0 0 0 0 0 0 0 0 0 1000 0 1000 0 0 -30.6
0 0 0 0 0 0 0 0 0 0 0 0 0 0 0 0 0 0 0 0 0 0 0 0 0 0 1000 0 1000 0 0 -31.5
0 0 0 0 0 0 0 0 0 0 0 0 0 0 0 0 0 0 0 0 0 0 0 0 0 0 1000 0 1000 0 0 -32.4
0 0 0 0 0 0 0 0 0 0 0 0 0 0 0 0 0 0 0 0 0 0 0 0 0 0 1000 0 1000 0 0 -33.3
0 0 0 0 0 0 0 0 0 0 0 0 0 0 0 0 0 0 0 0 0 0 0 0 0 0 1000 0 1000 0 0 -34.2
