50
0 0 0 0 0 0 0 11 0 0 0 0 965 3 0 0 0 0 0 0 0 0 0 0 0 0 21 0 1000 0 0 9.9
0 0 0 0 0 0 0 96 18 0 0 0 830 22 0 0 0 0 0 0 0 0 0 0 0 0 34 0 1000 0 0 9
0 0 0 0 0 0 0 41 4 0 0 0 937 18 0 0 0 0 0 0 0 0 0 0 0 0 0 0 1000 0 0 8.1
0 0 0 0 0 0 0 73 22 0 0 0 880 23 0 0 0 0 0 0 0 0 0 0 0 0 2 0 1000 0 0 7.2
0 0 0 0 0 0 1 164 29 0 0 0 757 43 0 0 0 0 0 0 0 0 0 0 0 0 6 0 1000 0 0 6.3
0 0 0 0 0 0 0 216 50 0 0 0 629 93 0 0 0 0 0 0 0 0 0 0 0 0 12 0 1000 0 0 5.4
0 0 0 0 0 0 0 241 63 0 0 0 577 105 0 0 0 0 0 0 0 0 0 0 0 0 14 0 1000 0 0 4.5
0 0 0 0 0 0 0 260 83 0 0 0 510 124 0 0 0 0 0 0 0 0 0 0 0 0 23 0 1000 0 0 3.6
0 0 0 0 0 0 0 249 83 0 0 0 529 119 0 0 0 0 0 0 0 0 0 0 0 0 20 0 1000 0 0 2.7
0 0 0 0 0 0 0 256 75 0 0 0 505 132 0 0 0 0 0 0 0 0 0 0 0 0 32 0 1000 0 0 1.8
0 0 0 0 0 0 0 243 100 0 0 0 493 136 0 0 0 0 0 0 0 0 0 0 0 0 28 0 1000 0 0 0.9
0 0 0 0 0 0 0 222 86 0 0 0 398 151 0 0 0 0 0 0 0 0 0 0 0 0 143 0 1000 0 0 0
0 0 0 0 0 0 0 176 86 0 0 0 324 117 0 0 0 0 0 0 0 0 0 0 0 0 297 0 1000 0 0 -0.9
0 0 0 0 0 0 0 152 57 0 0 0 231 108 0 0 0 0 0 0 0 0 0 0 0 0 452 0 1000 0 0 -1.8
0 0 0 0 0 0 0 93 47 0 0 0 167 68 0 0 0 0 0 0 0 0 0 0 0 0 625 0 1000 0 0 -2.7
0 0 0 0 0 0 0 84 45 0 0 0 106 66 0 0 0 0 0 0 0 0 0 0 0 0 699 0 1000 0 0 -3.6
0 0 0 0 0 0 0 60 15 0 0 0 65 43 0 0 0 0 0 0 0 0 0 0 0 0 817 0 1000 0 0 -4.5
0 0 0 0 0 0 0 35 13 0 0 0 64 29 0 0 0 0 0 0 0 0 0 0 0 0 859 0 1000 0 0 -5.4
0 0 0 0 0 0 0 28 18 0 0 0 48 29 0 0 0 0 0 0 0 0 0 0 0 0 877 0 1000 0 0 -6.3
0 0 0 0 0 0 0 13 3 0 0 0 21 15 0 0 0 0 0 0 0 0 0 0 0 0 948 0 1000 0 0 -7.2
0 0 0 0 0 0 0 10 3 0 0 0 14 7 0 0 0 0 0 0 0 0 0 0 0 0 966 0 1000 0 0 -8.1
0 0 0 0 0 0 0 12 4 0 0 0 6 4 0 0 0 0 0 0 0 0 0 0 0 0 974 0 1000 0 0 -9
0 0 0 0 0 0 0 1 1 0 0 0 6 2 0 0 0 0 0 0 0 0 0 0 0 0 990 0 1000 0 0 -9.9
0 0 0 0 0 0 0 1 2 0 0 0 2 3 0 0 0 0 0 0 0 0 0 0 0 0 992 0 1000 0 0 -10.8
0 0 0 0 0 0 0 2 1 0 0 0 3 1 0 0 0 0 0 0 0 0 0 0 0 0 993 0 1000 0 0 -11.7
0 0 0 0 0 0 0 0 1 0 0 0 0 0 0 0 0 0 0 0 0 0 0 0 0 0 999 0 1000 0 0 -12.6
0 0 0 0 0 0 0 0 0 0 0 0 2 1 0 0 0 0 0 0 0 0 0 0 0 0 997 0 1000 0 0 -13.5
0 0 0 0 0 0 0 0 0 0 0 0 0 0 0 0 0 0 0 0 0 0 0 0 0 0 1000 0 1000 0 0 -14.4
0 0 0 0 0 0 0 0 0 0 0 0 0 0 0 0 0 0 0 0 0 0 0 0 0 0 1000 0 1000 0 0 -15.3
0 0 0 0 0 0 0 0 0 0 0 0 0 0 0 0 0 0 0 0 0 0 0 0 0 0 1000 0 1000 0 0 -16.2
0 0 0 0 0 0 0 0 0 0 0 0 0 0 0 0 0 0 0 0 0 0 0 0 0 0 1000 0 1000 0 0 -17.1
0 0 0 0 0 0 0 0 0 0 0 0 0 0 0 0 0 0 0 0 0 0 0 0 0 0 1000 0 1000 0 0 -18
0 0 0 0 0 0 0 0 0 0 0 0 0 0 0 0 0 0 0 0 0 0 0 0 0 0 1000 0 1000 0 0 -18.9
0 0 0 0 0 0 0 0 0 0 0 0 0 0 0 0 0 0 0 0 0 0 0 0 0 0 1000 0 1000 0 0 -19.8
0 0 0 0 0 0 0 0 0 0 0 0 0 0 0 0 0 0 0 0 0 0 0 0 0 0 1000 0 1000 0 0 -20.7
0 0 0 0 0 0 0 0 0 0 0 0 0 0 0 0 0 0 0 0 0 0 0 0 0 0 1000 0 1000 0 0 -21.6
0 0 0 0 0 0 0 0 0 0 0 0 0 0 0 0 0 0 0 0 0 0 0 0 0 0 1000 0 1000 0 0 -22.5
0 0 0 0 0 0 0 0 0 0 0 0 0 0 0 0 0 0 0 0 0 0 0 0 0 0 1000 0 1000 0 0 -23.4
0 0 0 0 0 0 0 0 0 0 0 0 0 0 0 0 0 0 0 0 0 0 0 0 0 0 1000 0 1000 0 0 -24.3
0 0 0 0 0 0 0 0 0 0 0 0 0 0 0 0 0 0 0 0 0 0 0 0 0 0 1000 0 1000 0 0 -25.2
0 0 0 0 0 0 0 0 0 0 0 0 0 0 0 0 0 0 0 0 0 0 0 0 0 0 1000 0 1000 0 0 -26.1
0 0 0 0 0 0 0 0 0 0 0 0 0 0 0 0 0 0 0 0 0 0 0 0 0 0 1000 0 1000 0 0 -27
0 0 0 0 0 0 0 0 0 0 0 0 0 0 0 0 0 0 0 0 0 0 0 0 0 0 1000 0 1000 0 0 -27.9
0 0 0 0 0 0 0 0 0 0 0 0 0 0 0 0 0 0 0 0 0 0 0 0 0 0 1000 0 1000 0 0 -28.8
0 0 0 0 0 0 0 0 0 0 0 0 0 0 0 0 0 0 0 0 0 0 0 0 0 0 1000 0 1000 0 0 -29.7
0 0 0 0 0 0 0 0 0 0 0 0 0 0 0 0 0 0 0 0 0 0 0 0 0 0 1000 0 1000 0 0 -30.6
0 0 0 0 0 0 0 0 0 0 0 0 0 0 0 0 0 0 0 0 0 0 0 0 0 0 1000 0 1000 0 0 -31.5
0 0 0 0 0 0 0 0 0 0 0 0 0 0 0 0 0 0 0 0 0 0 0 0 0 0 1000 0 1000 0 0 -32.4
0 0 0 0 0 0 0 0 0 0 0 0 0 0 0 0 0 0 0 0 0 0 0 0 0 0 1000 0 1000 0 0 -33.3
0 0 0 0 0 0 0 0 0 0 0 0 0 0 0 0 0 0 0 0 0 0 0 0 0 0 1000 0 1000 0 0 -34.2
