50
0 0 0 0 0 0 0 62 0 0 0 0 62 0 0 0 0 0 0 0 0 0 0 0 0 0 876 0 1000 0 0 9.9
0 0 0 0 0 0 0 455 4 0 0 0 460 5 0 0 0 0 0 0 0 0 0 0 0 0 76 0 1000 0 0 9
0 0 0 0 0 0 0 461 9 0 0 0 522 7 0 0 0 0 0 0 0 0 0 0 0 0 1 0 1000 0 0 8.1
0 0 0 0 0 0 0 495 7 0 0 0 484 10 0 0 0 0 0 0 0 0 0 0 0 0 4 0 1000 0 0 7.2
0 0 0 0 0 0 0 498 12 0 0 0 469 18 0 0 0 0 0 0 0 0 0 0 0 0 3 0 1000 0 0 6.3
0 0 0 0 0 0 0 477 17 0 0 0 469 30 0 0 0 0 0 0 0 0 0 0 0 0 7 0 1000 0 0 5.4
0 0 0 0 0 0 0 441 38 0 0 0 470 38 0 0 0 0 0 0 0 0 0 0 0 0 13 0 1000 0 0 4.5
0 0 0 0 0 0 0 446 44 0 0 0 448 50 0 0 0 0 0 0 0 0 0 0 0 0 12 0 1000 0 0 3.6
0 0 0 0 0 0 0 414 54 0 0 0 447 70 0 0 0 0 0 0 0 0 0 0 0 0 15 0 1000 0 0 2.7
0 0 0 0 0 0 0 416 56 0 0 0 437 63 0 0 0 0 0 0 0 0 0 0 0 0 28 0 1000 0 0 1.8
0 0 0 0 0 0 1 399 50 0 0 0 450 63 0 0 0 0 0 0 0 0 0 0 0 0 37 0 1000 0 0 0.9
0 0 0 0 0 0 0 372 50 0 0 0 369 65 0 0 0 0 0 0 0 0 0 0 0 0 144 0 1000 0 0 0
0 0 0 0 0 0 0 314 59 0 0 0 280 42 0 0 0 0 0 0 0 0 0 0 0 0 305 0 1000 0 0 -0.9
0 0 0 0 0 0 0 244 39 0 0 0 231 35 0 0 0 0 0 0 0 0 0 0 0 0 451 0 1000 0 0 -1.8
0 0 0 0 0 0 0 177 29 0 0 0 193 37 0 0 0 0 0 0 0 0 0 0 0 0 564 0 1000 0 0 -2.7
0 0 0 0 0 0 1 98 28 0 0 0 129 37 0 0 0 0 0 0 0 0 0 0 0 0 707 0 1000 0 0 -3.6
0 0 0 0 0 0 0 78 21 0 0 0 103 20 0 0 0 0 0 0 0 0 0 0 0 0 778 0 1000 0 0 -4.5
0 0 1 0 0 0 0 66 10 0 0 0 52 15 0 0 0 0 0 0 0 0 0 0 0 0 856 0 1000 0 0 -5.4
0 0 0 0 0 0 0 27 12 0 0 0 31 8 0 0 0 0 0 0 0 0 0 0 0 0 922 0 1000 0 0 -6.3
0 0 0 0 0 0 0 24 5 0 0 0 28 5 0 0 0 0 0 0 0 0 0 0 0 0 938 0 1000 0 0 -7.2
0 0 0 0 0 0 0 18 5 0 0 0 9 6 0 0 0 0 0 0 0 0 0 0 0 0 962 0 1000 0 0 -8.1
0 0 0 0 0 0 1 9 0 0 0 0 8 1 0 0 0 0 0 0 0 0 0 0 0 0 981 0 1000 0 0 -9
0 0 0 0 0 0 0 4 1 0 0 0 5 4 0 0 0 0 0 0 0 0 0 0 0 0 986 0 1000 0 0 -9.9
0 0 0 0 0 0 0 5 0 0 0 0 3 2 0 0 0 0 0 0 0 0 0 0 0 0 990 0 1000 0 0 -10.8
0 0 0 0 0 0 0 1 0 0 0 0 2 0 0 0 0 0 0 0 0 0 0 0 0 0 997 0 1000 0 0 -11.7
0 0 0 0 0 0 0 0 0 0 0 0 2 0 0 0 0 0 0 0 0 0 0 0 0 0 998 0 1000 0 0 -12.6
0 0 0 0 0 0 0 0 0 0 0 0 1 1 0 0 0 0 0 0 0 0 0 0 0 0 998 0 1000 0 0 -13.5
0 0 0 0 0 0 0 0 0 0 0 0 1 0 0 0 0 0 0 0 0 0 0 0 0 0 999 0 1000 0 0 -14.4
0 0 0 0 0 0 0 0 0 0 0 0 2 0 0 0 0 0 0 0 0 0 0 0 0 0 998 0 1000 0 0 -15.3
0 0 0 0 0 0 0 0 0 0 0 0 0 0 0 0 0 0 0 0 0 0 0 0 0 0 1000 0 1000 0 0 -16.2
0 0 0 0 0 0 0 0 0 0 0 0 0 0 0 0 0 0 0 0 0 0 0 0 0 0 1000 0 1000 0 0 -17.1
0 0 0 0 0 0 0 0 0 0 0 0 0 0 0 0 0 0 0 0 0 0 0 0 0 0 1000 0 1000 0 0 -18
0 0 0 0 0 0 0 0 0 0 0 0 0 0 0 0 0 0 0 0 0 0 0 0 0 0 1000 0 1000 0 0 -18.9
0 0 0 0 0 0 0 0 0 0 0 0 0 0 0 0 0 0 0 0 0 0 0 0 0 0 1000 0 1000 0 0 -19.8
0 0 0 0 0 0 0 0 0 0 0 0 0 0 0 0 0 0 0 0 0 0 0 0 0 0 1000 0 1000 0 0 -20.7
0 0 0 0 0 0 0 0 0 0 0 0 0 0 0 0 0 0 0 0 0 0 0 0 0 0 1000 0 1000 0 0 -21.6
0 0 0 0 0 0 0 0 0 0 0 0 0 0 0 0 0 0 0 0 0 0 0 0 0 0 1000 0 1000 0 0 -22.5
0 0 0 0 0 0 0 0 0 0 0 0 0 0 0 0 0 0 0 0 0 0 0 0 0 0 1000 0 1000 0 0 -23.4
0 0 0 0 0 0 0 0 0 0 0 0 0 0 0 0 0 0 0 0 0 0 0 0 0 0 1000 0 1000 0 0 -24.3
0 0 0 0 0 0 0 0 0 0 0 0 0 0 0 0 0 0 0 0 0 0 0 0 0 0 1000 0 1000 0 0 -25.2
0 0 0 0 0 0 0 0 0 0 0 0 0 0 0 0 0 0 0 0 0 0 0 0 0 0 1000 0 1000 0 0 -26.1
0 0 0 0 0 0 0 0 0 0 0 0 0 0 0 0 0 0 0 0 0 0 0 0 0 0 1000 0 1000 0 0 -27
0 0 0 0 0 0 0 0 0 0 0 0 0 0 0 0 0 0 0 0 0 0 0 0 0 0 1000 0 1000 0 0 -27.9
0 0 0 0 0 0 0 0 0 0 0 0 0 0 0 0 0 0 0 0 0 0 0 0 0 0 1000 0 1000 0 0 -28.8
0 0 0 0 0 0 0 0 0 0 0 0 0 0 0 0 0 0 0 0 0 0 0 0 0 0 1000 0 1000 0 0 -29.7
0 0 0 0 0 0 0 0 0 0 0 0 0 0 0 0 0 0 0 0 0 0 0 0 0 0 1000 0 1000 0 0 -30.6
0 0 0 0 0 0 0 0 0 0 0 0 0 0 0 0 0 0 0 0 0 0 0 0 0 0 1000 0 1000 0 0 -31.5
0 0 0 0 0 0 0 0 0 0 0 0 0 0 0 0 0 0 0 0 0 0 0 0 0 0 1000 0 1000 0 0 -32.4
0 0 0 0 0 0 0 0 0 0 0 0 0 0 0 0 0 0 0 0 0 0 0 0 0 0 1000 0 1000 0 0 -33.3
0 0 0 0 0 0 0 0 0 0 0 0 0 0 0 0 0 0 0 0 0 0 0 0 0 0 1000 0 1000 0 0 -34.2
