50
0 0 0 0 0 0 0 0 0 0 0 0 510 39 0 0 0 0 0 0 0 0 0 0 0 0 451 0 1000 0 0 9.9
0 0 0 0 0 0 0 0 0 0 0 0 707 236 0 0 0 0 0 0 0 0 0 0 0 0 57 0 1000 0 0 9
0 0 0 0 0 0 0 0 0 0 0 0 844 156 0 0 0 0 0 0 0 0 0 0 0 0 0 0 1000 0 0 8.1
0 0 0 0 0 0 0 1 2 0 0 0 824 172 0 0 0 0 0 0 0 0 0 0 0 0 1 0 1000 0 0 7.2
0 0 0 0 0 0 0 0 0 0 0 0 743 257 0 0 0 0 0 0 0 0 0 0 0 0 0 0 1000 0 0 6.3
0 0 0 0 0 0 0 5 3 0 0 0 674 314 0 0 0 0 0 0 0 0 0 0 0 0 4 0 1000 0 0 5.4
0 0 0 0 0 0 0 5 8 0 0 0 629 350 0 0 0 2 0 0 0 0 0 0 0 0 6 0 1000 0 0 4.5
0 0 0 0 0 0 0 5 8 0 0 0 633 348 0 0 0 0 1 0 0 0 0 0 0 0 5 0 1000 0 0 3.6
0 0 0 0 0 0 0 16 20 0 0 0 575 382 0 0 0 0 1 0 0 0 0 0 0 0 6 0 1000 0 0 2.7
0 0 0 0 0 0 0 20 18 0 0 0 554 394 0 0 0 2 0 0 0 0 0 0 0 0 12 0 1000 0 0 1.8
0 0 0 0 0 0 0 14 15 0 0 0 582 371 0 0 0 0 0 0 0 0 0 0 0 0 18 0 1000 0 0 0.9
0 0 0 0 0 0 0 21 16 0 0 0 488 335 0 0 0 1 1 0 0 0 0 0 0 0 138 0 1000 0 0 0
0 0 0 0 0 0 0 20 23 0 0 0 373 275 0 0 0 1 3 0 0 0 0 0 0 0 305 0 1000 0 0 -0.9
0 0 0 0 0 0 0 14 12 0 0 0 288 213 0 0 0 2 2 0 0 0 0 0 0 0 469 0 1000 0 0 -1.8
0 0 0 0 0 0 0 11 23 0 0 0 222 175 0 0 0 5 2 0 0 0 0 0 0 0 562 0 1000 0 0 -2.7
0 0 0 0 0 0 0 20 20 0 0 0 176 120 0 0 0 1 5 0 0 0 0 0 0 0 658 0 1000 0 0 -3.6
0 0 0 0 0 0 0 8 7 0 0 0 109 92 0 0 0 3 1 0 0 0 0 0 0 0 780 0 1000 0 0 -4.5
0 0 0 0 0 0 0 7 3 0 0 0 73 72 0 0 0 1 0 0 0 0 0 0 0 0 844 0 1000 0 0 -5.4
0 0 0 0 0 0 0 8 5 0 0 0 54 38 0 0 0 1 1 0 0 0 0 0 0 0 893 0 1000 0 0 -6.3
0 0 0 0 0 0 0 3 2 0 0 0 33 29 0 0 0 0 0 0 0 0 0 0 0 0 933 0 1000 0 0 -7.2
0 0 0 0 0 0 0 3 4 0 0 0 24 11 0 0 0 0 0 0 0 0 0 0 0 0 958 0 1000 0 0 -8.1
0 0 0 0 0 0 0 2 1 0 0 0 12 11 0 0 0 0 0 0 0 0 0 0 0 0 974 0 1000 0 0 -9
0 0 0 0 0 0 0 0 0 0 0 0 9 7 0 0 0 0 0 0 0 0 0 0 0 0 984 0 1000 0 0 -9.9
0 0 0 0 0 0 0 1 0 0 0 0 1 5 0 0 0 0 0 0 0 0 0 0 0 0 993 0 1000 0 0 -10.8
0 0 0 0 0 0 0 0 0 0 0 0 4 0 0 0 0 0 0 0 0 0 0 0 0 0 996 0 1000 0 0 -11.7
0 0 0 0 0 0 0 0 0 0 0 0 0 1 0 0 0 0 0 0 0 0 0 0 0 0 999 0 1000 0 0 -12.6
0 0 0 0 0 0 0 0 0 0 0 0 0 0 0 0 0 0 0 0 0 0 0 0 0 0 1000 0 1000 0 0 -13.5
0 0 0 0 0 0 0 0 0 0 0 0 2 0 0 0 0 0 0 0 0 0 0 0 0 0 998 0 1000 0 0 -14.4
0 0 0 0 0 0 0 0 0 0 0 0 0 0 0 0 0 0 0 0 0 0 0 0 0 0 1000 0 1000 0 0 -15.3
0 0 0 0 0 0 0 0 0 0 0 0 0 1 0 0 0 0 0 0 0 0 0 0 0 0 999 0 1000 0 0 -16.2
0 0 0 0 0 0 0 0 0 0 0 0 0 0 0 0 0 0 0 0 0 0 0 0 0 0 1000 0 1000 0 0 -17.1
0 0 0 0 0 0 0 0 0 0 0 0 0 0 0 0 0 0 0 0 0 0 0 0 0 0 1000 0 1000 0 0 -18
0 0 0 0 0 0 0 0 0 0 0 0 0 0 0 0 0 0 0 0 0 0 0 0 0 0 1000 0 1000 0 0 -18.9
0 0 0 0 0 0 0 0 0 0 0 0 0 0 0 0 0 0 0 0 0 0 0 0 0 0 1000 0 1000 0 0 -19.8
0 0 0 0 0 0 0 0 0 0 0 0 0 0 0 0 0 0 0 0 0 0 0 0 0 0 1000 0 1000 0 0 -20.7
0 0 0 0 0 0 0 0 0 0 0 0 0 0 0 0 0 0 0 0 0 0 0 0 0 0 1000 0 1000 0 0 -21.6
0 0 0 0 0 0 0 0 0 0 0 0 0 0 0 0 0 0 0 0 0 0 0 0 0 0 1000 0 1000 0 0 -22.5
0 0 0 0 0 0 0 0 0 0 0 0 0 0 0 0 0 0 0 0 0 0 0 0 0 0 1000 0 1000 0 0 -23.4
0 0 0 0 0 0 0 0 0 0 0 0 0 0 0 0 0 0 0 0 0 0 0 0 0 0 1000 0 1000 0 0 -24.3
0 0 0 0 0 0 0 0 0 0 0 0 0 0 0 0 0 0 0 0 0 0 0 0 0 0 1000 0 1000 0 0 -25.2
0 0 0 0 0 0 0 0 0 0 0 0 0 0 0 0 0 0 0 0 0 0 0 0 0 0 1000 0 1000 0 0 -26.1
0 0 0 0 0 0 0 0 0 0 0 0 0 0 0 0 0 0 0 0 0 0 0 0 0 0 1000 0 1000 0 0 -27
0 0 0 0 0 0 0 0 0 0 0 0 0 0 0 0 0 0 0 0 0 0 0 0 0 0 1000 0 1000 0 0 -27.9
0 0 0 0 0 0 0 0 0 0 0 0 0 0 0 0 0 0 0 0 0 0 0 0 0 0 1000 0 1000 0 0 -28.8
0 0 0 0 0 0 0 0 0 0 0 0 0 0 0 0 0 0 0 0 0 0 0 0 0 0 1000 0 1000 0 0 -29.7
0 0 0 0 0 0 0 0 0 0 0 0 0 0 0 0 0 0 0 0 0 0 0 0 0 0 1000 0 1000 0 0 -30.6
0 0 0 0 0 0 0 0 0 0 0 0 0 0 0 0 0 0 0 0 0 0 0 0 0 0 1000 0 1000 0 0 -31.5
0 0 0 0 0 0 0 0 0 0 0 0 0 0 0 0 0 0 0 0 0 0 0 0 0 0 1000 0 1000 0 0 -32.4
0 0 0 0 0 0 0 0 0 0 0 0 0 0 0 0 0 0 0 0 0 0 0 0 0 0 1000 0 1000 0 0 -33.3
0 0 0 0 0 0 0 0 0 0 0 0 0 0 0 0 0 0 0 0 0 0 0 0 0 0 1000 0 1000 0 0 -34.2
