50
0 0 0 0 0 0 0 11 0 0 0 0 958 0 0 0 0 0 0 0 0 0 0 0 0 0 31 0 1000 0 0 9.9
0 0 0 0 0 0 0 83 1 0 0 0 889 0 0 0 0 0 0 0 0 0 0 0 0 0 27 0 1000 0 0 9
0 0 0 0 0 0 0 5 0 0 0 0 995 0 0 0 0 0 0 0 0 0 0 0 0 0 0 0 1000 0 0 8.1
0 0 0 0 0 0 1 32 0 0 0 0 967 0 0 0 0 0 0 0 0 0 0 0 0 0 0 0 1000 0 0 7.2
0 0 0 0 0 0 0 80 0 0 0 0 919 0 0 0 0 0 0 0 0 0 0 0 0 0 1 0 1000 0 0 6.3
0 0 0 0 0 0 0 153 1 0 0 0 846 0 0 0 0 0 0 0 0 0 0 0 0 0 0 0 1000 0 0 5.4
0 0 0 0 0 0 0 225 3 0 0 0 762 3 0 0 0 0 0 0 0 0 0 0 0 0 7 0 1000 0 0 4.5
0 0 0 0 0 0 1 296 6 0 0 0 685 9 0 0 0 0 0 0 0 0 0 0 0 0 3 0 1000 0 0 3.6
0 0 0 0 0 0 2 282 4 0 0 2 694 12 0 0 0 0 0 0 0 0 0 0 0 0 4 0 1000 0 0 2.7
0 0 0 0 0 0 1 289 11 0 0 0 684 5 0 0 0 0 0 0 0 0 0 0 0 0 10 0 1000 0 0 1.8
0 0 0 0 0 0 2 331 6 0 0 3 631 9 0 0 0 0 0 0 0 0 0 0 0 0 18 0 1000 0 0 0.9
0 0 0 0 0 0 1 291 9 0 0 1 554 10 0 0 0 0 0 0 0 0 0 0 0 0 134 0 1000 0 0 0
0 0 0 0 0 0 0 251 11 0 0 3 427 8 0 0 0 0 0 0 0 0 0 0 0 0 300 0 1000 0 0 -0.9
0 0 0 0 0 0 0 194 6 0 0 4 344 16 0 0 0 0 0 0 0 0 0 0 0 0 436 0 1000 0 0 -1.8
0 0 0 0 0 0 6 142 12 0 0 1 246 11 0 0 0 0 0 0 0 0 0 0 0 0 582 0 1000 0 0 -2.7
0 0 0 0 0 0 3 95 4 0 0 3 208 10 0 0 0 0 0 0 0 0 0 0 0 0 677 0 1000 0 0 -3.6
0 0 0 0 0 0 3 91 5 0 0 2 112 10 0 0 0 0 1 0 0 0 0 0 0 0 776 0 1000 0 0 -4.5
0 0 0 0 0 0 0 48 3 0 0 1 80 10 0 0 0 0 0 0 0 0 0 0 0 0 858 0 1000 0 0 -5.4
0 0 0 0 0 0 1 36 4 0 0 2 55 5 0 0 0 1 0 0 0 0 0 0 0 0 896 0 1000 0 0 -6.3
0 0 0 0 0 0 1 27 0 0 0 0 35 5 0 0 0 0 0 0 0 0 0 0 0 0 932 0 1000 0 0 -7.2
0 0 0 0 0 0 0 20 1 0 0 0 27 3 0 0 0 0 0 0 0 0 0 0 0 0 949 0 1000 0 0 -8.1
0 0 0 0 0 0 0 10 1 0 0 0 16 0 0 0 0 0 0 0 0 0 0 0 0 0 973 0 1000 0 0 -9
0 0 0 0 0 0 0 8 0 0 0 0 8 0 0 0 0 1 0 0 0 0 0 0 0 0 983 0 1000 0 0 -9.9
0 0 0 0 0 0 0 1 0 0 0 0 9 1 0 0 0 0 0 0 0 0 0 0 0 0 989 0 1000 0 0 -10.8
0 0 0 0 0 0 0 2 0 0 0 0 4 0 0 0 0 0 0 0 0 0 0 0 0 0 994 0 1000 0 0 -11.7
0 0 0 0 0 0 0 0 0 0 0 0 0 0 0 0 0 0 0 0 0 0 0 0 0 0 1000 0 1000 0 0 -12.6
0 0 0 0 0 0 0 1 0 0 0 0 0 0 0 0 0 0 0 0 0 0 0 0 0 0 999 0 1000 0 0 -13.5
0 0 0 0 0 0 0 0 0 0 0 0 0 0 0 0 0 0 0 0 0 0 0 0 0 0 1000 0 1000 0 0 -14.4
0 0 0 0 0 0 0 0 0 0 0 0 0 0 0 0 0 0 0 0 0 0 0 0 0 0 1000 0 1000 0 0 -15.3
0 0 0 0 0 0 0 0 0 0 0 0 0 0 0 0 0 0 0 0 0 0 0 0 0 0 1000 0 1000 0 0 -16.2
0 0 0 0 0 0 0 0 0 0 0 0 0 0 0 0 0 0 0 0 0 0 0 0 0 0 1000 0 1000 0 0 -17.1
0 0 0 0 0 0 0 0 0 0 0 0 0 0 0 0 0 0 0 0 0 0 0 0 0 0 1000 0 1000 0 0 -18
0 0 0 0 0 0 0 0 0 0 0 0 0 0 0 0 0 0 0 0 0 0 0 0 0 0 1000 0 1000 0 0 -18.9
0 0 0 0 0 0 0 0 0 0 0 0 0 0 0 0 0 0 0 0 0 0 0 0 0 0 1000 0 1000 0 0 -19.8
0 0 0 0 0 0 0 0 0 0 0 0 0 0 0 0 0 0 0 0 0 0 0 0 0 0 1000 0 1000 0 0 -20.7
0 0 0 0 0 0 0 0 0 0 0 0 0 0 0 0 0 0 0 0 0 0 0 0 0 0 1000 0 1000 0 0 -21.6
0 0 0 0 0 0 0 0 0 0 0 0 0 0 0 0 0 0 0 0 0 0 0 0 0 0 1000 0 1000 0 0 -22.5
0 0 0 0 0 0 0 0 0 0 0 0 0 0 0 0 0 0 0 0 0 0 0 0 0 0 1000 0 1000 0 0 -23.4
0 0 0 0 0 0 0 0 0 0 0 0 0 0 0 0 0 0 0 0 0 0 0 0 0 0 1000 0 1000 0 0 -24.3
0 0 0 0 0 0 0 0 0 0 0 0 0 0 0 0 0 0 0 0 0 0 0 0 0 0 1000 0 1000 0 0 -25.2
0 0 0 0 0 0 0 0 0 0 0 0 0 0 0 0 0 0 0 0 0 0 0 0 0 0 1000 0 1000 0 0 -26.1
0 0 0 0 0 0 0 0 0 0 0 0 0 0 0 0 0 0 0 0 0 0 0 0 0 0 1000 0 1000 0 0 -27
0 0 0 0 0 0 0 0 0 0 0 0 0 0 0 0 0 0 0 0 0 0 0 0 0 0 1000 0 1000 0 0 -27.9
0 0 0 0 0 0 0 0 0 0 0 0 0 0 0 0 0 0 0 0 0 0 0 0 0 0 1000 0 1000 0 0 -28.8
0 0 0 0 0 0 0 0 0 0 0 0 0 0 0 0 0 0 0 0 0 0 0 0 0 0 1000 0 1000 0 0 -29.7
0 0 0 0 0 0 0 0 0 0 0 0 0 0 0 0 0 0 0 0 0 0 0 0 0 0 1000 0 1000 0 0 -30.6
0 0 0 0 0 0 0 0 0 0 0 0 0 0 0 0 0 0 0 0 0 0 0 0 0 0 1000 0 1000 0 0 -31.5
0 0 0 0 0 0 0 0 0 0 0 0 0 0 0 0 0 0 0 0 0 0 0 0 0 0 1000 0 1000 0 0 -32.4
0 0 0 0 0 0 0 0 0 0 0 0 0 0 0 0 0 0 0 0 0 0 0 0 0 0 1000 0 1000 0 0 -33.3
0 0 0 0 0 0 0 0 0 0 0 0 0 0 0 0 0 0 0 0 0 0 0 0 0 0 1000 0 1000 0 0 -34.2
