50
0 0 0 0 0 0 0 11 2 0 0 0 962 0 0 0 0 0 0 0 0 0 0 0 0 0 25 0 1000 0 0 9.9
0 0 0 0 0 0 0 76 11 0 0 0 879 6 0 0 0 0 0 0 0 0 0 0 0 0 28 0 1000 0 0 9
0 0 0 0 0 0 0 23 1 0 0 0 972 4 0 0 0 0 0 0 0 0 0 0 0 0 0 0 1000 0 0 8.1
0 0 0 0 0 0 0 50 6 0 0 0 935 7 0 0 0 0 0 0 0 0 0 0 0 0 2 0 1000 0 0 7.2
0 0 0 0 0 0 0 128 19 0 0 0 815 32 0 0 0 0 0 0 0 0 0 0 0 0 6 0 1000 0 0 6.3
0 0 0 0 0 0 0 212 29 0 0 0 700 52 0 0 0 0 0 0 0 0 0 0 0 0 7 0 1000 0 0 5.4
0 0 0 0 0 0 0 241 53 0 0 0 611 82 0 0 0 0 0 0 0 0 0 0 0 0 13 0 1000 0 0 4.5
0 0 0 0 0 0 0 246 67 0 0 1 572 102 0 0 0 0 0 0 0 0 0 0 0 0 12 0 1000 0 0 3.6
0 0 0 0 0 0 0 282 68 0 0 0 522 115 0 0 0 0 0 0 0 0 0 0 0 0 13 0 1000 0 0 2.7
0 0 0 0 0 0 0 274 70 0 0 0 509 129 0 0 0 0 0 0 0 0 0 0 0 0 18 0 1000 0 0 1.8
0 0 0 0 0 0 0 278 57 0 0 0 529 106 0 0 0 1 0 0 0 0 0 0 0 0 29 0 1000 0 0 0.9
0 0 0 0 0 0 0 219 72 0 0 0 440 111 0 0 0 0 0 0 0 0 0 0 0 0 158 0 1000 0 0 0
0 0 0 0 0 0 0 196 54 0 0 0 355 89 0 0 0 0 0 0 0 0 0 0 0 0 306 0 1000 0 0 -0.9
0 0 0 0 0 0 1 157 50 0 0 0 269 85 0 0 0 0 0 0 0 0 0 0 0 0 438 0 1000 0 0 -1.8
0 0 0 0 0 0 0 120 31 0 0 1 197 57 0 0 0 0 0 0 0 0 0 0 0 0 594 0 1000 0 0 -2.7
0 0 0 0 0 0 0 84 30 0 0 0 128 47 0 0 0 0 0 0 0 0 0 0 0 0 711 0 1000 0 0 -3.6
0 0 0 0 0 0 1 60 21 0 0 0 95 38 0 0 0 1 0 0 0 0 0 0 0 0 784 0 1000 0 0 -4.5
0 0 0 0 0 0 0 36 13 0 0 0 71 27 0 0 0 0 0 0 0 0 0 0 0 0 853 0 1000 0 0 -5.4
0 0 0 0 0 0 1 40 12 0 0 0 45 19 0 0 0 0 0 0 0 0 0 0 0 0 883 0 1000 0 0 -6.3
0 0 0 0 0 0 0 15 6 0 0 0 24 7 0 0 0 0 0 0 0 0 0 0 0 0 948 0 1000 0 0 -7.2
0 0 0 0 0 0 0 9 4 0 0 0 18 12 0 0 0 0 0 0 0 0 0 0 0 0 957 0 1000 0 0 -8.1
0 0 0 0 0 0 0 6 4 0 0 0 11 6 0 0 0 0 0 0 0 0 0 0 0 0 973 0 1000 0 0 -9
0 0 0 0 0 0 0 8 0 0 0 0 11 1 0 0 0 0 0 0 0 0 0 0 0 0 980 0 1000 0 0 -9.9
0 0 0 0 0 0 0 8 0 0 0 0 8 1 0 0 0 0 0 0 0 0 0 0 0 0 983 0 1000 0 0 -10.8
0 0 0 0 0 0 0 1 0 0 0 0 1 0 0 0 0 0 0 0 0 0 0 0 0 0 998 0 1000 0 0 -11.7
0 0 0 0 0 0 0 0 1 0 0 0 2 0 0 0 0 0 0 0 0 0 0 0 0 0 997 0 1000 0 0 -12.6
0 0 0 0 0 0 0 2 0 0 0 0 0 0 0 0 0 0 0 0 0 0 0 0 0 0 998 0 1000 0 0 -13.5
0 0 0 0 0 0 0 0 0 0 0 0 1 0 0 0 0 0 0 0 0 0 0 0 0 0 999 0 1000 0 0 -14.4
0 0 0 0 0 0 0 0 0 0 0 0 0 0 0 0 0 0 0 0 0 0 0 0 0 0 1000 0 1000 0 0 -15.3
0 0 0 0 0 0 0 0 0 0 0 0 0 0 0 0 0 0 0 0 0 0 0 0 0 0 1000 0 1000 0 0 -16.2
0 0 0 0 0 0 0 0 0 0 0 0 0 0 0 0 0 0 0 0 0 0 0 0 0 0 1000 0 1000 0 0 -17.1
0 0 0 0 0 0 0 0 0 0 0 0 0 0 0 0 0 0 0 0 0 0 0 0 0 0 1000 0 1000 0 0 -18
0 0 0 0 0 0 0 0 0 0 0 0 0 0 0 0 0 0 0 0 0 0 0 0 0 0 1000 0 1000 0 0 -18.9
0 0 0 0 0 0 0 0 0 0 0 0 0 0 0 0 0 0 0 0 0 0 0 0 0 0 1000 0 1000 0 0 -19.8
0 0 0 0 0 0 0 0 0 0 0 0 0 0 0 0 0 0 0 0 0 0 0 0 0 0 1000 0 1000 0 0 -20.7
0 0 0 0 0 0 0 0 0 0 0 0 0 0 0 0 0 0 0 0 0 0 0 0 0 0 1000 0 1000 0 0 -21.6
0 0 0 0 0 0 0 0 0 0 0 0 0 0 0 0 0 0 0 0 0 0 0 0 0 0 1000 0 1000 0 0 -22.5
0 0 0 0 0 0 0 0 0 0 0 0 0 0 0 0 0 0 0 0 0 0 0 0 0 0 1000 0 1000 0 0 -23.4
0 0 0 0 0 0 0 0 0 0 0 0 0 0 0 0 0 0 0 0 0 0 0 0 0 0 1000 0 1000 0 0 -24.3
0 0 0 0 0 0 0 0 0 0 0 0 0 0 0 0 0 0 0 0 0 0 0 0 0 0 1000 0 1000 0 0 -25.2
0 0 0 0 0 0 0 0 0 0 0 0 0 0 0 0 0 0 0 0 0 0 0 0 0 0 1000 0 1000 0 0 -26.1
0 0 0 0 0 0 0 0 0 0 0 0 0 0 0 0 0 0 0 0 0 0 0 0 0 0 1000 0 1000 0 0 -27
0 0 0 0 0 0 0 0 0 0 0 0 0 0 0 0 0 0 0 0 0 0 0 0 0 0 1000 0 1000 0 0 -27.9
0 0 0 0 0 0 0 0 0 0 0 0 0 0 0 0 0 0 0 0 0 0 0 0 0 0 1000 0 1000 0 0 -28.8
0 0 0 0 0 0 0 0 0 0 0 0 0 0 0 0 0 0 0 0 0 0 0 0 0 0 1000 0 1000 0 0 -29.7
0 0 0 0 0 0 0 0 0 0 0 0 0 0 0 0 0 0 0 0 0 0 0 0 0 0 1000 0 1000 0 0 -30.6
0 0 0 0 0 0 0 0 0 0 0 0 0 0 0 0 0 0 0 0 0 0 0 0 0 0 1000 0 1000 0 0 -31.5
0 0 0 0 0 0 0 0 0 0 0 0 0 0 0 0 0 0 0 0 0 0 0 0 0 0 1000 0 1000 0 0 -32.4
0 0 0 0 0 0 0 0 0 0 0 0 0 0 0 0 0 0 0 0 0 0 0 0 0 0 1000 0 1000 0 0 -33.3
0 0 0 0 0 0 0 0 0 0 0 0 0 0 0 0 0 0 0 0 0 0 0 0 0 0 1000 0 1000 0 0 -34.2
