50
0 0 0 0 0 0 0 12 0 0 0 0 949 3 0 0 0 0 0 0 0 0 0 0 0 0 36 0 1000 0 0 9.9
0 0 0 0 0 0 0 79 3 0 0 0 879 4 0 0 0 0 0 0 0 0 0 0 0 0 35 0 1000 0 0 9
0 0 0 0 0 0 0 15 1 0 0 0 982 2 0 0 0 0 0 0 0 0 0 0 0 0 0 0 1000 0 0 8.1
0 0 0 0 0 0 0 52 2 0 0 0 942 3 0 0 0 0 0 0 0 0 0 0 0 0 1 0 1000 0 0 7.2
0 0 0 0 0 0 0 137 7 0 0 0 829 23 0 0 0 0 0 0 0 0 0 0 0 0 4 0 1000 0 0 6.3
0 0 0 0 0 0 0 203 16 0 0 0 732 36 0 0 0 0 0 0 0 0 0 0 0 0 13 0 1000 0 0 5.4
0 0 0 0 0 0 0 220 46 0 0 0 660 61 0 0 0 0 0 0 0 0 0 0 0 0 13 0 1000 0 0 4.5
0 0 0 0 0 0 0 280 39 0 0 0 593 67 0 0 0 0 0 0 0 0 0 0 0 0 21 0 1000 0 0 3.6
0 0 0 0 0 0 1 291 53 0 0 0 565 76 0 0 0 0 0 0 0 0 0 0 0 0 14 0 1000 0 0 2.7
0 0 0 0 0 0 0 255 56 0 0 0 579 81 0 0 0 0 0 0 0 0 0 0 0 0 29 0 1000 0 0 1.8
0 0 0 0 0 0 1 301 60 0 0 0 518 92 0 0 0 0 0 0 0 0 0 0 0 0 28 0 1000 0 0 0.9
0 0 0 0 0 0 0 269 66 0 0 0 438 73 0 0 0 0 0 0 0 0 0 0 0 0 154 0 1000 0 0 0
0 0 0 0 0 0 0 239 38 0 0 0 337 76 0 0 0 0 0 0 0 0 0 0 0 0 310 0 1000 0 0 -0.9
0 0 0 0 0 0 0 179 43 0 0 1 281 44 0 0 0 0 0 0 0 0 0 0 0 0 452 0 1000 0 0 -1.8
0 0 0 0 0 0 0 118 46 0 0 1 199 43 0 0 0 0 0 0 0 0 0 0 0 0 593 0 1000 0 0 -2.7
0 0 0 0 0 0 1 81 26 0 0 1 131 37 0 0 0 0 0 0 0 0 0 0 0 0 723 0 1000 0 0 -3.6
0 0 0 0 0 0 0 58 24 0 0 1 104 32 0 0 0 1 0 0 0 0 0 0 0 0 780 0 1000 0 0 -4.5
0 0 0 0 0 0 0 54 13 0 0 1 68 19 0 0 0 0 0 0 0 0 0 0 0 0 845 0 1000 0 0 -5.4
0 0 0 0 0 0 0 28 11 0 0 0 55 17 0 0 0 1 0 0 0 0 0 0 0 0 888 0 1000 0 0 -6.3
0 0 0 0 0 0 0 27 10 0 0 1 24 7 0 0 0 0 0 0 0 0 0 0 0 0 931 0 1000 0 0 -7.2
0 0 0 0 0 0 0 13 2 0 0 1 15 5 0 0 0 0 0 0 0 0 0 0 0 0 964 0 1000 0 0 -8.1
0 0 0 0 0 0 0 5 1 0 0 0 18 6 0 0 0 0 0 0 0 0 0 0 0 0 970 0 1000 0 0 -9
0 0 0 0 0 0 0 3 3 0 0 0 9 3 0 0 0 0 0 0 0 0 0 0 0 0 982 0 1000 0 0 -9.9
0 0 0 0 0 0 0 2 1 0 0 0 5 0 0 0 0 0 0 0 0 0 0 0 0 0 992 0 1000 0 0 -10.8
0 0 0 0 0 0 0 1 0 0 0 0 3 1 0 0 0 0 0 0 0 0 0 0 0 0 995 0 1000 0 0 -11.7
0 0 0 0 0 0 0 0 0 0 0 0 1 0 0 0 0 0 0 0 0 0 0 0 0 0 999 0 1000 0 0 -12.6
0 0 0 0 0 0 0 0 1 0 0 0 0 0 0 0 0 0 0 0 0 0 0 0 0 0 999 0 1000 0 0 -13.5
0 0 0 0 0 0 0 2 0 0 0 0 0 0 0 0 0 0 0 0 0 0 0 0 0 0 998 0 1000 0 0 -14.4
0 0 0 0 0 0 0 0 0 0 0 0 0 0 0 0 0 0 0 0 0 0 0 0 0 0 1000 0 1000 0 0 -15.3
0 0 0 0 0 0 0 0 0 0 0 0 0 0 0 0 0 0 0 0 0 0 0 0 0 0 1000 0 1000 0 0 -16.2
0 0 0 0 0 0 0 0 0 0 0 0 0 0 0 0 0 0 0 0 0 0 0 0 0 0 1000 0 1000 0 0 -17.1
0 0 0 0 0 0 0 0 0 0 0 0 0 0 0 0 0 0 0 0 0 0 0 0 0 0 1000 0 1000 0 0 -18
0 0 0 0 0 0 0 0 0 0 0 0 0 0 0 0 0 0 0 0 0 0 0 0 0 0 1000 0 1000 0 0 -18.9
0 0 0 0 0 0 0 0 0 0 0 0 0 0 0 0 0 0 0 0 0 0 0 0 0 0 1000 0 1000 0 0 -19.8
0 0 0 0 0 0 0 0 0 0 0 0 0 0 0 0 0 0 0 0 0 0 0 0 0 0 1000 0 1000 0 0 -20.7
0 0 0 0 0 0 0 0 0 0 0 0 0 0 0 0 0 0 0 0 0 0 0 0 0 0 1000 0 1000 0 0 -21.6
0 0 0 0 0 0 0 0 0 0 0 0 0 0 0 0 0 0 0 0 0 0 0 0 0 0 1000 0 1000 0 0 -22.5
0 0 0 0 0 0 0 0 0 0 0 0 0 0 0 0 0 0 0 0 0 0 0 0 0 0 1000 0 1000 0 0 -23.4
0 0 0 0 0 0 0 0 0 0 0 0 0 0 0 0 0 0 0 0 0 0 0 0 0 0 1000 0 1000 0 0 -24.3
0 0 0 0 0 0 0 0 0 0 0 0 0 0 0 0 0 0 0 0 0 0 0 0 0 0 1000 0 1000 0 0 -25.2
0 0 0 0 0 0 0 0 0 0 0 0 0 0 0 0 0 0 0 0 0 0 0 0 0 0 1000 0 1000 0 0 -26.1
0 0 0 0 0 0 0 0 0 0 0 0 0 0 0 0 0 0 0 0 0 0 0 0 0 0 1000 0 1000 0 0 -27
0 0 0 0 0 0 0 0 0 0 0 0 0 0 0 0 0 0 0 0 0 0 0 0 0 0 1000 0 1000 0 0 -27.9
0 0 0 0 0 0 0 0 0 0 0 0 0 0 0 0 0 0 0 0 0 0 0 0 0 0 1000 0 1000 0 0 -28.8
0 0 0 0 0 0 0 0 0 0 0 0 0 0 0 0 0 0 0 0 0 0 0 0 0 0 1000 0 1000 0 0 -29.7
0 0 0 0 0 0 0 0 0 0 0 0 0 0 0 0 0 0 0 0 0 0 0 0 0 0 1000 0 1000 0 0 -30.6
0 0 0 0 0 0 0 0 0 0 0 0 0 0 0 0 0 0 0 0 0 0 0 0 0 0 1000 0 1000 0 0 -31.5
0 0 0 0 0 0 0 0 0 0 0 0 0 0 0 0 0 0 0 0 0 0 0 0 0 0 1000 0 1000 0 0 -32.4
0 0 0 0 0 0 0 0 0 0 0 0 0 0 0 0 0 0 0 0 0 0 0 0 0 0 1000 0 1000 0 0 -33.3
0 0 0 0 0 0 0 0 0 0 0 0 0 0 0 0 0 0 0 0 0 0 0 0 0 0 1000 0 1000 0 0 -34.2
