50
0 0 0 0 0 0 0 66 0 0 0 0 60 1 0 0 0 0 0 0 0 0 0 0 0 0 873 0 1000 0 0 9.9
0 0 0 0 0 0 0 439 14 0 0 0 457 11 0 0 0 0 0 0 0 0 0 0 0 0 79 0 1000 0 0 9
0 0 0 0 0 0 0 507 14 0 0 0 459 18 0 0 0 0 0 0 0 0 0 0 0 0 2 0 1000 0 0 8.1
0 0 0 0 0 0 1 498 13 0 0 0 468 14 0 0 0 0 0 0 0 0 0 0 0 0 6 0 1000 0 0 7.2
0 0 0 0 0 0 0 491 17 0 0 0 465 23 0 0 0 0 0 0 0 0 0 0 0 0 4 0 1000 0 0 6.3
0 0 0 0 0 0 0 470 37 0 0 0 452 31 0 0 0 0 0 0 0 0 0 0 0 0 10 0 1000 0 0 5.4
0 0 0 0 0 0 1 422 50 0 0 0 461 58 0 0 0 0 0 0 0 0 0 0 0 0 8 0 1000 0 0 4.5
0 0 0 0 0 0 0 435 62 0 0 0 430 60 0 0 0 0 0 0 0 0 0 0 0 0 13 0 1000 0 0 3.6
0 0 0 0 0 0 0 432 63 0 0 1 412 66 0 0 0 0 0 0 0 0 0 0 0 0 26 0 1000 0 0 2.7
0 0 0 0 0 0 0 397 77 0 0 0 428 74 0 0 0 0 0 0 0 0 0 0 0 0 24 0 1000 0 0 1.8
0 0 0 0 0 0 0 432 66 0 0 0 387 96 0 0 0 0 0 0 0 0 0 0 0 0 19 0 1000 0 0 0.9
0 0 0 0 0 0 0 340 65 0 0 0 384 74 0 0 0 0 0 0 0 0 0 0 0 0 137 0 1000 0 0 0
0 0 0 0 0 0 1 299 58 0 0 0 303 59 0 0 0 0 0 0 0 0 0 0 0 0 280 0 1000 0 0 -0.9
0 0 0 0 0 0 0 224 53 0 0 1 207 53 0 0 0 0 0 0 0 0 0 0 0 0 462 0 1000 0 0 -1.8
0 0 0 0 0 0 0 170 46 0 0 0 165 35 0 0 0 0 0 0 0 0 0 0 0 0 584 0 1000 0 0 -2.7
0 0 0 0 0 0 1 115 25 0 0 1 125 36 0 0 0 0 0 0 0 0 0 0 0 0 697 0 1000 0 0 -3.6
0 0 0 0 0 0 0 80 24 0 0 0 93 27 0 0 0 0 0 0 0 0 0 0 0 0 776 0 1000 0 0 -4.5
0 0 0 0 0 0 0 60 17 0 0 0 69 15 0 0 0 0 0 0 0 0 0 0 0 0 839 0 1000 0 0 -5.4
0 0 0 0 0 0 0 32 7 0 0 0 36 6 0 0 0 0 0 0 0 0 0 0 0 0 919 0 1000 0 0 -6.3
0 0 0 0 0 0 0 20 6 0 0 0 22 12 0 0 0 0 0 0 0 0 0 0 0 0 940 0 1000 0 0 -7.2
0 0 0 0 0 0 0 12 3 0 0 0 14 4 0 0 0 0 0 0 0 0 0 0 0 0 967 0 1000 0 0 -8.1
0 0 0 0 0 0 0 12 6 0 0 0 10 4 0 0 0 0 0 0 0 0 0 0 0 0 968 0 1000 0 0 -9
0 0 0 0 0 0 0 3 0 0 0 0 9 1 0 0 0 0 0 0 0 0 0 0 0 0 987 0 1000 0 0 -9.9
0 0 0 0 0 0 0 0 1 0 0 0 5 3 0 0 0 0 0 0 0 0 0 0 0 0 991 0 1000 0 0 -10.8
0 0 0 0 0 0 0 2 0 0 0 0 3 1 0 0 0 0 0 0 0 0 0 0 0 0 994 0 1000 0 0 -11.7
0 0 0 0 0 0 0 3 0 0 0 0 0 0 0 0 0 0 0 0 0 0 0 0 0 0 997 0 1000 0 0 -12.6
0 0 0 0 0 0 0 0 0 0 0 0 2 0 0 0 0 0 0 0 0 0 0 0 0 0 998 0 1000 0 0 -13.5
0 0 0 0 0 0 0 0 0 0 0 0 0 0 0 0 0 0 0 0 0 0 0 0 0 0 1000 0 1000 0 0 -14.4
0 0 0 0 0 0 0 0 0 0 0 0 0 0 0 0 0 0 0 0 0 0 0 0 0 0 1000 0 1000 0 0 -15.3
0 0 0 0 0 0 0 0 0 0 0 0 0 0 0 0 0 0 0 0 0 0 0 0 0 0 1000 0 1000 0 0 -16.2
0 0 0 0 0 0 0 0 0 0 0 0 0 0 0 0 0 0 0 0 0 0 0 0 0 0 1000 0 1000 0 0 -17.1
0 0 0 0 0 0 0 0 0 0 0 0 0 0 0 0 0 0 0 0 0 0 0 0 0 0 1000 0 1000 0 0 -18
0 0 0 0 0 0 0 0 0 0 0 0 0 0 0 0 0 0 0 0 0 0 0 0 0 0 1000 0 1000 0 0 -18.9
0 0 0 0 0 0 0 0 0 0 0 0 0 0 0 0 0 0 0 0 0 0 0 0 0 0 1000 0 1000 0 0 -19.8
0 0 0 0 0 0 0 0 0 0 0 0 0 0 0 0 0 0 0 0 0 0 0 0 0 0 1000 0 1000 0 0 -20.7
0 0 0 0 0 0 0 0 0 0 0 0 0 0 0 0 0 0 0 0 0 0 0 0 0 0 1000 0 1000 0 0 -21.6
0 0 0 0 0 0 0 0 0 0 0 0 0 0 0 0 0 0 0 0 0 0 0 0 0 0 1000 0 1000 0 0 -22.5
0 0 0 0 0 0 0 0 0 0 0 0 0 0 0 0 0 0 0 0 0 0 0 0 0 0 1000 0 1000 0 0 -23.4
0 0 0 0 0 0 0 0 0 0 0 0 0 0 0 0 0 0 0 0 0 0 0 0 0 0 1000 0 1000 0 0 -24.3
0 0 0 0 0 0 0 0 0 0 0 0 0 0 0 0 0 0 0 0 0 0 0 0 0 0 1000 0 1000 0 0 -25.2
0 0 0 0 0 0 0 0 0 0 0 0 0 0 0 0 0 0 0 0 0 0 0 0 0 0 1000 0 1000 0 0 -26.1
0 0 0 0 0 0 0 0 0 0 0 0 0 0 0 0 0 0 0 0 0 0 0 0 0 0 1000 0 1000 0 0 -27
0 0 0 0 0 0 0 0 0 0 0 0 0 0 0 0 0 0 0 0 0 0 0 0 0 0 1000 0 1000 0 0 -27.9
0 0 0 0 0 0 0 0 0 0 0 0 0 0 0 0 0 0 0 0 0 0 0 0 0 0 1000 0 1000 0 0 -28.8
0 0 0 0 0 0 0 0 0 0 0 0 0 0 0 0 0 0 0 0 0 0 0 0 0 0 1000 0 1000 0 0 -29.7
0 0 0 0 0 0 0 0 0 0 0 0 0 0 0 0 0 0 0 0 0 0 0 0 0 0 1000 0 1000 0 0 -30.6
0 0 0 0 0 0 0 0 0 0 0 0 0 0 0 0 0 0 0 0 0 0 0 0 0 0 1000 0 1000 0 0 -31.5
0 0 0 0 0 0 0 0 0 0 0 0 0 0 0 0 0 0 0 0 0 0 0 0 0 0 1000 0 1000 0 0 -32.4
0 0 0 0 0 0 0 0 0 0 0 0 0 0 0 0 0 0 0 0 0 0 0 0 0 0 1000 0 1000 0 0 -33.3
0 0 0 0 0 0 0 0 0 0 0 0 0 0 0 0 0 0 0 0 0 0 0 0 0 0 1000 0 1000 0 0 -34.2
