50
0 0 0 0 0 0 0 0 0 0 0 0 957 13 0 0 0 0 0 0 0 0 0 0 0 0 30 0 1000 0 0 9.9
0 0 0 0 0 0 0 0 1 0 0 0 895 87 0 0 0 0 0 0 0 0 0 0 0 0 17 0 1000 0 0 9
0 0 0 0 0 0 0 0 0 0 0 0 985 15 0 0 0 0 0 0 0 0 0 0 0 0 0 0 1000 0 0 8.1
0 0 0 0 0 0 0 2 0 0 0 0 964 34 0 0 0 0 0 0 0 0 0 0 0 0 0 0 1000 0 0 7.2
0 0 0 0 0 0 0 1 0 0 0 0 920 79 0 0 0 0 0 0 0 0 0 0 0 0 0 0 1000 0 0 6.3
0 0 0 0 0 0 0 6 7 0 0 0 816 169 0 0 0 0 1 0 0 0 0 0 0 0 1 0 1000 0 0 5.4
0 0 0 0 0 0 0 13 14 0 0 0 734 237 0 0 0 0 0 0 0 0 0 0 0 0 2 0 1000 0 0 4.5
0 0 0 0 0 0 0 18 14 0 0 0 695 267 0 0 0 0 1 0 0 0 0 0 0 0 5 0 1000 0 0 3.6
0 0 0 0 0 0 0 21 15 0 0 0 672 276 0 0 0 1 0 0 0 0 0 0 0 0 15 0 1000 0 0 2.7
0 0 0 0 0 0 0 22 20 0 0 0 611 335 0 0 0 0 3 0 0 0 0 0 0 0 9 0 1000 0 0 1.8
0 0 0 0 0 0 0 23 17 0 0 0 650 293 0 0 0 0 0 0 0 0 0 0 0 0 17 0 1000 0 0 0.9
0 0 0 0 0 0 0 36 20 0 0 0 558 270 0 0 0 1 0 0 0 0 0 0 0 0 115 0 1000 0 0 0
0 0 0 0 0 0 0 35 30 0 0 0 413 234 0 0 0 0 0 0 0 0 0 0 0 0 288 0 1000 0 0 -0.9
0 0 0 0 0 0 0 27 15 0 0 0 320 189 0 0 0 0 1 0 0 0 0 0 0 0 448 0 1000 0 0 -1.8
0 0 0 0 0 0 0 17 10 0 0 0 251 134 0 0 0 1 1 0 0 0 0 0 0 0 586 0 1000 0 0 -2.7
0 0 0 0 0 0 0 22 11 0 0 0 148 118 0 0 0 2 1 0 0 0 0 0 0 0 698 0 1000 0 0 -3.6
0 0 0 0 0 0 0 6 5 0 0 0 118 68 0 0 0 1 2 0 0 0 0 0 0 0 800 0 1000 0 0 -4.5
0 0 0 0 0 0 0 11 9 0 0 0 74 47 0 0 0 1 0 0 0 0 0 0 0 0 858 0 1000 0 0 -5.4
0 0 0 0 0 0 0 7 4 0 0 0 62 43 0 0 0 1 0 0 0 0 0 0 0 0 883 0 1000 0 0 -6.3
0 0 0 0 0 0 0 3 2 0 0 0 31 28 0 0 0 0 0 0 0 0 0 0 0 0 936 0 1000 0 0 -7.2
0 0 0 0 0 0 0 3 1 0 0 0 30 18 0 0 0 0 1 0 0 0 0 0 0 0 947 0 1000 0 0 -8.1
0 0 0 0 0 0 0 2 2 0 0 0 8 12 0 0 0 0 0 0 0 0 0 0 0 0 976 0 1000 0 0 -9
0 0 0 0 0 0 0 2 0 0 0 0 11 2 0 0 0 1 0 0 0 0 0 0 0 0 984 0 1000 0 0 -9.9
0 0 0 0 0 0 0 0 0 0 0 0 8 5 0 0 0 0 0 0 0 0 0 0 0 0 987 0 1000 0 0 -10.8
0 0 0 0 0 0 0 0 0 0 0 0 4 3 0 0 0 0 0 0 0 0 0 0 0 0 993 0 1000 0 0 -11.7
0 0 0 0 0 0 0 1 0 0 0 0 1 1 0 0 0 0 0 0 0 0 0 0 0 0 997 0 1000 0 0 -12.6
0 0 0 0 0 0 0 0 0 0 0 0 0 0 0 0 0 0 0 0 0 0 0 0 0 0 1000 0 1000 0 0 -13.5
0 0 0 0 0 0 0 0 0 0 0 0 1 0 0 0 0 0 0 0 0 0 0 0 0 0 999 0 1000 0 0 -14.4
0 0 0 0 0 0 0 0 0 0 0 0 0 0 0 0 0 0 0 0 0 0 0 0 0 0 1000 0 1000 0 0 -15.3
0 0 0 0 0 0 0 0 0 0 0 0 0 0 0 0 0 0 0 0 0 0 0 0 0 0 1000 0 1000 0 0 -16.2
0 0 0 0 0 0 0 0 0 0 0 0 0 0 0 0 0 0 0 0 0 0 0 0 0 0 1000 0 1000 0 0 -17.1
0 0 0 0 0 0 0 0 0 0 0 0 0 0 0 0 0 0 0 0 0 0 0 0 0 0 1000 0 1000 0 0 -18
0 0 0 0 0 0 0 0 0 0 0 0 0 0 0 0 0 0 0 0 0 0 0 0 0 0 1000 0 1000 0 0 -18.9
0 0 0 0 0 0 0 0 0 0 0 0 0 0 0 0 0 0 0 0 0 0 0 0 0 0 1000 0 1000 0 0 -19.8
0 0 0 0 0 0 0 0 0 0 0 0 0 0 0 0 0 0 0 0 0 0 0 0 0 0 1000 0 1000 0 0 -20.7
0 0 0 0 0 0 0 0 0 0 0 0 0 0 0 0 0 0 0 0 0 0 0 0 0 0 1000 0 1000 0 0 -21.6
0 0 0 0 0 0 0 0 0 0 0 0 0 0 0 0 0 0 0 0 0 0 0 0 0 0 1000 0 1000 0 0 -22.5
0 0 0 0 0 0 0 0 0 0 0 0 0 0 0 0 0 0 0 0 0 0 0 0 0 0 1000 0 1000 0 0 -23.4
0 0 0 0 0 0 0 0 0 0 0 0 0 0 0 0 0 0 0 0 0 0 0 0 0 0 1000 0 1000 0 0 -24.3
0 0 0 0 0 0 0 0 0 0 0 0 0 0 0 0 0 0 0 0 0 0 0 0 0 0 1000 0 1000 0 0 -25.2
0 0 0 0 0 0 0 0 0 0 0 0 0 0 0 0 0 0 0 0 0 0 0 0 0 0 1000 0 1000 0 0 -26.1
0 0 0 0 0 0 0 0 0 0 0 0 0 0 0 0 0 0 0 0 0 0 0 0 0 0 1000 0 1000 0 0 -27
0 0 0 0 0 0 0 0 0 0 0 0 0 0 0 0 0 0 0 0 0 0 0 0 0 0 1000 0 1000 0 0 -27.9
0 0 0 0 0 0 0 0 0 0 0 0 0 0 0 0 0 0 0 0 0 0 0 0 0 0 1000 0 1000 0 0 -28.8
0 0 0 0 0 0 0 0 0 0 0 0 0 0 0 0 0 0 0 0 0 0 0 0 0 0 1000 0 1000 0 0 -29.7
0 0 0 0 0 0 0 0 0 0 0 0 0 0 0 0 0 0 0 0 0 0 0 0 0 0 1000 0 1000 0 0 -30.6
0 0 0 0 0 0 0 0 0 0 0 0 0 0 0 0 0 0 0 0 0 0 0 0 0 0 1000 0 1000 0 0 -31.5
0 0 0 0 0 0 0 0 0 0 0 0 0 0 0 0 0 0 0 0 0 0 0 0 0 0 1000 0 1000 0 0 -32.4
0 0 0 0 0 0 0 0 0 0 0 0 0 0 0 0 0 0 0 0 0 0 0 0 0 0 1000 0 1000 0 0 -33.3
0 0 0 0 0 0 0 0 0 0 0 0 0 0 0 0 0 0 0 0 0 0 0 0 0 0 1000 0 1000 0 0 -34.2
