50
0 0 0 0 0 0 0 3 2 0 0 0 498 26 0 0 0 0 0 0 0 0 0 0 0 0 471 0 1000 0 0 9.9
0 0 0 0 0 0 0 32 21 0 0 0 653 229 0 0 0 0 0 0 0 0 0 0 0 0 65 0 1000 0 0 9
0 0 0 0 0 0 0 30 28 0 0 0 770 171 0 0 0 0 0 0 0 0 0 0 0 0 1 0 1000 0 0 8.1
0 0 0 0 0 0 0 55 24 0 0 0 711 207 0 0 0 0 0 0 0 0 0 0 0 0 3 0 1000 0 0 7.2
0 0 0 0 0 0 0 60 44 0 0 0 622 267 0 0 0 0 0 0 0 0 0 0 0 0 7 0 1000 0 0 6.3
0 0 0 0 0 0 0 107 69 0 0 0 536 279 0 0 0 0 0 0 0 0 0 0 0 0 9 0 1000 0 0 5.4
0 0 0 0 0 0 0 108 89 0 0 0 478 312 0 0 0 0 0 0 0 0 0 0 0 0 13 0 1000 0 0 4.5
0 0 0 0 0 0 0 124 85 0 0 0 451 312 0 0 0 0 0 0 0 0 0 0 0 0 28 0 1000 0 0 3.6
0 0 0 0 0 0 0 129 112 0 0 0 444 283 0 0 0 0 0 0 0 0 0 0 0 0 32 0 1000 0 0 2.7
0 0 0 0 0 0 0 123 111 0 0 0 419 316 0 0 0 0 0 0 0 0 0 0 0 0 31 0 1000 0 0 1.8
0 0 0 0 0 0 0 130 109 0 0 0 429 305 0 0 0 0 0 0 0 0 0 0 0 0 27 0 1000 0 0 0.9
0 0 0 0 0 0 0 117 90 0 0 0 359 289 0 0 0 0 0 0 0 0 0 0 0 0 145 0 1000 0 0 0
0 0 0 0 0 0 0 102 95 0 0 0 282 194 0 0 0 0 0 0 0 0 0 0 0 0 327 0 1000 0 0 -0.9
0 0 0 0 0 0 0 92 62 0 0 0 223 160 0 0 0 0 2 0 0 0 0 0 0 0 461 0 1000 0 0 -1.8
0 0 0 0 0 0 0 68 59 0 0 0 166 111 1 0 0 0 0 0 0 0 0 0 0 0 595 0 1000 0 0 -2.7
0 0 0 0 0 0 0 45 37 0 0 0 127 90 0 0 0 0 0 0 0 0 0 0 0 0 701 0 1000 0 0 -3.6
0 0 0 0 0 0 0 27 43 0 0 0 88 65 0 0 0 1 0 0 0 0 0 0 0 0 776 0 1000 0 0 -4.5
0 0 0 0 0 0 0 34 24 0 0 0 49 43 0 0 0 0 0 0 0 0 0 0 0 0 850 0 1000 0 0 -5.4
0 0 0 0 0 0 0 15 11 0 0 0 47 24 0 0 0 0 0 0 0 0 0 0 0 0 903 0 1000 0 0 -6.3
0 0 0 0 0 0 0 7 6 0 0 0 19 28 0 0 0 0 0 0 0 0 0 0 0 0 940 0 1000 0 0 -7.2
0 0 0 0 0 0 0 4 5 0 0 0 19 16 0 0 0 0 0 0 0 0 0 0 0 0 956 0 1000 0 0 -8.1
0 0 0 0 0 0 0 6 5 0 0 0 7 7 0 0 0 0 0 0 0 0 0 0 0 0 975 0 1000 0 0 -9
0 0 0 0 0 0 0 2 4 0 0 0 5 2 0 0 0 0 0 0 0 0 0 0 0 0 987 0 1000 0 0 -9.9
0 0 0 0 0 0 0 0 2 0 0 0 5 0 0 0 0 0 0 0 0 0 0 0 0 0 993 0 1000 0 0 -10.8
0 0 0 0 0 0 0 1 1 0 0 0 5 1 0 0 0 0 0 0 0 0 0 0 0 0 992 0 1000 0 0 -11.7
0 0 0 0 0 0 0 0 0 0 0 0 2 3 0 0 0 0 0 0 0 0 0 0 0 0 995 0 1000 0 0 -12.6
0 0 0 0 0 0 0 0 1 0 0 0 1 0 0 0 0 0 0 0 0 0 0 0 0 0 998 0 1000 0 0 -13.5
0 0 0 0 0 0 0 0 0 0 0 0 0 0 0 0 0 0 0 0 0 0 0 0 0 0 1000 0 1000 0 0 -14.4
0 0 0 0 0 0 0 0 0 0 0 0 1 0 0 0 0 0 0 0 0 0 0 0 0 0 999 0 1000 0 0 -15.3
0 0 0 0 0 0 0 0 0 0 0 0 0 0 0 0 0 0 0 0 0 0 0 0 0 0 1000 0 1000 0 0 -16.2
0 0 0 0 0 0 0 0 0 0 0 0 0 0 0 0 0 0 0 0 0 0 0 0 0 0 1000 0 1000 0 0 -17.1
0 0 0 0 0 0 0 0 0 0 0 0 0 0 0 0 0 0 0 0 0 0 0 0 0 0 1000 0 1000 0 0 -18
0 0 0 0 0 0 0 0 0 0 0 0 0 0 0 0 0 0 0 0 0 0 0 0 0 0 1000 0 1000 0 0 -18.9
0 0 0 0 0 0 0 0 0 0 0 0 0 0 0 0 0 0 0 0 0 0 0 0 0 0 1000 0 1000 0 0 -19.8
0 0 0 0 0 0 0 0 0 0 0 0 0 0 0 0 0 0 0 0 0 0 0 0 0 0 1000 0 1000 0 0 -20.7
0 0 0 0 0 0 0 0 0 0 0 0 0 0 0 0 0 0 0 0 0 0 0 0 0 0 1000 0 1000 0 0 -21.6
0 0 0 0 0 0 0 0 0 0 0 0 0 0 0 0 0 0 0 0 0 0 0 0 0 0 1000 0 1000 0 0 -22.5
0 0 0 0 0 0 0 0 0 0 0 0 0 0 0 0 0 0 0 0 0 0 0 0 0 0 1000 0 1000 0 0 -23.4
0 0 0 0 0 0 0 0 0 0 0 0 0 0 0 0 0 0 0 0 0 0 0 0 0 0 1000 0 1000 0 0 -24.3
0 0 0 0 0 0 0 0 0 0 0 0 0 0 0 0 0 0 0 0 0 0 0 0 0 0 1000 0 1000 0 0 -25.2
0 0 0 0 0 0 0 0 0 0 0 0 0 0 0 0 0 0 0 0 0 0 0 0 0 0 1000 0 1000 0 0 -26.1
0 0 0 0 0 0 0 0 0 0 0 0 0 0 0 0 0 0 0 0 0 0 0 0 0 0 1000 0 1000 0 0 -27
0 0 0 0 0 0 0 0 0 0 0 0 0 0 0 0 0 0 0 0 0 0 0 0 0 0 1000 0 1000 0 0 -27.9
0 0 0 0 0 0 0 0 0 0 0 0 0 0 0 0 0 0 0 0 0 0 0 0 0 0 1000 0 1000 0 0 -28.8
0 0 0 0 0 0 0 0 0 0 0 0 0 0 0 0 0 0 0 0 0 0 0 0 0 0 1000 0 1000 0 0 -29.7
0 0 0 0 0 0 0 0 0 0 0 0 0 0 0 0 0 0 0 0 0 0 0 0 0 0 1000 0 1000 0 0 -30.6
0 0 0 0 0 0 0 0 0 0 0 0 0 0 0 0 0 0 0 0 0 0 0 0 0 0 1000 0 1000 0 0 -31.5
0 0 0 0 0 0 0 0 0 0 0 0 0 0 0 0 0 0 0 0 0 0 0 0 0 0 1000 0 1000 0 0 -32.4
0 0 0 0 0 0 0 0 0 0 0 0 0 0 0 0 0 0 0 0 0 0 0 0 0 0 1000 0 1000 0 0 -33.3
0 0 0 0 0 0 0 0 0 0 0 0 0 0 0 0 0 0 0 0 0 0 0 0 0 0 1000 0 1000 0 0 -34.2
