50
0 0 0 0 0 0 0 30 0 0 0 0 506 0 0 0 0 0 0 0 0 0 0 0 0 0 464 0 1000 0 0 9.9
0 0 0 0 0 0 0 239 3 0 0 0 705 7 0 0 0 0 0 0 0 0 0 0 0 0 46 0 1000 0 0 9
0 0 0 0 0 0 0 170 5 0 0 0 816 7 0 0 0 0 0 0 0 0 0 0 0 0 2 0 1000 0 0 8.1
0 0 0 0 0 0 0 199 8 0 0 0 789 2 0 0 0 0 0 0 0 0 0 0 0 0 2 0 1000 0 0 7.2
0 0 0 0 0 0 0 245 11 0 0 0 730 11 0 0 0 0 0 0 0 0 0 0 0 0 3 0 1000 0 0 6.3
0 0 0 0 0 0 0 344 14 0 0 0 613 23 0 0 0 0 0 0 0 0 0 0 0 0 6 0 1000 0 0 5.4
0 0 0 0 0 0 0 333 29 0 0 1 585 42 0 0 0 0 0 0 0 0 0 0 0 0 10 0 1000 0 0 4.5
0 0 0 0 0 0 0 345 38 0 0 0 551 51 0 0 0 0 0 0 0 0 0 0 0 0 15 0 1000 0 0 3.6
0 0 0 0 0 0 0 342 43 0 0 1 542 53 0 0 0 0 0 0 0 0 0 0 0 0 19 0 1000 0 0 2.7
0 0 0 0 0 0 1 358 48 0 0 0 502 66 0 0 0 0 0 0 0 0 0 0 0 0 25 0 1000 0 0 1.8
0 0 0 0 0 0 1 354 47 0 0 1 508 66 0 0 0 0 0 0 0 0 0 0 0 0 23 0 1000 0 0 0.9
0 0 0 0 0 0 0 280 49 0 0 0 456 58 0 0 0 0 0 0 0 0 0 0 0 0 157 0 1000 0 0 0
0 0 0 0 0 0 0 249 44 0 0 0 335 60 0 0 0 0 0 0 0 0 0 0 0 0 312 0 1000 0 0 -0.9
0 0 0 0 0 0 0 204 28 0 0 0 259 45 0 0 0 0 0 0 0 0 0 0 0 0 464 0 1000 0 0 -1.8
0 0 0 0 0 0 0 162 35 0 0 0 207 42 0 0 0 0 0 0 0 0 0 0 0 0 554 0 1000 0 0 -2.7
0 0 0 0 0 0 0 113 26 0 0 0 126 17 0 0 0 0 0 0 0 0 0 0 0 0 718 0 1000 0 0 -3.6
0 0 0 0 0 0 0 76 26 0 0 0 87 13 0 0 0 0 0 0 0 0 0 0 0 0 798 0 1000 0 0 -4.5
0 0 0 0 0 0 0 59 16 0 0 0 71 15 0 0 0 0 0 0 0 0 0 0 0 0 839 0 1000 0 0 -5.4
0 0 0 0 0 0 0 40 8 0 0 0 47 13 0 0 0 0 0 0 0 0 0 0 0 0 892 0 1000 0 0 -6.3
0 0 0 0 0 0 0 16 3 0 0 0 24 7 0 0 0 0 0 0 0 0 0 0 0 0 950 0 1000 0 0 -7.2
0 0 0 0 0 0 0 13 4 0 0 0 15 3 0 0 0 0 0 0 0 0 0 0 0 0 965 0 1000 0 0 -8.1
0 0 0 0 0 0 0 7 2 0 0 0 7 2 0 0 0 0 0 0 0 0 0 0 0 0 982 0 1000 0 0 -9
0 0 0 0 0 0 0 2 1 0 0 0 8 2 0 0 0 0 0 0 0 0 0 0 0 0 987 0 1000 0 0 -9.9
0 0 0 0 0 0 0 1 1 0 0 0 5 1 0 0 0 0 0 0 0 0 0 0 0 0 992 0 1000 0 0 -10.8
0 0 0 0 0 0 0 0 0 0 0 0 4 0 0 0 0 0 0 0 0 0 0 0 0 0 996 0 1000 0 0 -11.7
0 0 0 0 0 0 0 0 0 0 0 0 3 0 0 0 0 0 0 0 0 0 0 0 0 0 997 0 1000 0 0 -12.6
0 0 0 0 0 0 0 0 0 0 0 0 0 0 0 0 0 0 0 0 0 0 0 0 0 0 1000 0 1000 0 0 -13.5
0 0 0 0 0 0 0 1 0 0 0 0 1 0 0 0 0 0 0 0 0 0 0 0 0 0 998 0 1000 0 0 -14.4
0 0 0 0 0 0 0 0 0 0 0 0 0 0 0 0 0 0 0 0 0 0 0 0 0 0 1000 0 1000 0 0 -15.3
0 0 0 0 0 0 0 0 0 0 0 0 0 0 0 0 0 0 0 0 0 0 0 0 0 0 1000 0 1000 0 0 -16.2
0 0 0 0 0 0 0 0 0 0 0 0 0 0 0 0 0 0 0 0 0 0 0 0 0 0 1000 0 1000 0 0 -17.1
0 0 0 0 0 0 0 0 0 0 0 0 0 0 0 0 0 0 0 0 0 0 0 0 0 0 1000 0 1000 0 0 -18
0 0 0 0 0 0 0 0 0 0 0 0 0 0 0 0 0 0 0 0 0 0 0 0 0 0 1000 0 1000 0 0 -18.9
0 0 0 0 0 0 0 0 0 0 0 0 0 0 0 0 0 0 0 0 0 0 0 0 0 0 1000 0 1000 0 0 -19.8
0 0 0 0 0 0 0 0 0 0 0 0 0 0 0 0 0 0 0 0 0 0 0 0 0 0 1000 0 1000 0 0 -20.7
0 0 0 0 0 0 0 0 0 0 0 0 0 0 0 0 0 0 0 0 0 0 0 0 0 0 1000 0 1000 0 0 -21.6
0 0 0 0 0 0 0 0 0 0 0 0 0 0 0 0 0 0 0 0 0 0 0 0 0 0 1000 0 1000 0 0 -22.5
0 0 0 0 0 0 0 0 0 0 0 0 0 0 0 0 0 0 0 0 0 0 0 0 0 0 1000 0 1000 0 0 -23.4
0 0 0 0 0 0 0 0 0 0 0 0 0 0 0 0 0 0 0 0 0 0 0 0 0 0 1000 0 1000 0 0 -24.3
0 0 0 0 0 0 0 0 0 0 0 0 0 0 0 0 0 0 0 0 0 0 0 0 0 0 1000 0 1000 0 0 -25.2
0 0 0 0 0 0 0 0 0 0 0 0 0 0 0 0 0 0 0 0 0 0 0 0 0 0 1000 0 1000 0 0 -26.1
0 0 0 0 0 0 0 0 0 0 0 0 0 0 0 0 0 0 0 0 0 0 0 0 0 0 1000 0 1000 0 0 -27
0 0 0 0 0 0 0 0 0 0 0 0 0 0 0 0 0 0 0 0 0 0 0 0 0 0 1000 0 1000 0 0 -27.9
0 0 0 0 0 0 0 0 0 0 0 0 0 0 0 0 0 0 0 0 0 0 0 0 0 0 1000 0 1000 0 0 -28.8
0 0 0 0 0 0 0 0 0 0 0 0 0 0 0 0 0 0 0 0 0 0 0 0 0 0 1000 0 1000 0 0 -29.7
0 0 0 0 0 0 0 0 0 0 0 0 0 0 0 0 0 0 0 0 0 0 0 0 0 0 1000 0 1000 0 0 -30.6
0 0 0 0 0 0 0 0 0 0 0 0 0 0 0 0 0 0 0 0 0 0 0 0 0 0 1000 0 1000 0 0 -31.5
0 0 0 0 0 0 0 0 0 0 0 0 0 0 0 0 0 0 0 0 0 0 0 0 0 0 1000 0 1000 0 0 -32.4
0 0 0 0 0 0 0 0 0 0 0 0 0 0 0 0 0 0 0 0 0 0 0 0 0 0 1000 0 1000 0 0 -33.3
0 0 0 0 0 0 0 0 0 0 0 0 0 0 0 0 0 0 0 0 0 0 0 0 0 0 1000 0 1000 0 0 -34.2
