50
0 0 0 0 0 0 0 3 0 0 0 0 989 1 0 0 0 0 0 0 0 0 0 0 0 0 7 0 1000 0 0 9.9
0 0 0 0 0 0 0 38 4 0 0 0 928 10 0 0 0 0 0 0 0 0 0 0 0 0 20 0 1000 0 0 9
0 0 0 0 0 0 0 2 1 0 0 0 997 0 0 0 0 0 0 0 0 0 0 0 0 0 0 0 1000 0 0 8.1
0 0 0 0 0 0 0 15 0 0 0 0 980 5 0 0 0 0 0 0 0 0 0 0 0 0 0 0 1000 0 0 7.2
0 0 0 0 0 0 0 65 12 0 0 0 901 21 0 0 0 0 0 0 0 0 0 0 0 0 1 0 1000 0 0 6.3
0 0 0 0 0 0 0 113 21 0 0 0 816 40 0 0 0 0 0 0 0 0 0 0 0 0 10 0 1000 0 0 5.4
0 0 0 0 0 0 0 159 42 0 0 0 713 75 0 0 0 0 0 0 0 0 0 0 0 0 11 0 1000 0 0 4.5
0 0 0 0 0 0 0 211 54 0 0 0 606 112 0 0 0 0 0 0 0 0 0 0 0 0 17 0 1000 0 0 3.6
0 0 0 0 0 0 0 231 51 0 0 1 584 113 0 0 0 0 0 0 0 0 0 0 0 0 20 0 1000 0 0 2.7
0 0 0 0 0 0 0 234 59 0 0 0 591 99 0 0 0 0 0 0 0 0 0 0 0 0 17 0 1000 0 0 1.8
0 0 0 0 0 0 0 231 58 0 0 0 558 129 0 0 0 0 0 0 0 0 0 0 0 0 24 0 1000 0 0 0.9
0 0 0 0 0 0 0 196 59 0 0 0 498 110 0 0 0 0 0 0 0 0 0 0 0 0 137 0 1000 0 0 0
0 0 0 0 0 0 0 165 59 0 0 1 364 92 0 0 0 0 0 0 0 0 0 0 0 0 319 0 1000 0 0 -0.9
0 0 0 0 0 0 0 147 40 0 0 0 283 87 0 0 0 1 0 0 0 0 0 0 0 0 442 0 1000 0 0 -1.8
0 0 0 0 0 0 1 100 29 0 0 0 241 56 0 0 0 0 0 0 0 0 0 0 0 0 573 0 1000 0 0 -2.7
0 0 0 0 0 0 0 80 26 0 0 0 180 47 0 0 0 0 0 0 0 0 0 0 0 0 667 0 1000 0 0 -3.6
0 0 0 0 0 0 0 57 17 0 0 0 101 40 0 0 0 0 0 0 0 0 0 0 0 0 785 0 1000 0 0 -4.5
0 0 0 0 0 0 0 39 23 0 0 0 85 31 0 0 0 0 0 0 0 0 0 0 0 0 822 0 1000 0 0 -5.4
0 0 0 0 0 0 2 23 13 0 0 0 47 20 0 0 0 0 0 0 0 0 0 0 0 0 895 0 1000 0 0 -6.3
0 0 0 0 0 0 0 23 6 0 0 0 24 12 0 0 0 0 0 0 0 0 0 0 0 0 935 0 1000 0 0 -7.2
0 0 0 0 0 0 0 8 3 0 0 0 23 8 0 0 0 0 0 0 0 0 0 0 0 0 958 0 1000 0 0 -8.1
0 0 0 0 0 0 0 8 10 0 0 0 13 9 0 0 0 0 0 0 0 0 0 0 0 0 960 0 1000 0 0 -9
0 0 0 0 0 0 1 6 1 0 0 0 7 3 0 0 0 0 0 0 0 0 0 0 0 0 982 0 1000 0 0 -9.9
0 0 0 0 0 0 0 1 1 0 0 0 1 4 0 0 0 0 0 0 0 0 0 0 0 0 993 0 1000 0 0 -10.8
0 0 0 0 0 0 0 1 0 0 0 0 5 0 0 0 0 0 0 0 0 0 0 0 0 0 994 0 1000 0 0 -11.7
0 0 0 0 0 0 0 0 0 0 0 0 1 0 0 0 0 0 0 0 0 0 0 0 0 0 999 0 1000 0 0 -12.6
0 0 0 0 0 0 0 0 0 0 0 0 0 0 0 0 0 0 0 0 0 0 0 0 0 0 1000 0 1000 0 0 -13.5
0 0 0 0 0 0 0 0 0 0 0 0 1 0 0 0 0 0 0 0 0 0 0 0 0 0 999 0 1000 0 0 -14.4
0 0 0 0 0 0 0 0 0 0 0 0 0 0 0 0 0 0 0 0 0 0 0 0 0 0 1000 0 1000 0 0 -15.3
0 0 0 0 0 0 0 0 0 0 0 0 0 0 0 0 0 0 0 0 0 0 0 0 0 0 1000 0 1000 0 0 -16.2
0 0 0 0 0 0 0 0 0 0 0 0 0 0 0 0 0 0 0 0 0 0 0 0 0 0 1000 0 1000 0 0 -17.1
0 0 0 0 0 0 0 0 0 0 0 0 0 0 0 0 0 0 0 0 0 0 0 0 0 0 1000 0 1000 0 0 -18
0 0 0 0 0 0 0 0 0 0 0 0 0 0 0 0 0 0 0 0 0 0 0 0 0 0 1000 0 1000 0 0 -18.9
0 0 0 0 0 0 0 0 0 0 0 0 0 0 0 0 0 0 0 0 0 0 0 0 0 0 1000 0 1000 0 0 -19.8
0 0 0 0 0 0 0 0 0 0 0 0 0 0 0 0 0 0 0 0 0 0 0 0 0 0 1000 0 1000 0 0 -20.7
0 0 0 0 0 0 0 0 0 0 0 0 0 0 0 0 0 0 0 0 0 0 0 0 0 0 1000 0 1000 0 0 -21.6
0 0 0 0 0 0 0 0 0 0 0 0 0 0 0 0 0 0 0 0 0 0 0 0 0 0 1000 0 1000 0 0 -22.5
0 0 0 0 0 0 0 0 0 0 0 0 0 0 0 0 0 0 0 0 0 0 0 0 0 0 1000 0 1000 0 0 -23.4
0 0 0 0 0 0 0 0 0 0 0 0 0 0 0 0 0 0 0 0 0 0 0 0 0 0 1000 0 1000 0 0 -24.3
0 0 0 0 0 0 0 0 0 0 0 0 0 0 0 0 0 0 0 0 0 0 0 0 0 0 1000 0 1000 0 0 -25.2
0 0 0 0 0 0 0 0 0 0 0 0 0 0 0 0 0 0 0 0 0 0 0 0 0 0 1000 0 1000 0 0 -26.1
0 0 0 0 0 0 0 0 0 0 0 0 0 0 0 0 0 0 0 0 0 0 0 0 0 0 1000 0 1000 0 0 -27
0 0 0 0 0 0 0 0 0 0 0 0 0 0 0 0 0 0 0 0 0 0 0 0 0 0 1000 0 1000 0 0 -27.9
0 0 0 0 0 0 0 0 0 0 0 0 0 0 0 0 0 0 0 0 0 0 0 0 0 0 1000 0 1000 0 0 -28.8
0 0 0 0 0 0 0 0 0 0 0 0 0 0 0 0 0 0 0 0 0 0 0 0 0 0 1000 0 1000 0 0 -29.7
0 0 0 0 0 0 0 0 0 0 0 0 0 0 0 0 0 0 0 0 0 0 0 0 0 0 1000 0 1000 0 0 -30.6
0 0 0 0 0 0 0 0 0 0 0 0 0 0 0 0 0 0 0 0 0 0 0 0 0 0 1000 0 1000 0 0 -31.5
0 0 0 0 0 0 0 0 0 0 0 0 0 0 0 0 0 0 0 0 0 0 0 0 0 0 1000 0 1000 0 0 -32.4
0 0 0 0 0 0 0 0 0 0 0 0 0 0 0 0 0 0 0 0 0 0 0 0 0 0 1000 0 1000 0 0 -33.3
0 0 0 0 0 0 0 0 0 0 0 0 0 0 0 0 0 0 0 0 0 0 0 0 0 0 1000 0 1000 0 0 -34.2
