50
0 0 0 0 0 0 0 0 0 0 0 0 999 0 0 0 0 0 0 0 0 0 0 0 0 0 1 0 1000 0 0 9.9
0 0 0 0 0 0 0 1 0 0 0 0 998 0 0 0 0 0 0 0 0 0 0 0 0 0 1 0 1000 0 0 9
0 0 0 0 0 0 0 0 0 0 0 0 1000 0 0 0 0 0 0 0 0 0 0 0 0 0 0 0 1000 0 0 8.1
0 0 0 0 0 0 0 0 0 0 0 0 1000 0 0 0 0 0 0 0 0 0 0 0 0 0 0 0 1000 0 0 7.2
0 0 0 0 0 0 0 0 0 0 0 0 1000 0 0 0 0 0 0 0 0 0 0 0 0 0 0 0 1000 0 0 6.3
0 0 0 0 0 0 0 1 0 0 0 0 998 1 0 0 0 0 0 0 0 0 0 0 0 0 0 0 1000 0 0 5.4
0 0 0 0 0 0 0 16 0 0 0 0 981 3 0 0 0 0 0 0 0 0 0 0 0 0 0 0 1000 0 0 4.5
0 0 0 0 0 0 0 54 6 0 0 0 919 18 0 0 0 0 0 0 0 0 0 0 0 0 3 0 1000 0 0 3.6
0 0 0 0 0 0 0 65 12 0 0 0 894 26 0 0 0 0 0 0 0 0 0 0 0 0 3 0 1000 0 0 2.7
0 0 0 0 0 0 0 85 11 0 0 0 876 20 0 0 0 0 0 0 0 0 0 0 0 0 8 0 1000 0 0 1.8
0 0 0 0 0 0 0 89 13 0 0 1 849 27 0 0 0 0 0 0 0 0 0 0 0 0 21 0 1000 0 0 0.9
0 0 0 0 0 0 0 116 11 0 0 0 705 37 0 0 0 0 0 0 0 0 0 0 0 0 131 0 1000 0 0 0
0 0 0 0 0 0 0 104 17 0 0 0 529 28 0 0 0 0 0 0 0 0 0 0 0 0 322 0 1000 0 0 -0.9
0 0 0 0 0 0 0 83 16 0 0 1 421 34 0 0 0 1 0 0 0 0 0 0 0 0 444 0 1000 0 0 -1.8
0 0 0 0 0 0 0 73 17 0 0 1 321 34 0 0 0 1 0 0 0 0 0 0 0 0 553 0 1000 0 0 -2.7
0 0 0 0 0 0 0 54 7 0 0 0 238 26 0 0 0 2 0 0 0 0 0 0 0 0 673 0 1000 0 0 -3.6
0 0 0 0 0 0 0 45 8 0 0 0 141 20 0 0 0 0 1 0 0 0 0 0 0 0 785 0 1000 0 0 -4.5
0 0 0 0 0 0 0 25 4 0 0 1 106 18 0 0 0 0 0 0 0 0 0 0 0 0 846 0 1000 0 0 -5.4
0 0 0 0 0 0 1 27 1 0 0 1 71 3 0 0 0 0 0 0 0 0 0 0 0 0 896 0 1000 0 0 -6.3
0 0 0 0 0 0 0 11 1 0 0 1 45 11 0 0 0 0 0 0 0 0 0 0 0 0 931 0 1000 0 0 -7.2
0 0 0 0 0 0 0 8 2 0 0 0 37 4 0 0 0 0 0 0 0 0 0 0 0 0 949 0 1000 0 0 -8.1
0 0 0 0 0 0 0 6 0 0 0 0 22 6 0 0 0 0 0 0 0 0 0 0 0 0 966 0 1000 0 0 -9
0 0 0 0 0 0 0 5 0 0 0 0 11 1 0 0 0 0 0 0 0 0 0 0 0 0 983 0 1000 0 0 -9.9
0 0 0 0 0 0 0 0 0 0 0 0 8 0 0 0 0 0 0 0 0 0 0 0 0 0 992 0 1000 0 0 -10.8
0 0 0 0 0 0 0 1 0 0 0 0 2 0 0 0 0 0 0 0 0 0 0 0 0 0 997 0 1000 0 0 -11.7
0 0 0 0 0 0 0 0 0 0 0 0 1 0 0 0 0 0 0 0 0 0 0 0 0 0 999 0 1000 0 0 -12.6
0 0 0 0 0 0 0 0 0 0 0 0 0 0 0 0 0 0 0 0 0 0 0 0 0 0 1000 0 1000 0 0 -13.5
0 0 0 0 0 0 0 1 0 0 0 0 1 0 0 0 0 0 0 0 0 0 0 0 0 0 998 0 1000 0 0 -14.4
0 0 0 0 0 0 0 0 0 0 0 0 0 0 0 0 0 0 0 0 0 0 0 0 0 0 1000 0 1000 0 0 -15.3
0 0 0 0 0 0 0 0 0 0 0 0 0 0 0 0 0 0 0 0 0 0 0 0 0 0 1000 0 1000 0 0 -16.2
0 0 0 0 0 0 0 0 0 0 0 0 0 0 0 0 0 0 0 0 0 0 0 0 0 0 1000 0 1000 0 0 -17.1
0 0 0 0 0 0 0 0 0 0 0 0 0 0 0 0 0 0 0 0 0 0 0 0 0 0 1000 0 1000 0 0 -18
0 0 0 0 0 0 0 0 0 0 0 0 0 0 0 0 0 0 0 0 0 0 0 0 0 0 1000 0 1000 0 0 -18.9
0 0 0 0 0 0 0 0 0 0 0 0 0 0 0 0 0 0 0 0 0 0 0 0 0 0 1000 0 1000 0 0 -19.8
0 0 0 0 0 0 0 0 0 0 0 0 0 0 0 0 0 0 0 0 0 0 0 0 0 0 1000 0 1000 0 0 -20.7
0 0 0 0 0 0 0 0 0 0 0 0 0 0 0 0 0 0 0 0 0 0 0 0 0 0 1000 0 1000 0 0 -21.6
0 0 0 0 0 0 0 0 0 0 0 0 0 0 0 0 0 0 0 0 0 0 0 0 0 0 1000 0 1000 0 0 -22.5
0 0 0 0 0 0 0 0 0 0 0 0 0 0 0 0 0 0 0 0 0 0 0 0 0 0 1000 0 1000 0 0 -23.4
0 0 0 0 0 0 0 0 0 0 0 0 0 0 0 0 0 0 0 0 0 0 0 0 0 0 1000 0 1000 0 0 -24.3
0 0 0 0 0 0 0 0 0 0 0 0 0 0 0 0 0 0 0 0 0 0 0 0 0 0 1000 0 1000 0 0 -25.2
0 0 0 0 0 0 0 0 0 0 0 0 0 0 0 0 0 0 0 0 0 0 0 0 0 0 1000 0 1000 0 0 -26.1
0 0 0 0 0 0 0 0 0 0 0 0 0 0 0 0 0 0 0 0 0 0 0 0 0 0 1000 0 1000 0 0 -27
0 0 0 0 0 0 0 0 0 0 0 0 0 0 0 0 0 0 0 0 0 0 0 0 0 0 1000 0 1000 0 0 -27.9
0 0 0 0 0 0 0 0 0 0 0 0 0 0 0 0 0 0 0 0 0 0 0 0 0 0 1000 0 1000 0 0 -28.8
0 0 0 0 0 0 0 0 0 0 0 0 0 0 0 0 0 0 0 0 0 0 0 0 0 0 1000 0 1000 0 0 -29.7
0 0 0 0 0 0 0 0 0 0 0 0 0 0 0 0 0 0 0 0 0 0 0 0 0 0 1000 0 1000 0 0 -30.6
0 0 0 0 0 0 0 0 0 0 0 0 0 0 0 0 0 0 0 0 0 0 0 0 0 0 1000 0 1000 0 0 -31.5
0 0 0 0 0 0 0 0 0 0 0 0 0 0 0 0 0 0 0 0 0 0 0 0 0 0 1000 0 1000 0 0 -32.4
0 0 0 0 0 0 0 0 0 0 0 0 0 0 0 0 0 0 0 0 0 0 0 0 0 0 1000 0 1000 0 0 -33.3
0 0 0 0 0 0 0 0 0 0 0 0 0 0 0 0 0 0 0 0 0 0 0 0 0 0 1000 0 1000 0 0 -34.2
