50
0 0 0 0 0 0 0 0 0 0 0 0 526 19 0 0 0 0 0 0 0 0 0 0 0 0 455 0 1000 0 0 9.9
0 0 0 0 0 0 0 0 0 0 0 0 697 230 0 0 0 0 0 0 0 0 0 0 0 0 73 0 1000 0 0 9
0 0 0 0 0 0 0 0 0 0 0 0 851 148 0 0 0 1 0 0 0 0 0 0 0 0 0 0 1000 0 0 8.1
0 0 0 0 0 0 0 0 0 0 0 0 817 182 0 0 0 0 1 0 0 0 0 0 0 0 0 0 1000 0 0 7.2
0 0 0 0 0 0 0 0 0 0 0 0 780 220 0 0 0 0 0 0 0 0 0 0 0 0 0 0 1000 0 0 6.3
0 0 0 0 0 0 0 4 1 0 0 0 695 298 0 0 0 1 0 0 0 0 0 0 0 0 1 0 1000 0 0 5.4
0 0 0 0 0 0 0 3 3 0 0 0 627 365 0 0 0 1 1 0 0 0 0 0 0 0 0 0 1000 0 0 4.5
0 0 0 0 0 0 0 3 2 0 0 0 614 373 0 0 0 3 2 0 0 0 0 0 0 0 3 0 1000 0 0 3.6
0 0 0 0 0 0 0 5 6 0 0 0 596 385 0 0 0 0 3 0 0 0 0 0 0 0 5 0 1000 0 0 2.7
0 0 0 0 0 0 0 2 4 0 0 0 590 384 0 0 0 5 0 0 0 0 0 0 0 0 15 0 1000 0 0 1.8
0 0 0 0 0 0 0 7 2 0 0 0 582 378 0 0 0 1 3 0 0 0 0 0 0 0 27 0 1000 0 0 0.9
0 0 0 0 0 0 0 7 4 0 0 0 489 368 0 0 0 3 4 0 0 0 0 0 0 0 125 0 1000 0 0 0
0 0 0 0 0 0 0 6 9 0 0 0 374 312 0 0 0 5 6 0 0 0 0 0 0 0 288 0 1000 0 0 -0.9
0 0 0 0 0 0 0 7 5 0 0 1 299 238 0 0 0 3 2 0 0 0 0 0 0 0 445 0 1000 0 0 -1.8
0 0 0 0 0 0 0 10 4 0 0 0 259 155 0 0 0 2 4 0 0 0 0 0 0 0 566 0 1000 0 0 -2.7
0 0 0 0 0 0 0 11 4 0 0 0 155 125 0 0 0 5 3 0 0 0 0 0 0 0 697 0 1000 0 0 -3.6
0 0 0 0 0 0 0 5 9 0 0 0 119 96 0 0 0 2 2 0 0 0 0 0 0 0 767 0 1000 0 0 -4.5
0 0 0 0 0 0 0 5 6 0 0 0 74 67 0 0 0 0 2 0 0 0 0 0 0 0 846 0 1000 0 0 -5.4
0 0 0 0 0 0 0 0 2 0 0 0 50 41 0 0 1 1 0 0 0 0 0 0 0 0 905 0 1000 0 0 -6.3
0 0 0 0 0 0 0 1 2 0 0 0 30 26 0 0 0 1 3 0 0 0 0 0 0 0 937 0 1000 0 0 -7.2
0 0 0 0 0 0 0 1 0 0 0 0 19 13 0 0 0 1 0 0 0 0 0 0 0 0 966 0 1000 0 0 -8.1
0 0 0 0 0 0 0 2 1 0 0 0 15 16 0 0 0 0 1 0 0 0 0 0 0 0 965 0 1000 0 0 -9
0 0 0 0 0 0 0 0 0 0 0 0 7 9 0 0 0 2 0 0 0 0 0 0 0 0 982 0 1000 0 0 -9.9
0 0 0 0 0 0 0 0 0 0 0 0 7 3 0 0 0 2 0 0 0 0 0 0 0 0 988 0 1000 0 0 -10.8
0 0 0 0 0 0 0 0 0 0 0 0 2 2 0 0 0 0 0 0 0 0 0 0 0 0 996 0 1000 0 0 -11.7
0 0 0 0 0 0 0 0 0 0 0 0 1 0 0 0 0 0 0 0 0 0 0 0 0 0 999 0 1000 0 0 -12.6
0 0 0 0 0 0 0 0 0 0 0 0 0 0 0 0 0 0 0 0 0 0 0 0 0 0 1000 0 1000 0 0 -13.5
0 0 0 0 0 0 0 0 0 0 0 0 0 1 0 0 0 0 0 0 0 0 0 0 0 0 999 0 1000 0 0 -14.4
0 0 0 0 0 0 0 0 0 0 0 0 0 0 0 0 0 0 0 0 0 0 0 0 0 0 1000 0 1000 0 0 -15.3
0 0 0 0 0 0 0 0 0 0 0 0 0 1 0 0 0 0 0 0 0 0 0 0 0 0 999 0 1000 0 0 -16.2
0 0 0 0 0 0 0 0 0 0 0 0 0 0 0 0 0 0 0 0 0 0 0 0 0 0 1000 0 1000 0 0 -17.1
0 0 0 0 0 0 0 0 0 0 0 0 0 0 0 0 0 0 0 0 0 0 0 0 0 0 1000 0 1000 0 0 -18
0 0 0 0 0 0 0 0 0 0 0 0 0 0 0 0 0 0 0 0 0 0 0 0 0 0 1000 0 1000 0 0 -18.9
0 0 0 0 0 0 0 0 0 0 0 0 0 0 0 0 0 0 0 0 0 0 0 0 0 0 1000 0 1000 0 0 -19.8
0 0 0 0 0 0 0 0 0 0 0 0 0 0 0 0 0 0 0 0 0 0 0 0 0 0 1000 0 1000 0 0 -20.7
0 0 0 0 0 0 0 0 0 0 0 0 0 0 0 0 0 0 0 0 0 0 0 0 0 0 1000 0 1000 0 0 -21.6
0 0 0 0 0 0 0 0 0 0 0 0 0 0 0 0 0 0 0 0 0 0 0 0 0 0 1000 0 1000 0 0 -22.5
0 0 0 0 0 0 0 0 0 0 0 0 0 0 0 0 0 0 0 0 0 0 0 0 0 0 1000 0 1000 0 0 -23.4
0 0 0 0 0 0 0 0 0 0 0 0 0 0 0 0 0 0 0 0 0 0 0 0 0 0 1000 0 1000 0 0 -24.3
0 0 0 0 0 0 0 0 0 0 0 0 0 0 0 0 0 0 0 0 0 0 0 0 0 0 1000 0 1000 0 0 -25.2
0 0 0 0 0 0 0 0 0 0 0 0 0 0 0 0 0 0 0 0 0 0 0 0 0 0 1000 0 1000 0 0 -26.1
0 0 0 0 0 0 0 0 0 0 0 0 0 0 0 0 0 0 0 0 0 0 0 0 0 0 1000 0 1000 0 0 -27
0 0 0 0 0 0 0 0 0 0 0 0 0 0 0 0 0 0 0 0 0 0 0 0 0 0 1000 0 1000 0 0 -27.9
0 0 0 0 0 0 0 0 0 0 0 0 0 0 0 0 0 0 0 0 0 0 0 0 0 0 1000 0 1000 0 0 -28.8
0 0 0 0 0 0 0 0 0 0 0 0 0 0 0 0 0 0 0 0 0 0 0 0 0 0 1000 0 1000 0 0 -29.7
0 0 0 0 0 0 0 0 0 0 0 0 0 0 0 0 0 0 0 0 0 0 0 0 0 0 1000 0 1000 0 0 -30.6
0 0 0 0 0 0 0 0 0 0 0 0 0 0 0 0 0 0 0 0 0 0 0 0 0 0 1000 0 1000 0 0 -31.5
0 0 0 0 0 0 0 0 0 0 0 0 0 0 0 0 0 0 0 0 0 0 0 0 0 0 1000 0 1000 0 0 -32.4
0 0 0 0 0 0 0 0 0 0 0 0 0 0 0 0 0 0 0 0 0 0 0 0 0 0 1000 0 1000 0 0 -33.3
0 0 0 0 0 0 0 0 0 0 0 0 0 0 0 0 0 0 0 0 0 0 0 0 0 0 1000 0 1000 0 0 -34.2
