50
0 0 0 0 0 0 0 0 0 0 0 0 60 79 0 0 0 0 0 0 0 0 0 0 0 0 861 0 1000 0 0 9.9
0 0 0 0 0 0 0 0 0 0 0 0 472 446 0 0 0 0 0 0 0 0 0 0 0 0 82 0 1000 0 0 9
0 0 0 0 0 0 0 0 0 0 0 0 506 494 0 0 0 0 0 0 0 0 0 0 0 0 0 0 1000 0 0 8.1
0 0 0 0 0 0 0 0 0 0 0 0 509 487 0 0 0 0 1 0 0 0 0 0 0 0 3 0 1000 0 0 7.2
0 0 0 0 0 0 0 0 0 0 0 0 517 483 0 0 0 0 0 0 0 0 0 0 0 0 0 0 1000 0 0 6.3
0 0 0 0 0 0 0 3 4 0 0 0 500 493 0 0 0 0 0 0 0 0 0 0 0 0 0 0 1000 0 0 5.4
0 0 0 0 0 0 0 0 0 0 0 0 508 485 0 0 0 1 1 0 0 0 0 0 0 0 5 0 1000 0 0 4.5
0 0 0 0 0 0 0 3 5 0 0 0 470 516 0 0 0 1 3 0 0 0 0 0 0 0 2 0 1000 0 0 3.6
0 0 0 0 0 0 0 6 3 0 0 0 473 505 0 0 0 1 1 0 0 0 0 0 0 0 11 0 1000 0 0 2.7
0 0 0 0 0 0 0 5 3 0 0 0 490 490 0 0 0 1 1 0 0 0 0 0 0 0 10 0 1000 0 0 1.8
0 0 0 0 0 0 0 5 7 0 0 0 479 480 0 0 0 5 3 0 0 0 0 0 0 0 21 0 1000 0 0 0.9
0 0 0 0 0 0 0 7 8 0 0 0 412 434 0 0 0 2 3 0 0 0 0 0 0 0 134 0 1000 0 0 0
0 0 0 0 0 0 0 6 8 0 0 0 333 357 0 0 0 4 3 0 0 0 0 0 0 0 289 0 1000 0 0 -0.9
0 0 0 0 0 0 0 5 8 0 0 0 252 282 0 0 0 5 4 0 0 0 0 0 0 0 444 0 1000 0 0 -1.8
0 0 0 0 0 0 0 3 6 0 0 0 202 202 0 0 0 5 5 0 0 0 0 0 0 0 577 0 1000 0 0 -2.7
0 0 0 0 0 0 0 3 5 0 0 0 149 153 0 0 0 3 2 0 0 0 0 0 0 0 685 0 1000 0 0 -3.6
0 0 0 0 0 0 0 3 4 0 0 1 111 128 0 0 0 5 2 0 0 0 0 0 0 0 746 0 1000 0 0 -4.5
0 0 0 0 0 0 0 5 2 0 0 0 74 74 0 0 0 1 2 0 0 0 0 0 0 0 842 0 1000 0 0 -5.4
0 0 0 0 0 0 0 5 3 0 0 0 46 47 0 0 0 1 1 0 0 0 0 0 0 0 897 0 1000 0 0 -6.3
0 0 0 0 0 0 0 2 1 0 0 0 26 32 0 0 0 1 0 0 0 0 0 0 0 0 938 0 1000 0 0 -7.2
0 0 0 0 0 0 0 0 2 0 0 0 19 22 0 0 0 1 0 0 0 0 0 0 0 0 956 0 1000 0 0 -8.1
0 0 0 0 0 0 0 0 1 0 0 0 11 9 0 0 0 0 0 0 0 0 0 0 0 0 979 0 1000 0 0 -9
0 0 0 0 0 0 0 0 1 0 0 0 7 10 0 0 0 0 0 0 0 0 0 0 0 0 982 0 1000 0 0 -9.9
0 0 0 0 0 0 0 1 0 0 0 0 1 1 0 0 0 0 0 0 0 0 0 0 0 0 997 0 1000 0 0 -10.8
0 0 0 0 0 0 0 0 0 0 0 0 2 4 0 0 0 0 0 0 0 0 0 0 0 0 994 0 1000 0 0 -11.7
0 0 0 0 0 0 0 0 0 0 0 0 2 0 0 0 0 0 0 0 0 0 0 0 0 0 998 0 1000 0 0 -12.6
0 0 0 0 0 0 0 0 0 0 0 0 0 1 0 0 0 0 0 0 0 0 0 0 0 0 999 0 1000 0 0 -13.5
0 0 0 0 0 0 0 0 0 0 0 0 0 0 0 0 0 0 0 0 0 0 0 0 0 0 1000 0 1000 0 0 -14.4
0 0 0 0 0 0 0 0 0 0 0 0 0 0 0 0 0 0 0 0 0 0 0 0 0 0 1000 0 1000 0 0 -15.3
0 0 0 0 0 0 0 0 0 0 0 0 0 0 0 0 0 0 0 0 0 0 0 0 0 0 1000 0 1000 0 0 -16.2
0 0 0 0 0 0 0 0 0 0 0 0 0 0 0 0 0 0 0 0 0 0 0 0 0 0 1000 0 1000 0 0 -17.1
0 0 0 0 0 0 0 0 0 0 0 0 0 1 0 0 0 0 0 0 0 0 0 0 0 0 999 0 1000 0 0 -18
0 0 0 0 0 0 0 0 0 0 0 0 0 0 0 0 0 0 0 0 0 0 0 0 0 0 1000 0 1000 0 0 -18.9
0 0 0 0 0 0 0 0 0 0 0 0 0 0 0 0 0 0 0 0 0 0 0 0 0 0 1000 0 1000 0 0 -19.8
0 0 0 0 0 0 0 0 0 0 0 0 0 0 0 0 0 0 0 0 0 0 0 0 0 0 1000 0 1000 0 0 -20.7
0 0 0 0 0 0 0 0 0 0 0 0 0 0 0 0 0 0 0 0 0 0 0 0 0 0 1000 0 1000 0 0 -21.6
0 0 0 0 0 0 0 0 0 0 0 0 0 0 0 0 0 0 0 0 0 0 0 0 0 0 1000 0 1000 0 0 -22.5
0 0 0 0 0 0 0 0 0 0 0 0 0 0 0 0 0 0 0 0 0 0 0 0 0 0 1000 0 1000 0 0 -23.4
0 0 0 0 0 0 0 0 0 0 0 0 0 0 0 0 0 0 0 0 0 0 0 0 0 0 1000 0 1000 0 0 -24.3
0 0 0 0 0 0 0 0 0 0 0 0 0 0 0 0 0 0 0 0 0 0 0 0 0 0 1000 0 1000 0 0 -25.2
0 0 0 0 0 0 0 0 0 0 0 0 0 0 0 0 0 0 0 0 0 0 0 0 0 0 1000 0 1000 0 0 -26.1
0 0 0 0 0 0 0 0 0 0 0 0 0 0 0 0 0 0 0 0 0 0 0 0 0 0 1000 0 1000 0 0 -27
0 0 0 0 0 0 0 0 0 0 0 0 0 0 0 0 0 0 0 0 0 0 0 0 0 0 1000 0 1000 0 0 -27.9
0 0 0 0 0 0 0 0 0 0 0 0 0 0 0 0 0 0 0 0 0 0 0 0 0 0 1000 0 1000 0 0 -28.8
0 0 0 0 0 0 0 0 0 0 0 0 0 0 0 0 0 0 0 0 0 0 0 0 0 0 1000 0 1000 0 0 -29.7
0 0 0 0 0 0 0 0 0 0 0 0 0 0 0 0 0 0 0 0 0 0 0 0 0 0 1000 0 1000 0 0 -30.6
0 0 0 0 0 0 0 0 0 0 0 0 0 0 0 0 0 0 0 0 0 0 0 0 0 0 1000 0 1000 0 0 -31.5
0 0 0 0 0 0 0 0 0 0 0 0 0 0 0 0 0 0 0 0 0 0 0 0 0 0 1000 0 1000 0 0 -32.4
0 0 0 0 0 0 0 0 0 0 0 0 0 0 0 0 0 0 0 0 0 0 0 0 0 0 1000 0 1000 0 0 -33.3
0 0 0 0 0 0 0 0 0 0 0 0 0 0 0 0 0 0 0 0 0 0 0 0 0 0 1000 0 1000 0 0 -34.2
