50
0 0 0 0 0 0 0 6 1 0 0 0 975 7 0 0 0 0 0 0 0 0 0 0 0 0 11 0 1000 0 0 9.9
0 0 0 0 0 0 0 41 14 0 0 0 886 37 0 0 0 0 0 0 0 0 0 0 0 0 22 0 1000 0 0 9
0 0 0 0 0 0 0 10 1 0 0 0 981 8 0 0 0 0 0 0 0 0 0 0 0 0 0 0 1000 0 0 8.1
0 0 0 0 0 0 0 35 9 0 0 0 910 43 0 0 0 0 0 0 0 0 0 0 0 0 3 0 1000 0 0 7.2
0 0 0 0 0 0 0 95 32 0 0 0 793 77 0 0 0 0 0 0 0 0 0 0 0 0 3 0 1000 0 0 6.3
0 0 0 0 0 0 0 120 48 0 0 0 682 144 0 0 0 0 0 0 0 0 0 0 0 0 6 0 1000 0 0 5.4
0 0 0 0 0 0 0 144 66 0 0 0 598 176 0 0 0 0 0 0 0 0 0 0 0 0 16 0 1000 0 0 4.5
0 0 0 0 0 0 0 181 80 0 0 0 542 178 0 0 0 0 0 0 0 0 0 0 0 0 19 0 1000 0 0 3.6
0 0 0 0 0 0 0 208 87 0 0 0 496 187 0 0 0 0 0 0 0 0 0 0 0 0 22 0 1000 0 0 2.7
0 0 0 0 0 0 0 178 83 0 0 0 508 203 0 0 0 0 0 0 0 0 0 0 0 0 28 0 1000 0 0 1.8
0 0 0 0 0 0 0 190 100 0 0 0 494 183 0 0 0 0 0 0 0 0 0 0 0 0 33 0 1000 0 0 0.9
0 0 0 0 0 0 0 176 82 0 0 0 418 164 0 0 0 0 0 0 0 0 0 0 0 0 160 0 1000 0 0 0
0 0 0 0 0 0 0 145 71 0 0 0 326 123 0 0 0 0 0 0 0 0 0 0 0 0 335 0 1000 0 0 -0.9
0 0 0 0 0 0 0 124 62 0 0 0 257 129 0 0 0 0 0 0 0 0 0 0 0 0 428 0 1000 0 0 -1.8
0 0 0 0 0 0 0 103 44 0 0 0 165 91 0 0 0 0 0 0 0 0 0 0 0 0 597 0 1000 0 0 -2.7
0 0 0 0 0 0 0 79 31 0 0 0 139 62 0 0 0 0 0 0 0 0 0 0 0 0 689 0 1000 0 0 -3.6
0 0 0 0 0 0 0 33 24 0 0 0 109 49 0 0 0 0 0 0 0 0 0 0 0 0 785 0 1000 0 0 -4.5
0 0 0 0 0 0 0 29 13 0 0 1 54 31 0 0 0 0 0 0 0 0 0 0 0 0 872 0 1000 0 0 -5.4
0 0 0 0 0 0 0 23 6 0 0 0 34 32 0 0 0 0 0 0 0 0 0 0 0 0 905 0 1000 0 0 -6.3
0 0 0 0 0 0 0 12 12 0 0 0 33 13 0 0 0 0 0 0 0 0 0 0 0 0 930 0 1000 0 0 -7.2
0 0 0 0 0 0 0 10 6 0 0 0 17 8 0 0 0 0 0 0 0 0 0 0 0 0 959 0 1000 0 0 -8.1
0 0 0 0 0 0 0 2 1 0 0 0 13 8 0 0 0 0 0 0 0 0 0 0 0 0 976 0 1000 0 0 -9
0 0 0 0 0 0 0 6 1 0 0 0 10 2 0 0 0 0 0 0 0 0 0 0 0 0 981 0 1000 0 0 -9.9
0 0 0 0 0 0 0 2 1 0 0 0 3 1 0 0 0 0 0 0 0 0 0 0 0 0 993 0 1000 0 0 -10.8
0 0 0 0 0 0 0 2 0 0 0 0 2 0 0 0 0 0 0 0 0 0 0 0 0 0 996 0 1000 0 0 -11.7
0 0 0 0 0 0 0 0 0 0 0 0 1 1 0 0 0 0 0 0 0 0 0 0 0 0 998 0 1000 0 0 -12.6
0 0 0 0 0 0 0 0 0 0 0 0 0 0 0 0 0 0 0 0 0 0 0 0 0 0 1000 0 1000 0 0 -13.5
0 0 0 0 0 0 0 0 0 0 0 0 0 0 0 0 0 0 0 0 0 0 0 0 0 0 1000 0 1000 0 0 -14.4
0 0 0 0 0 0 0 0 0 0 0 0 0 0 0 0 0 0 0 0 0 0 0 0 0 0 1000 0 1000 0 0 -15.3
0 0 0 0 0 0 0 0 0 0 0 0 0 0 0 0 0 0 0 0 0 0 0 0 0 0 1000 0 1000 0 0 -16.2
0 0 0 0 0 0 0 0 0 0 0 0 0 0 0 0 0 0 0 0 0 0 0 0 0 0 1000 0 1000 0 0 -17.1
0 0 0 0 0 0 0 0 0 0 0 0 0 0 0 0 0 0 0 0 0 0 0 0 0 0 1000 0 1000 0 0 -18
0 0 0 0 0 0 0 0 0 0 0 0 0 0 0 0 0 0 0 0 0 0 0 0 0 0 1000 0 1000 0 0 -18.9
0 0 0 0 0 0 0 0 0 0 0 0 0 0 0 0 0 0 0 0 0 0 0 0 0 0 1000 0 1000 0 0 -19.8
0 0 0 0 0 0 0 0 0 0 0 0 0 0 0 0 0 0 0 0 0 0 0 0 0 0 1000 0 1000 0 0 -20.7
0 0 0 0 0 0 0 0 0 0 0 0 0 0 0 0 0 0 0 0 0 0 0 0 0 0 1000 0 1000 0 0 -21.6
0 0 0 0 0 0 0 0 0 0 0 0 0 0 0 0 0 0 0 0 0 0 0 0 0 0 1000 0 1000 0 0 -22.5
0 0 0 0 0 0 0 0 0 0 0 0 0 0 0 0 0 0 0 0 0 0 0 0 0 0 1000 0 1000 0 0 -23.4
0 0 0 0 0 0 0 0 0 0 0 0 0 0 0 0 0 0 0 0 0 0 0 0 0 0 1000 0 1000 0 0 -24.3
0 0 0 0 0 0 0 0 0 0 0 0 0 0 0 0 0 0 0 0 0 0 0 0 0 0 1000 0 1000 0 0 -25.2
0 0 0 0 0 0 0 0 0 0 0 0 0 0 0 0 0 0 0 0 0 0 0 0 0 0 1000 0 1000 0 0 -26.1
0 0 0 0 0 0 0 0 0 0 0 0 0 0 0 0 0 0 0 0 0 0 0 0 0 0 1000 0 1000 0 0 -27
0 0 0 0 0 0 0 0 0 0 0 0 0 0 0 0 0 0 0 0 0 0 0 0 0 0 1000 0 1000 0 0 -27.9
0 0 0 0 0 0 0 0 0 0 0 0 0 0 0 0 0 0 0 0 0 0 0 0 0 0 1000 0 1000 0 0 -28.8
0 0 0 0 0 0 0 0 0 0 0 0 0 0 0 0 0 0 0 0 0 0 0 0 0 0 1000 0 1000 0 0 -29.7
0 0 0 0 0 0 0 0 0 0 0 0 0 0 0 0 0 0 0 0 0 0 0 0 0 0 1000 0 1000 0 0 -30.6
0 0 0 0 0 0 0 0 0 0 0 0 0 0 0 0 0 0 0 0 0 0 0 0 0 0 1000 0 1000 0 0 -31.5
0 0 0 0 0 0 0 0 0 0 0 0 0 0 0 0 0 0 0 0 0 0 0 0 0 0 1000 0 1000 0 0 -32.4
0 0 0 0 0 0 0 0 0 0 0 0 0 0 0 0 0 0 0 0 0 0 0 0 0 0 1000 0 1000 0 0 -33.3
0 0 0 0 0 0 0 0 0 0 0 0 0 0 0 0 0 0 0 0 0 0 0 0 0 0 1000 0 1000 0 0 -34.2
