50
0 0 0 0 0 0 0 9 5 0 0 0 65 54 0 0 0 0 0 0 0 0 0 0 0 0 867 0 1000 0 0 9.9
0 0 0 0 0 0 0 64 57 0 0 0 427 371 0 0 0 0 0 0 0 0 0 0 0 0 81 0 1000 0 0 9
0 0 0 0 0 0 0 71 69 0 0 0 414 443 0 0 0 0 0 0 0 0 0 0 0 0 3 0 1000 0 0 8.1
0 0 0 0 0 0 0 73 84 0 0 0 415 424 0 0 0 0 0 0 0 0 0 0 0 0 4 0 1000 0 0 7.2
0 0 0 0 0 0 0 85 101 0 0 0 406 401 0 0 0 0 0 0 0 0 0 0 0 0 7 0 1000 0 0 6.3
0 0 0 0 0 0 0 106 108 0 0 0 384 389 0 0 0 0 0 0 0 0 0 0 0 0 13 0 1000 0 0 5.4
0 0 0 0 0 0 0 123 143 0 0 0 362 348 0 0 0 0 0 0 0 0 0 0 0 0 24 0 1000 0 0 4.5
0 0 0 0 0 0 0 146 142 0 0 0 342 343 0 0 0 0 0 0 0 0 0 0 0 0 27 0 1000 0 0 3.6
0 0 0 0 0 0 0 143 154 0 0 0 334 344 0 0 0 0 0 0 0 0 0 0 0 0 25 0 1000 0 0 2.7
0 0 0 0 0 0 0 148 149 0 0 0 357 315 0 0 0 0 0 0 0 0 0 0 0 0 31 0 1000 0 0 1.8
0 0 0 0 0 0 0 149 150 0 0 0 336 317 0 0 0 0 0 0 0 0 0 0 0 0 48 0 1000 0 0 0.9
0 0 0 0 0 0 0 141 133 0 0 0 278 293 0 0 0 0 0 0 0 0 0 0 0 0 155 0 1000 0 0 0
0 0 0 0 0 0 0 97 110 0 0 0 248 221 0 0 0 1 0 0 0 0 0 0 0 0 323 0 1000 0 0 -0.9
0 0 0 0 0 0 0 97 88 0 0 0 182 178 0 0 0 0 0 0 0 0 0 0 0 0 455 0 1000 0 0 -1.8
0 0 0 0 0 0 0 68 73 0 0 0 144 117 0 0 0 0 0 0 0 0 0 0 0 0 598 0 1000 0 0 -2.7
0 0 0 0 0 0 0 58 51 0 0 0 112 90 0 0 0 1 0 0 0 0 0 0 0 0 688 0 1000 0 0 -3.6
0 0 0 0 0 0 0 39 38 0 0 0 59 76 0 0 0 0 0 0 0 0 0 0 0 0 788 0 1000 0 0 -4.5
0 0 0 0 0 0 0 31 24 0 0 0 48 45 0 0 0 0 0 0 0 0 0 0 0 0 852 0 1000 0 0 -5.4
0 0 0 0 0 0 0 15 15 0 0 0 40 30 0 0 0 0 0 0 0 0 0 0 0 0 900 0 1000 0 0 -6.3
0 0 0 0 0 0 0 8 5 0 0 0 18 24 0 0 0 0 0 0 0 0 0 0 0 0 945 0 1000 0 0 -7.2
0 0 0 0 0 0 0 2 7 0 0 0 2 20 0 0 0 0 0 0 0 0 0 0 0 0 969 0 1000 0 0 -8.1
0 0 0 0 0 0 0 6 1 0 0 0 5 7 1 0 0 0 0 0 0 0 0 0 0 0 980 0 1000 0 0 -9
0 0 0 0 0 0 0 1 2 0 0 0 4 4 0 0 0 0 0 0 0 0 0 0 0 0 989 0 1000 0 0 -9.9
0 0 0 0 0 0 0 1 4 0 0 0 6 3 0 0 0 0 0 0 0 0 0 0 0 0 986 0 1000 0 0 -10.8
0 0 0 0 0 0 0 0 0 0 0 0 2 0 0 0 0 0 0 0 0 0 0 0 0 0 998 0 1000 0 0 -11.7
0 0 0 0 0 0 0 0 0 0 0 0 1 1 0 0 0 0 0 0 0 0 0 0 0 0 998 0 1000 0 0 -12.6
0 0 0 0 0 0 0 0 0 0 0 0 1 1 0 0 0 0 0 0 0 0 0 0 0 0 998 0 1000 0 0 -13.5
0 0 0 0 0 0 0 0 0 0 0 0 1 0 0 0 0 0 0 0 0 0 0 0 0 0 999 0 1000 0 0 -14.4
0 0 0 0 0 0 0 0 0 0 0 0 0 0 0 0 0 0 0 0 0 0 0 0 0 0 1000 0 1000 0 0 -15.3
0 0 0 0 0 0 0 0 0 0 0 0 0 0 0 0 0 0 0 0 0 0 0 0 0 0 1000 0 1000 0 0 -16.2
0 0 0 0 0 0 0 0 0 0 0 0 0 0 0 0 0 0 0 0 0 0 0 0 0 0 1000 0 1000 0 0 -17.1
0 0 0 0 0 0 0 0 0 0 0 0 0 0 0 0 0 0 0 0 0 0 0 0 0 0 1000 0 1000 0 0 -18
0 0 0 0 0 0 0 0 0 0 0 0 0 0 0 0 0 0 0 0 0 0 0 0 0 0 1000 0 1000 0 0 -18.9
0 0 0 0 0 0 0 0 0 0 0 0 0 0 0 0 0 0 0 0 0 0 0 0 0 0 1000 0 1000 0 0 -19.8
0 0 0 0 0 0 0 0 0 0 0 0 0 0 0 0 0 0 0 0 0 0 0 0 0 0 1000 0 1000 0 0 -20.7
0 0 0 0 0 0 0 0 0 0 0 0 0 0 0 0 0 0 0 0 0 0 0 0 0 0 1000 0 1000 0 0 -21.6
0 0 0 0 0 0 0 0 0 0 0 0 0 0 0 0 0 0 0 0 0 0 0 0 0 0 1000 0 1000 0 0 -22.5
0 0 0 0 0 0 0 0 0 0 0 0 0 0 0 0 0 0 0 0 0 0 0 0 0 0 1000 0 1000 0 0 -23.4
0 0 0 0 0 0 0 0 0 0 0 0 0 0 0 0 0 0 0 0 0 0 0 0 0 0 1000 0 1000 0 0 -24.3
0 0 0 0 0 0 0 0 0 0 0 0 0 0 0 0 0 0 0 0 0 0 0 0 0 0 1000 0 1000 0 0 -25.2
0 0 0 0 0 0 0 0 0 0 0 0 0 0 0 0 0 0 0 0 0 0 0 0 0 0 1000 0 1000 0 0 -26.1
0 0 0 0 0 0 0 0 0 0 0 0 0 0 0 0 0 0 0 0 0 0 0 0 0 0 1000 0 1000 0 0 -27
0 0 0 0 0 0 0 0 0 0 0 0 0 0 0 0 0 0 0 0 0 0 0 0 0 0 1000 0 1000 0 0 -27.9
0 0 0 0 0 0 0 0 0 0 0 0 0 0 0 0 0 0 0 0 0 0 0 0 0 0 1000 0 1000 0 0 -28.8
0 0 0 0 0 0 0 0 0 0 0 0 0 0 0 0 0 0 0 0 0 0 0 0 0 0 1000 0 1000 0 0 -29.7
0 0 0 0 0 0 0 0 0 0 0 0 0 0 0 0 0 0 0 0 0 0 0 0 0 0 1000 0 1000 0 0 -30.6
0 0 0 0 0 0 0 0 0 0 0 0 0 0 0 0 0 0 0 0 0 0 0 0 0 0 1000 0 1000 0 0 -31.5
0 0 0 0 0 0 0 0 0 0 0 0 0 0 0 0 0 0 0 0 0 0 0 0 0 0 1000 0 1000 0 0 -32.4
0 0 0 0 0 0 0 0 0 0 0 0 0 0 0 0 0 0 0 0 0 0 0 0 0 0 1000 0 1000 0 0 -33.3
0 0 0 0 0 0 0 0 0 0 0 0 0 0 0 0 0 0 0 0 0 0 0 0 0 0 1000 0 1000 0 0 -34.2
