50
0 0 0 0 0 0 0 25 1 0 0 0 487 2 0 0 0 0 0 0 0 0 0 0 0 0 485 0 1000 0 0 9.9
0 0 0 0 0 0 0 234 28 0 0 0 642 34 0 0 0 0 0 0 0 0 0 0 0 0 62 0 1000 0 0 9
0 0 0 0 0 0 0 188 31 0 0 0 745 35 0 0 0 0 0 0 0 0 0 0 0 0 1 0 1000 0 0 8.1
0 0 0 0 0 0 0 209 26 0 0 0 712 51 0 0 0 0 0 0 0 0 0 0 0 0 2 0 1000 0 0 7.2
0 0 0 0 0 0 0 268 53 0 0 0 618 53 0 0 0 0 0 0 0 0 0 0 0 0 8 0 1000 0 0 6.3
0 0 1 0 0 0 0 299 54 0 0 0 526 106 0 0 0 0 0 0 0 0 0 0 0 0 14 0 1000 0 0 5.4
0 0 0 0 0 0 0 321 91 0 0 0 450 119 0 0 0 0 0 0 0 0 0 0 0 0 19 0 1000 0 0 4.5
0 0 0 0 0 0 0 332 96 0 0 0 438 114 0 0 0 0 0 0 0 0 0 0 0 0 20 0 1000 0 0 3.6
0 0 0 0 0 0 0 316 79 0 0 0 447 124 0 0 0 0 0 0 0 0 0 0 0 0 34 0 1000 0 0 2.7
0 0 0 0 0 0 0 302 90 0 0 0 449 125 0 0 0 0 0 0 0 0 0 0 0 0 34 0 1000 0 0 1.8
0 0 0 0 0 0 0 287 107 0 0 1 421 149 0 0 0 0 0 0 0 0 0 0 0 0 35 0 1000 0 0 0.9
0 0 0 0 0 0 0 268 114 0 0 0 351 135 0 0 0 0 0 0 0 0 0 0 0 0 132 0 1000 0 0 0
0 0 0 0 0 0 0 207 78 0 0 0 276 126 0 0 0 0 0 0 0 0 0 0 0 0 313 0 1000 0 0 -0.9
0 0 0 0 0 0 0 155 71 0 0 2 200 103 0 0 0 0 0 0 0 0 0 0 0 0 469 0 1000 0 0 -1.8
0 0 0 0 0 0 0 126 57 0 0 0 159 61 0 0 0 0 0 0 0 0 0 0 0 0 597 0 1000 0 0 -2.7
0 0 0 0 0 0 2 111 34 0 0 0 124 37 0 0 0 0 0 0 0 0 0 0 0 0 692 0 1000 0 0 -3.6
0 0 0 0 0 0 0 71 24 0 0 0 86 37 0 0 0 0 0 0 0 0 0 0 0 0 782 0 1000 0 0 -4.5
0 0 0 0 0 0 0 54 21 0 0 0 54 28 0 0 0 0 0 0 0 0 0 0 0 0 843 0 1000 0 0 -5.4
0 0 0 0 0 0 0 39 13 0 0 0 41 17 0 0 0 0 0 0 0 0 0 0 0 0 890 0 1000 0 0 -6.3
0 0 0 0 0 0 0 23 15 0 0 0 29 13 0 0 0 0 0 0 0 0 0 0 0 0 920 0 1000 0 0 -7.2
0 0 0 0 0 0 0 14 1 0 0 0 21 7 0 0 0 0 0 0 0 0 0 0 0 0 957 0 1000 0 0 -8.1
0 0 0 0 0 0 0 10 3 0 0 0 9 3 0 0 0 0 0 0 0 0 0 0 0 0 975 0 1000 0 0 -9
0 0 0 0 0 0 0 2 2 0 0 0 6 5 0 0 0 0 0 0 0 0 0 0 0 0 985 0 1000 0 0 -9.9
0 0 0 0 0 0 0 2 0 0 0 0 1 0 0 0 0 0 0 0 0 0 0 0 0 0 997 0 1000 0 0 -10.8
0 0 0 0 0 0 0 4 1 0 0 0 3 4 0 0 0 0 0 0 0 0 0 0 0 0 988 0 1000 0 0 -11.7
0 0 0 0 0 0 0 1 0 0 0 0 0 0 0 0 0 0 0 0 0 0 0 0 0 0 999 0 1000 0 0 -12.6
0 0 0 0 0 0 0 2 0 0 0 0 0 0 0 0 0 0 0 0 0 0 0 0 0 0 998 0 1000 0 0 -13.5
0 0 0 0 0 0 0 0 0 0 0 0 1 0 0 0 0 0 0 0 0 0 0 0 0 0 999 0 1000 0 0 -14.4
0 0 0 0 0 0 0 0 0 0 0 0 0 0 0 0 0 0 0 0 0 0 0 0 0 0 1000 0 1000 0 0 -15.3
0 0 0 0 0 0 0 0 0 0 0 0 0 0 0 0 0 0 0 0 0 0 0 0 0 0 1000 0 1000 0 0 -16.2
0 0 0 0 0 0 0 0 0 0 0 0 0 0 0 0 0 0 0 0 0 0 0 0 0 0 1000 0 1000 0 0 -17.1
0 0 0 0 0 0 0 0 0 0 0 0 0 0 0 0 0 0 0 0 0 0 0 0 0 0 1000 0 1000 0 0 -18
0 0 0 0 0 0 0 0 0 0 0 0 0 0 0 0 0 0 0 0 0 0 0 0 0 0 1000 0 1000 0 0 -18.9
0 0 0 0 0 0 0 0 0 0 0 0 0 0 0 0 0 0 0 0 0 0 0 0 0 0 1000 0 1000 0 0 -19.8
0 0 0 0 0 0 0 0 0 0 0 0 0 0 0 0 0 0 0 0 0 0 0 0 0 0 1000 0 1000 0 0 -20.7
0 0 0 0 0 0 0 0 0 0 0 0 0 0 0 0 0 0 0 0 0 0 0 0 0 0 1000 0 1000 0 0 -21.6
0 0 0 0 0 0 0 0 0 0 0 0 0 0 0 0 0 0 0 0 0 0 0 0 0 0 1000 0 1000 0 0 -22.5
0 0 0 0 0 0 0 0 0 0 0 0 0 0 0 0 0 0 0 0 0 0 0 0 0 0 1000 0 1000 0 0 -23.4
0 0 0 0 0 0 0 0 0 0 0 0 0 0 0 0 0 0 0 0 0 0 0 0 0 0 1000 0 1000 0 0 -24.3
0 0 0 0 0 0 0 0 0 0 0 0 0 0 0 0 0 0 0 0 0 0 0 0 0 0 1000 0 1000 0 0 -25.2
0 0 0 0 0 0 0 0 0 0 0 0 0 0 0 0 0 0 0 0 0 0 0 0 0 0 1000 0 1000 0 0 -26.1
0 0 0 0 0 0 0 0 0 0 0 0 0 0 0 0 0 0 0 0 0 0 0 0 0 0 1000 0 1000 0 0 -27
0 0 0 0 0 0 0 0 0 0 0 0 0 0 0 0 0 0 0 0 0 0 0 0 0 0 1000 0 1000 0 0 -27.9
0 0 0 0 0 0 0 0 0 0 0 0 0 0 0 0 0 0 0 0 0 0 0 0 0 0 1000 0 1000 0 0 -28.8
0 0 0 0 0 0 0 0 0 0 0 0 0 0 0 0 0 0 0 0 0 0 0 0 0 0 1000 0 1000 0 0 -29.7
0 0 0 0 0 0 0 0 0 0 0 0 0 0 0 0 0 0 0 0 0 0 0 0 0 0 1000 0 1000 0 0 -30.6
0 0 0 0 0 0 0 0 0 0 0 0 0 0 0 0 0 0 0 0 0 0 0 0 0 0 1000 0 1000 0 0 -31.5
0 0 0 0 0 0 0 0 0 0 0 0 0 0 0 0 0 0 0 0 0 0 0 0 0 0 1000 0 1000 0 0 -32.4
0 0 0 0 0 0 0 0 0 0 0 0 0 0 0 0 0 0 0 0 0 0 0 0 0 0 1000 0 1000 0 0 -33.3
0 0 0 0 0 0 0 0 0 0 0 0 0 0 0 0 0 0 0 0 0 0 0 0 0 0 1000 0 1000 0 0 -34.2
