50
0 0 0 0 0 0 0 0 0 0 0 0 517 20 0 0 0 0 0 0 0 0 0 0 0 0 463 0 1000 0 0 9.9
0 0 0 0 0 0 0 2 2 0 0 0 714 232 0 0 0 0 0 0 0 0 0 0 0 0 50 0 1000 0 0 9
0 0 0 0 0 0 0 1 0 0 0 0 837 162 0 0 0 0 0 0 0 0 0 0 0 0 0 0 1000 0 0 8.1
0 0 0 0 0 0 0 0 1 0 0 0 821 176 0 0 0 1 0 0 0 0 0 0 0 0 1 0 1000 0 0 7.2
0 0 0 0 0 0 0 1 5 0 0 0 701 293 0 0 0 0 0 0 0 0 0 0 0 0 0 0 1000 0 0 6.3
0 0 0 0 0 0 0 10 3 0 0 0 658 329 0 0 0 0 0 0 0 0 0 0 0 0 0 0 1000 0 0 5.4
0 0 0 0 0 0 0 15 7 0 0 0 633 341 0 0 0 0 1 0 0 0 0 0 0 0 3 0 1000 0 0 4.5
0 0 0 0 0 0 0 26 13 0 0 0 594 351 0 0 0 1 1 0 0 0 0 0 0 0 14 0 1000 0 0 3.6
0 0 0 0 0 0 0 16 18 0 0 0 568 387 0 0 0 1 0 0 0 0 0 0 0 0 10 0 1000 0 0 2.7
0 0 0 0 0 0 0 21 24 0 0 0 554 391 0 0 0 0 1 0 0 0 0 0 0 0 9 0 1000 0 0 1.8
0 0 0 0 0 0 0 12 21 0 0 0 539 404 0 0 0 0 1 0 0 0 0 0 0 0 23 0 1000 0 0 0.9
0 0 0 0 0 0 0 25 21 0 0 0 480 334 0 0 0 0 1 0 0 0 0 0 0 0 139 0 1000 0 0 0
0 0 0 0 0 0 0 16 27 0 0 0 366 272 0 0 0 1 0 0 0 0 0 0 0 0 318 0 1000 0 0 -0.9
0 0 0 0 0 0 0 23 18 0 0 0 283 215 0 0 0 0 1 0 0 0 0 0 0 0 460 0 1000 0 0 -1.8
0 0 0 0 0 0 0 21 21 0 0 1 210 169 0 0 0 0 2 0 0 0 0 0 0 0 576 0 1000 0 0 -2.7
0 0 0 0 0 0 0 15 11 0 0 0 152 119 0 0 0 1 0 0 0 0 0 0 0 0 702 0 1000 0 0 -3.6
0 0 0 0 0 0 0 12 6 0 0 0 113 75 0 0 0 1 1 0 0 0 0 0 0 0 792 0 1000 0 0 -4.5
0 0 0 0 0 0 0 5 4 0 0 0 72 65 0 0 0 0 0 0 0 0 0 0 0 0 854 0 1000 0 0 -5.4
0 0 0 0 0 0 0 8 6 0 0 0 63 35 0 0 0 1 1 0 0 0 0 0 0 0 886 0 1000 0 0 -6.3
0 0 0 0 0 0 0 2 4 0 0 0 29 36 0 0 0 0 0 0 0 0 0 0 0 0 929 0 1000 0 0 -7.2
0 0 0 0 0 0 0 1 2 0 0 0 20 25 0 0 0 0 0 0 0 0 0 0 0 0 952 0 1000 0 0 -8.1
0 0 0 0 0 0 0 1 5 0 0 0 15 16 0 0 0 0 0 0 0 0 0 0 0 0 963 0 1000 0 0 -9
0 0 0 0 0 0 0 0 2 0 0 0 7 5 0 0 0 0 0 0 0 0 0 0 0 0 986 0 1000 0 0 -9.9
0 0 0 0 0 0 0 0 0 0 0 0 2 3 0 0 0 0 1 0 0 0 0 0 0 0 994 0 1000 0 0 -10.8
0 0 0 0 0 0 0 0 0 0 0 0 4 5 0 0 0 0 0 0 0 0 0 0 0 0 991 0 1000 0 0 -11.7
0 0 0 0 0 0 0 0 0 0 0 0 4 2 0 0 0 0 0 0 0 0 0 0 0 0 994 0 1000 0 0 -12.6
0 0 0 0 0 0 0 0 1 0 0 0 0 0 0 0 0 0 0 0 0 0 0 0 0 0 999 0 1000 0 0 -13.5
0 0 0 0 0 0 0 0 0 0 0 0 0 0 0 0 0 0 0 0 0 0 0 0 0 0 1000 0 1000 0 0 -14.4
0 0 0 0 0 0 0 0 0 0 0 0 0 0 0 0 0 0 0 0 0 0 0 0 0 0 1000 0 1000 0 0 -15.3
0 0 0 0 0 0 0 0 0 0 0 0 0 0 0 0 0 0 0 0 0 0 0 0 0 0 1000 0 1000 0 0 -16.2
0 0 0 0 0 0 0 0 0 0 0 0 0 0 0 0 0 0 0 0 0 0 0 0 0 0 1000 0 1000 0 0 -17.1
0 0 0 0 0 0 0 0 0 0 0 0 0 0 0 0 0 0 0 0 0 0 0 0 0 0 1000 0 1000 0 0 -18
0 0 0 0 0 0 0 0 0 0 0 0 0 0 0 0 0 0 0 0 0 0 0 0 0 0 1000 0 1000 0 0 -18.9
0 0 0 0 0 0 0 0 0 0 0 0 0 0 0 0 0 0 0 0 0 0 0 0 0 0 1000 0 1000 0 0 -19.8
0 0 0 0 0 0 0 0 0 0 0 0 0 0 0 0 0 0 0 0 0 0 0 0 0 0 1000 0 1000 0 0 -20.7
0 0 0 0 0 0 0 0 0 0 0 0 0 0 0 0 0 0 0 0 0 0 0 0 0 0 1000 0 1000 0 0 -21.6
0 0 0 0 0 0 0 0 0 0 0 0 0 0 0 0 0 0 0 0 0 0 0 0 0 0 1000 0 1000 0 0 -22.5
0 0 0 0 0 0 0 0 0 0 0 0 0 0 0 0 0 0 0 0 0 0 0 0 0 0 1000 0 1000 0 0 -23.4
0 0 0 0 0 0 0 0 0 0 0 0 0 0 0 0 0 0 0 0 0 0 0 0 0 0 1000 0 1000 0 0 -24.3
0 0 0 0 0 0 0 0 0 0 0 0 0 0 0 0 0 0 0 0 0 0 0 0 0 0 1000 0 1000 0 0 -25.2
0 0 0 0 0 0 0 0 0 0 0 0 0 0 0 0 0 0 0 0 0 0 0 0 0 0 1000 0 1000 0 0 -26.1
0 0 0 0 0 0 0 0 0 0 0 0 0 0 0 0 0 0 0 0 0 0 0 0 0 0 1000 0 1000 0 0 -27
0 0 0 0 0 0 0 0 0 0 0 0 0 0 0 0 0 0 0 0 0 0 0 0 0 0 1000 0 1000 0 0 -27.9
0 0 0 0 0 0 0 0 0 0 0 0 0 0 0 0 0 0 0 0 0 0 0 0 0 0 1000 0 1000 0 0 -28.8
0 0 0 0 0 0 0 0 0 0 0 0 0 0 0 0 0 0 0 0 0 0 0 0 0 0 1000 0 1000 0 0 -29.7
0 0 0 0 0 0 0 0 0 0 0 0 0 0 0 0 0 0 0 0 0 0 0 0 0 0 1000 0 1000 0 0 -30.6
0 0 0 0 0 0 0 0 0 0 0 0 0 0 0 0 0 0 0 0 0 0 0 0 0 0 1000 0 1000 0 0 -31.5
0 0 0 0 0 0 0 0 0 0 0 0 0 0 0 0 0 0 0 0 0 0 0 0 0 0 1000 0 1000 0 0 -32.4
0 0 0 0 0 0 0 0 0 0 0 0 0 0 0 0 0 0 0 0 0 0 0 0 0 0 1000 0 1000 0 0 -33.3
0 0 0 0 0 0 0 0 0 0 0 0 0 0 0 0 0 0 0 0 0 0 0 0 0 0 1000 0 1000 0 0 -34.2
