50
0 0 0 0 0 0 0 58 6 0 0 0 63 1 0 0 0 0 0 0 0 0 0 0 0 0 872 0 1000 0 0 9.9
0 0 0 0 0 0 0 404 29 0 0 0 454 28 0 0 0 0 0 0 0 0 0 0 0 0 85 0 1000 0 0 9
0 0 0 0 0 0 1 460 47 0 0 0 461 27 0 0 0 0 0 0 0 0 0 0 0 0 4 0 1000 0 0 8.1
0 0 0 0 0 0 0 453 46 0 0 0 435 55 0 0 0 0 0 0 0 0 0 0 0 0 11 0 1000 0 0 7.2
0 0 0 0 0 0 0 438 54 0 0 0 442 59 0 0 0 0 0 0 0 0 0 0 0 0 7 0 1000 0 0 6.3
0 0 0 0 0 0 0 416 72 0 0 0 428 70 0 0 0 0 0 0 0 0 0 0 0 0 14 0 1000 0 0 5.4
0 0 0 0 0 0 0 399 94 0 0 0 394 94 0 0 0 0 0 0 0 0 0 0 0 0 19 0 1000 0 0 4.5
0 0 0 0 0 0 0 386 95 0 0 0 405 90 0 0 0 0 0 0 0 0 0 0 0 0 24 0 1000 0 0 3.6
0 0 0 0 0 0 0 373 113 0 0 0 368 114 0 0 0 0 0 0 0 0 0 0 0 0 32 0 1000 0 0 2.7
0 0 0 0 0 0 0 390 97 0 0 0 387 112 0 0 0 0 0 0 0 0 0 0 0 0 14 0 1000 0 0 1.8
0 0 0 0 0 0 0 364 133 0 0 0 357 106 0 0 0 0 0 0 0 0 0 0 0 0 40 0 1000 0 0 0.9
0 0 0 0 0 0 0 298 92 0 0 0 334 121 0 0 0 0 0 0 0 0 0 0 0 0 155 0 1000 0 0 0
0 0 0 0 0 0 0 256 89 0 0 0 251 94 0 0 0 0 0 0 0 0 0 0 0 0 310 0 1000 0 0 -0.9
0 0 0 0 0 0 1 216 64 0 0 0 195 98 0 0 0 0 0 0 0 0 0 0 0 0 426 0 1000 0 0 -1.8
0 0 0 0 0 0 0 151 81 0 0 0 138 57 0 0 0 0 0 0 0 0 0 0 0 0 573 0 1000 0 0 -2.7
0 0 0 0 0 0 0 109 41 0 0 0 106 46 0 0 0 0 0 0 0 0 0 0 0 0 698 0 1000 0 0 -3.6
0 0 0 0 0 0 0 87 36 0 0 1 70 36 0 0 0 0 0 0 0 0 0 0 0 0 770 0 1000 0 0 -4.5
0 0 0 0 0 0 0 46 22 0 0 0 60 23 0 0 0 0 0 0 0 0 0 0 0 0 849 0 1000 0 0 -5.4
0 0 0 0 0 0 0 39 10 0 0 0 41 19 0 0 0 0 0 0 0 0 0 0 0 0 891 0 1000 0 0 -6.3
0 0 0 0 0 0 0 31 6 0 0 0 23 12 0 0 0 0 0 0 0 0 0 0 0 0 928 0 1000 0 0 -7.2
0 0 0 0 0 0 0 14 6 0 0 0 11 4 0 0 0 0 0 0 0 0 0 0 0 0 965 0 1000 0 0 -8.1
0 0 0 0 0 0 0 6 4 0 0 0 11 2 0 0 0 0 0 0 0 0 0 0 0 0 977 0 1000 0 0 -9
0 0 0 0 0 0 0 7 0 0 0 0 4 0 0 0 0 0 0 0 0 0 0 0 0 0 989 0 1000 0 0 -9.9
0 0 0 0 0 0 0 6 1 0 0 0 1 2 0 0 0 0 0 0 0 0 0 0 0 0 990 0 1000 0 0 -10.8
0 0 0 0 0 0 0 1 0 0 0 0 1 0 0 0 0 0 0 0 0 0 0 0 0 0 998 0 1000 0 0 -11.7
0 0 0 0 0 0 0 2 0 0 0 0 0 1 0 0 0 0 0 0 0 0 0 0 0 0 997 0 1000 0 0 -12.6
0 0 0 0 0 0 0 1 0 0 0 0 0 0 0 0 0 0 0 0 0 0 0 0 0 0 999 0 1000 0 0 -13.5
0 0 0 0 0 0 0 0 0 0 0 0 0 0 0 0 0 0 0 0 0 0 0 0 0 0 1000 0 1000 0 0 -14.4
0 0 0 0 0 0 0 0 0 0 0 0 0 0 0 0 0 0 0 0 0 0 0 0 0 0 1000 0 1000 0 0 -15.3
0 0 0 0 0 0 0 0 0 0 0 0 0 0 0 0 0 0 0 0 0 0 0 0 0 0 1000 0 1000 0 0 -16.2
0 0 0 0 0 0 0 0 0 0 0 0 0 0 0 0 0 0 0 0 0 0 0 0 0 0 1000 0 1000 0 0 -17.1
0 0 0 0 0 0 0 0 0 0 0 0 0 0 0 0 0 0 0 0 0 0 0 0 0 0 1000 0 1000 0 0 -18
0 0 0 0 0 0 0 0 0 0 0 0 0 0 0 0 0 0 0 0 0 0 0 0 0 0 1000 0 1000 0 0 -18.9
0 0 0 0 0 0 0 0 0 0 0 0 0 0 0 0 0 0 0 0 0 0 0 0 0 0 1000 0 1000 0 0 -19.8
0 0 0 0 0 0 0 0 0 0 0 0 0 0 0 0 0 0 0 0 0 0 0 0 0 0 1000 0 1000 0 0 -20.7
0 0 0 0 0 0 0 0 0 0 0 0 0 0 0 0 0 0 0 0 0 0 0 0 0 0 1000 0 1000 0 0 -21.6
0 0 0 0 0 0 0 0 0 0 0 0 0 0 0 0 0 0 0 0 0 0 0 0 0 0 1000 0 1000 0 0 -22.5
0 0 0 0 0 0 0 0 0 0 0 0 0 0 0 0 0 0 0 0 0 0 0 0 0 0 1000 0 1000 0 0 -23.4
0 0 0 0 0 0 0 0 0 0 0 0 0 0 0 0 0 0 0 0 0 0 0 0 0 0 1000 0 1000 0 0 -24.3
0 0 0 0 0 0 0 0 0 0 0 0 0 0 0 0 0 0 0 0 0 0 0 0 0 0 1000 0 1000 0 0 -25.2
0 0 0 0 0 0 0 0 0 0 0 0 0 0 0 0 0 0 0 0 0 0 0 0 0 0 1000 0 1000 0 0 -26.1
0 0 0 0 0 0 0 0 0 0 0 0 0 0 0 0 0 0 0 0 0 0 0 0 0 0 1000 0 1000 0 0 -27
0 0 0 0 0 0 0 0 0 0 0 0 0 0 0 0 0 0 0 0 0 0 0 0 0 0 1000 0 1000 0 0 -27.9
0 0 0 0 0 0 0 0 0 0 0 0 0 0 0 0 0 0 0 0 0 0 0 0 0 0 1000 0 1000 0 0 -28.8
0 0 0 0 0 0 0 0 0 0 0 0 0 0 0 0 0 0 0 0 0 0 0 0 0 0 1000 0 1000 0 0 -29.7
0 0 0 0 0 0 0 0 0 0 0 0 0 0 0 0 0 0 0 0 0 0 0 0 0 0 1000 0 1000 0 0 -30.6
0 0 0 0 0 0 0 0 0 0 0 0 0 0 0 0 0 0 0 0 0 0 0 0 0 0 1000 0 1000 0 0 -31.5
0 0 0 0 0 0 0 0 0 0 0 0 0 0 0 0 0 0 0 0 0 0 0 0 0 0 1000 0 1000 0 0 -32.4
0 0 0 0 0 0 0 0 0 0 0 0 0 0 0 0 0 0 0 0 0 0 0 0 0 0 1000 0 1000 0 0 -33.3
0 0 0 0 0 0 0 0 0 0 0 0 0 0 0 0 0 0 0 0 0 0 0 0 0 0 1000 0 1000 0 0 -34.2
