50
0 0 0 0 0 0 0 18 10 0 0 0 249 19 0 0 0 0 0 0 0 0 0 0 0 0 704 0 1000 0 0 9.9
0 0 0 0 0 0 0 200 112 0 0 0 391 194 0 0 0 0 0 0 0 0 0 0 0 0 103 0 1000 0 0 9
0 0 0 0 0 0 0 234 119 0 0 0 460 182 0 0 0 0 0 0 0 0 0 0 0 0 5 0 1000 0 0 8.1
0 0 0 0 0 0 0 215 133 0 0 0 415 228 0 0 0 0 0 0 0 0 0 0 0 0 9 0 1000 0 0 7.2
0 0 0 0 0 0 0 219 138 0 0 0 392 237 0 0 0 0 0 0 0 0 0 0 0 0 14 0 1000 0 0 6.3
0 0 0 0 0 0 0 231 165 0 0 0 360 226 0 0 0 0 0 0 0 0 0 0 0 0 18 0 1000 0 0 5.4
0 0 0 0 0 0 0 234 152 0 0 0 364 226 0 0 0 0 0 0 0 0 0 0 0 0 24 0 1000 0 0 4.5
0 0 0 0 0 0 0 236 163 0 0 0 342 230 0 0 0 0 0 0 0 0 0 0 0 0 29 0 1000 0 0 3.6
0 0 0 0 0 0 0 237 194 0 0 0 313 232 0 0 0 0 0 0 0 0 0 0 0 0 24 0 1000 0 0 2.7
0 0 0 0 0 0 0 259 200 0 0 0 313 189 0 0 0 0 0 0 0 0 0 0 0 0 39 0 1000 0 0 1.8
0 0 0 0 0 0 0 235 179 0 0 0 317 225 0 0 0 0 0 0 0 0 0 0 0 0 44 0 1000 0 0 0.9
0 0 0 0 0 0 0 197 152 0 0 0 257 213 0 0 0 0 0 0 0 0 0 0 0 0 181 0 1000 0 0 0
0 0 0 0 0 0 0 167 134 0 0 0 228 169 0 0 0 0 0 0 0 0 0 0 0 0 302 0 1000 0 0 -0.9
0 0 0 0 0 0 0 139 114 0 0 0 187 127 0 0 0 0 0 0 0 0 0 0 0 0 433 0 1000 0 0 -1.8
0 0 0 0 0 0 0 112 77 0 0 0 117 103 0 0 0 0 1 0 0 0 0 0 0 0 590 0 1000 0 0 -2.7
0 0 0 0 0 0 0 76 62 0 0 1 100 71 0 0 0 0 0 0 0 0 0 0 0 0 690 0 1000 0 0 -3.6
0 0 1 0 0 0 0 54 43 0 0 0 70 54 0 0 0 0 0 0 0 0 0 0 0 0 778 0 1000 0 0 -4.5
0 0 0 0 0 0 0 36 25 0 0 0 55 38 0 0 0 0 0 0 0 0 0 0 0 0 846 0 1000 0 0 -5.4
0 0 0 0 0 0 0 26 16 0 0 0 25 20 0 0 0 0 0 0 0 0 0 0 0 0 913 0 1000 0 0 -6.3
0 0 0 0 0 0 0 12 15 0 0 0 17 14 0 0 0 0 0 0 0 0 0 0 0 0 942 0 1000 0 0 -7.2
0 0 0 0 0 0 0 8 9 0 0 0 13 14 0 0 0 0 0 0 0 0 0 0 0 0 956 0 1000 0 0 -8.1
0 0 0 0 0 0 0 5 3 0 0 0 11 3 0 0 0 0 0 0 0 0 0 0 0 0 978 0 1000 0 0 -9
0 0 0 0 0 0 0 3 4 0 0 0 4 4 0 0 0 0 0 0 0 0 0 0 0 0 985 0 1000 0 0 -9.9
0 0 0 0 0 0 0 3 1 0 0 0 4 6 0 0 0 0 0 0 0 0 0 0 0 0 986 0 1000 0 0 -10.8
0 0 0 0 0 0 0 1 1 0 0 0 0 0 0 0 0 0 0 0 0 0 0 0 0 0 998 0 1000 0 0 -11.7
0 0 0 0 0 0 0 0 0 0 0 0 1 1 0 0 0 0 0 0 0 0 0 0 0 0 998 0 1000 0 0 -12.6
0 0 0 0 0 0 0 0 1 0 0 0 0 0 0 0 0 0 0 0 0 0 0 0 0 0 999 0 1000 0 0 -13.5
0 0 0 0 0 0 0 0 1 0 0 0 0 0 0 0 0 0 0 0 0 0 0 0 0 0 999 0 1000 0 0 -14.4
0 0 0 0 0 0 0 0 0 0 0 0 0 0 0 0 0 0 0 0 0 0 0 0 0 0 1000 0 1000 0 0 -15.3
0 0 0 0 0 0 0 0 0 0 0 0 0 0 0 0 0 0 0 0 0 0 0 0 0 0 1000 0 1000 0 0 -16.2
0 0 0 0 0 0 0 0 0 0 0 0 0 0 0 0 0 0 0 0 0 0 0 0 0 0 1000 0 1000 0 0 -17.1
0 0 0 0 0 0 0 0 0 0 0 0 0 0 0 0 0 0 0 0 0 0 0 0 0 0 1000 0 1000 0 0 -18
0 0 0 0 0 0 0 0 0 0 0 0 0 0 0 0 0 0 0 0 0 0 0 0 0 0 1000 0 1000 0 0 -18.9
0 0 0 0 0 0 0 0 0 0 0 0 0 0 0 0 0 0 0 0 0 0 0 0 0 0 1000 0 1000 0 0 -19.8
0 0 0 0 0 0 0 0 0 0 0 0 0 0 0 0 0 0 0 0 0 0 0 0 0 0 1000 0 1000 0 0 -20.7
0 0 0 0 0 0 0 0 0 0 0 0 0 0 0 0 0 0 0 0 0 0 0 0 0 0 1000 0 1000 0 0 -21.6
0 0 0 0 0 0 0 0 0 0 0 0 0 0 0 0 0 0 0 0 0 0 0 0 0 0 1000 0 1000 0 0 -22.5
0 0 0 0 0 0 0 0 0 0 0 0 0 0 0 0 0 0 0 0 0 0 0 0 0 0 1000 0 1000 0 0 -23.4
0 0 0 0 0 0 0 0 0 0 0 0 0 0 0 0 0 0 0 0 0 0 0 0 0 0 1000 0 1000 0 0 -24.3
0 0 0 0 0 0 0 0 0 0 0 0 0 0 0 0 0 0 0 0 0 0 0 0 0 0 1000 0 1000 0 0 -25.2
0 0 0 0 0 0 0 0 0 0 0 0 0 0 0 0 0 0 0 0 0 0 0 0 0 0 1000 0 1000 0 0 -26.1
0 0 0 0 0 0 0 0 0 0 0 0 0 0 0 0 0 0 0 0 0 0 0 0 0 0 1000 0 1000 0 0 -27
0 0 0 0 0 0 0 0 0 0 0 0 0 0 0 0 0 0 0 0 0 0 0 0 0 0 1000 0 1000 0 0 -27.9
0 0 0 0 0 0 0 0 0 0 0 0 0 0 0 0 0 0 0 0 0 0 0 0 0 0 1000 0 1000 0 0 -28.8
0 0 0 0 0 0 0 0 0 0 0 0 0 0 0 0 0 0 0 0 0 0 0 0 0 0 1000 0 1000 0 0 -29.7
0 0 0 0 0 0 0 0 0 0 0 0 0 0 0 0 0 0 0 0 0 0 0 0 0 0 1000 0 1000 0 0 -30.6
0 0 0 0 0 0 0 0 0 0 0 0 0 0 0 0 0 0 0 0 0 0 0 0 0 0 1000 0 1000 0 0 -31.5
0 0 0 0 0 0 0 0 0 0 0 0 0 0 0 0 0 0 0 0 0 0 0 0 0 0 1000 0 1000 0 0 -32.4
0 0 0 0 0 0 0 0 0 0 0 0 0 0 0 0 0 0 0 0 0 0 0 0 0 0 1000 0 1000 0 0 -33.3
0 0 0 0 0 0 0 0 0 0 0 0 0 0 0 0 0 0 0 0 0 0 0 0 0 0 1000 0 1000 0 0 -34.2
