50
0 0 0 0 0 0 0 0 0 0 0 0 539 34 0 0 0 0 0 0 0 0 0 0 0 0 427 0 1000 0 0 9.9
0 0 0 0 0 0 0 0 0 0 0 0 694 238 0 0 0 0 0 0 0 0 0 0 0 0 68 0 1000 0 0 9
0 0 0 0 0 0 0 0 0 0 0 0 838 162 0 0 0 0 0 0 0 0 0 0 0 0 0 0 1000 0 0 8.1
0 0 0 0 0 0 0 0 0 0 0 0 843 157 0 0 0 0 0 0 0 0 0 0 0 0 0 0 1000 0 0 7.2
0 0 0 0 0 0 0 0 0 0 0 0 777 222 0 0 0 0 0 0 0 0 0 0 0 0 1 0 1000 0 0 6.3
0 0 0 0 0 0 0 2 3 0 0 0 707 287 0 0 0 0 0 0 0 0 0 0 0 0 1 0 1000 0 0 5.4
0 0 0 0 0 0 0 2 3 0 0 0 625 363 0 0 0 0 1 0 0 0 0 0 0 0 6 0 1000 0 0 4.5
0 0 0 0 0 0 0 6 0 0 0 0 620 364 0 0 0 2 1 0 0 0 0 0 0 0 7 0 1000 0 0 3.6
0 0 0 0 0 0 0 1 3 0 0 0 592 397 0 0 0 0 0 0 0 0 0 0 0 0 7 0 1000 0 0 2.7
0 0 0 0 0 0 0 11 10 0 0 0 567 400 0 0 0 2 1 0 0 0 0 0 0 0 9 0 1000 0 0 1.8
0 0 0 0 0 0 0 11 5 0 0 0 578 390 0 0 0 0 1 0 0 0 0 0 0 0 15 0 1000 0 0 0.9
0 0 0 0 0 0 0 11 9 0 0 0 490 358 0 0 0 2 0 0 0 0 0 0 0 0 130 0 1000 0 0 0
0 0 0 0 0 0 0 13 7 0 0 0 397 288 0 0 0 4 4 0 0 0 0 0 0 0 287 0 1000 0 0 -0.9
0 0 0 0 0 0 0 9 7 0 0 0 312 237 0 0 0 1 2 0 0 0 0 0 0 0 432 0 1000 0 0 -1.8
0 0 0 0 0 0 0 12 9 0 0 0 232 173 0 0 0 2 2 0 0 0 0 0 0 0 570 0 1000 0 0 -2.7
0 0 0 0 0 0 0 16 8 0 0 0 158 132 0 0 0 1 1 0 0 0 0 0 0 0 684 0 1000 0 0 -3.6
0 0 0 0 0 0 0 5 6 0 0 0 112 87 0 0 0 1 2 0 0 0 0 0 0 0 787 0 1000 0 0 -4.5
0 0 0 0 0 0 0 5 1 0 0 0 76 69 0 0 0 2 2 0 0 0 0 0 0 0 845 0 1000 0 0 -5.4
0 0 0 0 0 0 0 6 2 0 0 0 49 42 0 0 0 2 1 0 0 0 0 0 0 0 898 0 1000 0 0 -6.3
0 0 0 0 0 0 0 2 1 0 0 0 39 31 0 0 0 1 2 0 0 0 0 0 0 0 924 0 1000 0 0 -7.2
0 0 0 0 0 0 0 3 2 0 0 0 22 16 0 0 0 2 2 0 0 0 0 0 0 0 953 0 1000 0 0 -8.1
0 0 0 0 0 0 0 1 0 0 0 0 11 16 0 0 0 1 0 0 0 0 0 0 0 0 971 0 1000 0 0 -9
0 0 0 0 0 0 0 0 0 0 0 0 7 8 0 0 0 0 1 0 0 0 0 0 0 0 984 0 1000 0 0 -9.9
0 0 0 0 0 0 0 1 0 0 0 0 6 4 0 0 0 1 0 0 0 0 0 0 0 0 988 0 1000 0 0 -10.8
0 0 0 0 0 0 0 0 0 0 0 0 2 2 0 0 0 1 0 0 0 0 0 0 0 0 995 0 1000 0 0 -11.7
0 0 0 0 0 0 0 0 0 0 0 0 2 1 0 0 0 0 0 0 0 0 0 0 0 0 997 0 1000 0 0 -12.6
0 0 0 0 0 0 0 0 0 0 0 0 0 0 0 0 0 0 0 0 0 0 0 0 0 0 1000 0 1000 0 0 -13.5
0 0 0 0 0 0 0 0 0 0 0 0 1 0 0 0 0 0 0 0 0 0 0 0 0 0 999 0 1000 0 0 -14.4
0 0 0 0 0 0 0 0 0 0 0 0 0 0 0 0 0 0 0 0 0 0 0 0 0 0 1000 0 1000 0 0 -15.3
0 0 0 0 0 0 0 0 0 0 0 0 0 0 0 0 0 0 0 0 0 0 0 0 0 0 1000 0 1000 0 0 -16.2
0 0 0 0 0 0 0 0 0 0 0 0 0 0 0 0 0 0 0 0 0 0 0 0 0 0 1000 0 1000 0 0 -17.1
0 0 0 0 0 0 0 0 0 0 0 0 0 0 0 0 0 0 0 0 0 0 0 0 0 0 1000 0 1000 0 0 -18
0 0 0 0 0 0 0 0 0 0 0 0 0 0 0 0 0 0 0 0 0 0 0 0 0 0 1000 0 1000 0 0 -18.9
0 0 0 0 0 0 0 0 0 0 0 0 0 0 0 0 0 0 0 0 0 0 0 0 0 0 1000 0 1000 0 0 -19.8
0 0 0 0 0 0 0 0 0 0 0 0 0 0 0 0 0 0 0 0 0 0 0 0 0 0 1000 0 1000 0 0 -20.7
0 0 0 0 0 0 0 0 0 0 0 0 0 0 0 0 0 0 0 0 0 0 0 0 0 0 1000 0 1000 0 0 -21.6
0 0 0 0 0 0 0 0 0 0 0 0 0 0 0 0 0 0 0 0 0 0 0 0 0 0 1000 0 1000 0 0 -22.5
0 0 0 0 0 0 0 0 0 0 0 0 0 0 0 0 0 0 0 0 0 0 0 0 0 0 1000 0 1000 0 0 -23.4
0 0 0 0 0 0 0 0 0 0 0 0 0 0 0 0 0 0 0 0 0 0 0 0 0 0 1000 0 1000 0 0 -24.3
0 0 0 0 0 0 0 0 0 0 0 0 0 0 0 0 0 0 0 0 0 0 0 0 0 0 1000 0 1000 0 0 -25.2
0 0 0 0 0 0 0 0 0 0 0 0 0 0 0 0 0 0 0 0 0 0 0 0 0 0 1000 0 1000 0 0 -26.1
0 0 0 0 0 0 0 0 0 0 0 0 0 0 0 0 0 0 0 0 0 0 0 0 0 0 1000 0 1000 0 0 -27
0 0 0 0 0 0 0 0 0 0 0 0 0 0 0 0 0 0 0 0 0 0 0 0 0 0 1000 0 1000 0 0 -27.9
0 0 0 0 0 0 0 0 0 0 0 0 0 0 0 0 0 0 0 0 0 0 0 0 0 0 1000 0 1000 0 0 -28.8
0 0 0 0 0 0 0 0 0 0 0 0 0 0 0 0 0 0 0 0 0 0 0 0 0 0 1000 0 1000 0 0 -29.7
0 0 0 0 0 0 0 0 0 0 0 0 0 0 0 0 0 0 0 0 0 0 0 0 0 0 1000 0 1000 0 0 -30.6
0 0 0 0 0 0 0 0 0 0 0 0 0 0 0 0 0 0 0 0 0 0 0 0 0 0 1000 0 1000 0 0 -31.5
0 0 0 0 0 0 0 0 0 0 0 0 0 0 0 0 0 0 0 0 0 0 0 0 0 0 1000 0 1000 0 0 -32.4
0 0 0 0 0 0 0 0 0 0 0 0 0 0 0 0 0 0 0 0 0 0 0 0 0 0 1000 0 1000 0 0 -33.3
0 0 0 0 0 0 0 0 0 0 0 0 0 0 0 0 0 0 0 0 0 0 0 0 0 0 1000 0 1000 0 0 -34.2
