50
0 0 0 0 0 0 0 0 0 0 0 0 1000 0 0 0 0 0 0 0 0 0 0 0 0 0 0 0 1000 0 0 9.9
0 0 0 0 0 0 0 0 0 0 0 0 1000 0 0 0 0 0 0 0 0 0 0 0 0 0 0 0 1000 0 0 9
0 0 0 0 0 0 0 0 0 0 0 0 1000 0 0 0 0 0 0 0 0 0 0 0 0 0 0 0 1000 0 0 8.1
0 0 0 0 0 0 0 0 0 0 0 0 1000 0 0 0 0 0 0 0 0 0 0 0 0 0 0 0 1000 0 0 7.2
0 0 0 0 0 0 0 0 0 0 0 0 1000 0 0 0 0 0 0 0 0 0 0 0 0 0 0 0 1000 0 0 6.3
0 0 0 0 0 0 0 0 0 0 0 0 1000 0 0 0 0 0 0 0 0 0 0 0 0 0 0 0 1000 0 0 5.4
0 0 0 0 0 0 0 0 0 0 0 0 1000 0 0 0 0 0 0 0 0 0 0 0 0 0 0 0 1000 0 0 4.5
0 0 0 0 0 0 0 0 0 0 0 0 1000 0 0 0 0 0 0 0 0 0 0 0 0 0 0 0 1000 0 0 3.6
0 0 0 0 0 0 0 0 0 0 0 0 998 2 0 0 0 0 0 0 0 0 0 0 0 0 0 0 1000 0 0 2.7
0 0 0 0 0 0 0 0 0 0 0 1 998 1 0 0 0 0 0 0 0 0 0 0 0 0 0 0 1000 0 0 1.8
0 0 0 0 0 0 0 1 0 0 0 0 982 2 0 0 0 0 0 0 0 0 0 0 0 0 15 0 1000 0 0 0.9
0 0 0 0 0 0 0 4 0 0 0 6 876 4 0 0 0 2 0 0 0 0 0 0 0 0 108 0 1000 0 0 0
0 0 0 0 0 0 0 3 1 0 0 1 683 9 0 0 0 4 0 0 0 0 0 0 0 0 299 0 1000 0 0 -0.9
0 0 0 0 0 0 0 9 0 0 0 8 524 7 0 0 0 9 0 0 0 0 0 0 0 0 443 0 1000 0 0 -1.8
0 0 0 0 0 0 0 7 1 0 0 3 401 9 0 0 0 7 0 0 0 0 0 0 0 0 572 0 1000 0 0 -2.7
0 0 0 0 0 0 0 7 2 0 0 3 284 7 0 0 0 6 0 0 0 0 0 0 0 0 691 0 1000 0 0 -3.6
0 0 0 0 0 0 0 7 0 0 0 1 218 7 0 0 0 6 0 0 0 0 0 0 0 0 761 0 1000 0 0 -4.5
0 0 0 0 0 0 0 8 0 0 0 6 152 7 0 0 0 2 0 0 0 0 0 0 0 0 825 0 1000 0 0 -5.4
0 0 0 0 0 0 0 4 0 0 0 1 108 7 0 0 0 4 0 0 0 0 0 0 0 0 876 0 1000 0 0 -6.3
0 0 0 0 0 0 0 3 1 0 0 2 66 1 0 0 0 3 0 0 0 0 0 0 0 0 924 0 1000 0 0 -7.2
0 0 0 0 0 0 0 5 0 0 0 1 28 4 0 0 0 0 1 0 0 0 0 0 0 0 961 0 1000 0 0 -8.1
0 0 0 0 0 0 0 1 0 0 0 0 13 1 0 0 0 0 0 0 0 0 0 0 0 0 985 0 1000 0 0 -9
0 0 0 0 0 0 0 0 1 0 0 1 15 0 0 0 0 3 0 0 0 0 0 0 0 0 980 0 1000 0 0 -9.9
0 0 0 0 0 0 0 0 0 0 0 1 11 1 0 0 1 0 0 0 0 0 0 0 0 0 986 0 1000 0 0 -10.8
0 0 0 0 0 0 0 0 0 0 0 1 3 0 0 0 0 1 0 0 0 0 0 0 0 0 995 0 1000 0 0 -11.7
0 0 0 0 0 0 0 1 0 0 0 0 4 0 0 0 0 0 0 0 0 0 0 0 0 0 995 0 1000 0 0 -12.6
0 0 0 0 0 0 0 0 0 0 0 0 2 0 0 0 0 0 0 0 0 0 0 0 0 0 998 0 1000 0 0 -13.5
0 0 0 0 0 0 0 0 0 0 0 0 0 0 0 0 0 0 0 0 0 0 0 0 0 0 1000 0 1000 0 0 -14.4
0 0 0 0 0 0 0 0 0 0 0 0 0 0 0 0 0 0 0 0 0 0 0 0 0 0 1000 0 1000 0 0 -15.3
0 0 0 0 0 0 0 0 0 0 0 0 0 0 0 0 0 0 0 0 0 0 0 0 0 0 1000 0 1000 0 0 -16.2
0 0 0 0 0 0 0 0 0 0 0 0 0 0 0 0 0 0 0 0 0 0 0 0 0 0 1000 0 1000 0 0 -17.1
0 0 0 0 0 0 0 0 0 0 0 0 0 0 0 0 0 0 0 0 0 0 0 0 0 0 1000 0 1000 0 0 -18
0 0 0 0 0 0 0 0 0 0 0 0 0 0 0 0 0 0 0 0 0 0 0 0 0 0 1000 0 1000 0 0 -18.9
0 0 0 0 0 0 0 0 0 0 0 0 0 0 0 0 0 0 0 0 0 0 0 0 0 0 1000 0 1000 0 0 -19.8
0 0 0 0 0 0 0 0 0 0 0 0 0 0 0 0 0 0 0 0 0 0 0 0 0 0 1000 0 1000 0 0 -20.7
0 0 0 0 0 0 0 0 0 0 0 0 0 0 0 0 0 0 0 0 0 0 0 0 0 0 1000 0 1000 0 0 -21.6
0 0 0 0 0 0 0 0 0 0 0 0 0 0 0 0 0 0 0 0 0 0 0 0 0 0 1000 0 1000 0 0 -22.5
0 0 0 0 0 0 0 0 0 0 0 0 0 0 0 0 0 0 0 0 0 0 0 0 0 0 1000 0 1000 0 0 -23.4
0 0 0 0 0 0 0 0 0 0 0 0 0 0 0 0 0 0 0 0 0 0 0 0 0 0 1000 0 1000 0 0 -24.3
0 0 0 0 0 0 0 0 0 0 0 0 0 0 0 0 0 0 0 0 0 0 0 0 0 0 1000 0 1000 0 0 -25.2
0 0 0 0 0 0 0 0 0 0 0 0 0 0 0 0 0 0 0 0 0 0 0 0 0 0 1000 0 1000 0 0 -26.1
0 0 0 0 0 0 0 0 0 0 0 0 0 0 0 0 0 0 0 0 0 0 0 0 0 0 1000 0 1000 0 0 -27
0 0 0 0 0 0 0 0 0 0 0 0 0 0 0 0 0 0 0 0 0 0 0 0 0 0 1000 0 1000 0 0 -27.9
0 0 0 0 0 0 0 0 0 0 0 0 0 0 0 0 0 0 0 0 0 0 0 0 0 0 1000 0 1000 0 0 -28.8
0 0 0 0 0 0 0 0 0 0 0 0 0 0 0 0 0 0 0 0 0 0 0 0 0 0 1000 0 1000 0 0 -29.7
0 0 0 0 0 0 0 0 0 0 0 0 0 0 0 0 0 0 0 0 0 0 0 0 0 0 1000 0 1000 0 0 -30.6
0 0 0 0 0 0 0 0 0 0 0 0 0 0 0 0 0 0 0 0 0 0 0 0 0 0 1000 0 1000 0 0 -31.5
0 0 0 0 0 0 0 0 0 0 0 0 0 0 0 0 0 0 0 0 0 0 0 0 0 0 1000 0 1000 0 0 -32.4
0 0 0 0 0 0 0 0 0 0 0 0 0 0 0 0 0 0 0 0 0 0 0 0 0 0 1000 0 1000 0 0 -33.3
0 0 0 0 0 0 0 0 0 0 0 0 0 0 0 0 0 0 0 0 0 0 0 0 0 0 1000 0 1000 0 0 -34.2
