50
0 0 0 0 0 0 0 8 0 0 0 0 944 12 0 0 0 0 0 0 0 0 0 0 0 0 36 0 1000 0 0 9.9
0 0 0 0 0 0 0 38 37 0 0 0 781 90 0 0 0 0 0 0 0 0 0 0 0 0 54 0 1000 0 0 9
0 0 0 0 0 0 0 31 19 0 0 0 895 53 0 0 0 0 0 0 0 0 0 0 0 0 2 0 1000 0 0 8.1
0 0 0 0 0 0 0 53 24 0 0 0 821 94 0 0 0 0 0 0 0 0 0 0 0 0 8 0 1000 0 0 7.2
0 0 0 0 0 0 0 100 45 0 0 0 695 154 0 0 0 0 0 0 0 0 0 0 0 0 6 0 1000 0 0 6.3
0 0 0 0 0 0 0 130 84 0 0 0 573 202 0 0 0 0 0 0 0 0 0 0 0 0 11 0 1000 0 0 5.4
0 0 0 0 0 0 0 147 78 0 0 0 547 210 0 0 0 0 0 0 0 0 0 0 0 0 18 0 1000 0 0 4.5
0 0 0 0 0 0 0 161 95 0 0 0 482 242 0 0 0 0 0 0 0 0 0 0 0 0 20 0 1000 0 0 3.6
0 0 0 0 0 0 0 161 86 0 0 0 487 234 0 0 0 0 0 0 0 0 0 0 0 0 32 0 1000 0 0 2.7
0 0 0 0 0 0 0 194 103 0 0 0 449 228 0 0 0 0 0 0 0 0 0 0 0 0 26 0 1000 0 0 1.8
0 0 0 0 0 0 0 196 110 0 0 0 420 233 0 0 0 0 0 0 0 0 0 0 0 0 41 0 1000 0 0 0.9
0 0 0 0 0 0 0 162 83 0 0 0 387 214 0 0 0 0 0 0 0 0 0 0 0 0 154 0 1000 0 0 0
0 0 0 0 0 0 0 141 78 0 0 0 281 158 0 0 0 0 0 0 0 0 0 0 0 0 342 0 1000 0 0 -0.9
0 0 0 0 0 0 0 109 56 0 0 0 214 134 0 0 0 0 0 0 0 0 0 0 0 0 487 0 1000 0 0 -1.8
0 0 0 0 0 0 0 89 61 0 0 0 174 122 0 0 0 0 0 0 0 0 0 0 0 0 554 0 1000 0 0 -2.7
0 0 0 0 0 0 0 56 50 0 0 0 107 81 0 0 0 0 0 0 0 0 0 0 0 0 706 0 1000 0 0 -3.6
0 0 0 0 0 0 0 39 38 0 0 0 96 58 0 0 0 0 0 0 0 0 0 0 0 0 769 0 1000 0 0 -4.5
0 0 0 0 0 0 0 35 17 0 0 0 58 30 0 0 0 0 0 0 0 0 0 0 0 0 860 0 1000 0 0 -5.4
0 0 0 0 0 0 0 18 17 0 0 0 33 31 0 0 0 0 0 0 0 0 0 0 0 0 901 0 1000 0 0 -6.3
0 0 0 0 0 0 0 20 10 0 0 0 22 15 0 0 0 0 0 0 0 0 0 0 0 0 933 0 1000 0 0 -7.2
0 0 0 0 0 0 0 7 4 0 0 0 21 9 0 0 0 0 0 0 0 0 0 0 0 0 959 0 1000 0 0 -8.1
0 0 0 0 0 0 0 2 2 0 0 0 8 10 0 0 0 0 0 0 0 0 0 0 0 0 978 0 1000 0 0 -9
0 0 0 0 0 0 0 8 4 0 0 0 7 2 0 0 0 0 0 0 0 0 0 0 0 0 979 0 1000 0 0 -9.9
0 0 0 0 0 0 0 2 2 0 0 0 6 3 0 0 0 0 0 0 0 0 0 0 0 0 987 0 1000 0 0 -10.8
0 0 0 0 0 0 0 1 1 0 0 0 0 1 0 0 0 0 0 0 0 0 0 0 0 0 997 0 1000 0 0 -11.7
0 0 0 0 0 0 0 0 2 0 0 0 0 0 0 0 0 0 0 0 0 0 0 0 0 0 998 0 1000 0 0 -12.6
0 0 0 0 0 0 0 0 0 0 0 0 0 1 0 0 0 0 0 0 0 0 0 0 0 0 999 0 1000 0 0 -13.5
0 0 0 0 0 0 0 0 0 0 0 0 0 0 0 0 0 0 0 0 0 0 0 0 0 0 1000 0 1000 0 0 -14.4
0 0 0 0 0 0 0 0 0 0 0 0 0 0 0 0 0 0 0 0 0 0 0 0 0 0 1000 0 1000 0 0 -15.3
0 0 0 0 0 0 0 0 0 0 0 0 0 0 0 0 0 0 0 0 0 0 0 0 0 0 1000 0 1000 0 0 -16.2
0 0 0 0 0 0 0 0 0 0 0 0 0 0 0 0 0 0 0 0 0 0 0 0 0 0 1000 0 1000 0 0 -17.1
0 0 0 0 0 0 0 0 0 0 0 0 0 0 0 0 0 0 0 0 0 0 0 0 0 0 1000 0 1000 0 0 -18
0 0 0 0 0 0 0 0 0 0 0 0 0 0 0 0 0 0 0 0 0 0 0 0 0 0 1000 0 1000 0 0 -18.9
0 0 0 0 0 0 0 0 0 0 0 0 0 0 0 0 0 0 0 0 0 0 0 0 0 0 1000 0 1000 0 0 -19.8
0 0 0 0 0 0 0 0 0 0 0 0 0 0 0 0 0 0 0 0 0 0 0 0 0 0 1000 0 1000 0 0 -20.7
0 0 0 0 0 0 0 0 0 0 0 0 0 0 0 0 0 0 0 0 0 0 0 0 0 0 1000 0 1000 0 0 -21.6
0 0 0 0 0 0 0 0 0 0 0 0 0 0 0 0 0 0 0 0 0 0 0 0 0 0 1000 0 1000 0 0 -22.5
0 0 0 0 0 0 0 0 0 0 0 0 0 0 0 0 0 0 0 0 0 0 0 0 0 0 1000 0 1000 0 0 -23.4
0 0 0 0 0 0 0 0 0 0 0 0 0 0 0 0 0 0 0 0 0 0 0 0 0 0 1000 0 1000 0 0 -24.3
0 0 0 0 0 0 0 0 0 0 0 0 0 0 0 0 0 0 0 0 0 0 0 0 0 0 1000 0 1000 0 0 -25.2
0 0 0 0 0 0 0 0 0 0 0 0 0 0 0 0 0 0 0 0 0 0 0 0 0 0 1000 0 1000 0 0 -26.1
0 0 0 0 0 0 0 0 0 0 0 0 0 0 0 0 0 0 0 0 0 0 0 0 0 0 1000 0 1000 0 0 -27
0 0 0 0 0 0 0 0 0 0 0 0 0 0 0 0 0 0 0 0 0 0 0 0 0 0 1000 0 1000 0 0 -27.9
0 0 0 0 0 0 0 0 0 0 0 0 0 0 0 0 0 0 0 0 0 0 0 0 0 0 1000 0 1000 0 0 -28.8
0 0 0 0 0 0 0 0 0 0 0 0 0 0 0 0 0 0 0 0 0 0 0 0 0 0 1000 0 1000 0 0 -29.7
0 0 0 0 0 0 0 0 0 0 0 0 0 0 0 0 0 0 0 0 0 0 0 0 0 0 1000 0 1000 0 0 -30.6
0 0 0 0 0 0 0 0 0 0 0 0 0 0 0 0 0 0 0 0 0 0 0 0 0 0 1000 0 1000 0 0 -31.5
0 0 0 0 0 0 0 0 0 0 0 0 0 0 0 0 0 0 0 0 0 0 0 0 0 0 1000 0 1000 0 0 -32.4
0 0 0 0 0 0 0 0 0 0 0 0 0 0 0 0 0 0 0 0 0 0 0 0 0 0 1000 0 1000 0 0 -33.3
0 0 0 0 0 0 0 0 0 0 0 0 0 0 0 0 0 0 0 0 0 0 0 0 0 0 1000 0 1000 0 0 -34.2
