50
0 0 0 0 0 0 0 5 3 0 0 0 75 61 0 0 0 0 0 0 0 0 0 0 0 0 856 0 1000 0 0 9.9
0 0 0 0 0 0 0 29 28 0 0 0 432 433 0 0 0 0 0 0 0 0 0 0 0 0 78 0 1000 0 0 9
0 0 0 0 0 0 0 31 42 0 0 0 470 456 0 0 0 0 0 0 0 0 0 0 0 0 1 0 1000 0 0 8.1
0 0 0 0 0 0 0 43 37 0 0 0 453 464 0 0 0 0 0 0 0 0 0 0 0 0 3 0 1000 0 0 7.2
0 0 0 0 0 0 0 55 64 0 0 0 440 433 0 0 0 0 1 0 0 0 0 0 0 0 7 0 1000 0 0 6.3
0 0 0 0 0 0 0 78 75 0 0 0 426 405 0 0 0 0 0 0 0 0 0 0 0 0 16 0 1000 0 0 5.4
0 0 0 0 0 0 0 89 95 0 0 0 392 401 0 0 0 0 0 0 0 0 0 0 0 0 23 0 1000 0 0 4.5
0 0 0 0 0 0 0 129 101 0 0 0 369 386 0 0 0 0 0 0 0 0 0 0 0 0 15 0 1000 0 0 3.6
0 0 0 0 0 0 0 112 125 0 0 0 367 368 0 0 0 0 0 0 0 0 0 0 0 0 28 0 1000 0 0 2.7
0 0 0 0 0 0 0 115 135 0 0 0 341 374 0 0 0 0 0 0 0 0 0 0 0 0 35 0 1000 0 0 1.8
0 0 0 0 0 0 0 122 114 0 0 0 368 343 0 0 0 0 0 0 0 0 0 0 0 0 53 0 1000 0 0 0.9
0 0 0 0 0 0 0 110 98 0 0 0 315 310 0 0 0 0 0 0 0 0 0 0 0 0 167 0 1000 0 0 0
0 0 0 0 0 0 0 93 100 0 0 0 233 252 0 0 0 0 0 0 0 0 0 0 0 0 322 0 1000 0 0 -0.9
0 0 0 0 0 0 0 68 77 0 0 0 197 192 0 0 0 0 0 0 0 0 0 0 0 0 466 0 1000 0 0 -1.8
0 0 0 0 0 0 0 69 56 0 0 1 166 149 0 0 0 0 0 0 0 0 0 0 0 0 559 0 1000 0 0 -2.7
0 0 0 0 0 0 0 43 51 0 0 0 104 108 0 0 0 0 0 0 0 0 0 0 0 0 694 0 1000 0 0 -3.6
0 0 0 0 0 0 0 31 27 0 0 0 77 75 0 0 0 0 0 0 0 0 0 0 0 0 790 0 1000 0 0 -4.5
0 0 0 0 0 0 0 23 28 0 0 0 57 53 0 0 0 0 0 0 0 0 0 0 0 0 839 0 1000 0 0 -5.4
0 0 0 0 0 0 0 16 12 0 0 0 39 42 0 0 0 0 1 0 0 0 0 0 0 0 890 0 1000 0 0 -6.3
0 0 0 0 0 0 0 14 11 0 0 0 22 15 0 0 0 0 0 0 0 0 0 0 0 0 938 0 1000 0 0 -7.2
0 0 0 0 0 0 0 3 8 0 0 0 11 9 0 0 0 0 0 0 0 0 0 0 0 0 969 0 1000 0 0 -8.1
0 0 0 0 0 0 0 6 5 0 0 0 9 8 0 0 0 0 0 0 0 0 0 0 0 0 972 0 1000 0 0 -9
0 0 0 0 0 0 0 4 0 0 0 0 6 6 0 0 0 0 0 0 0 0 0 0 0 0 984 0 1000 0 0 -9.9
0 0 0 0 0 0 0 1 1 0 0 0 0 2 0 0 0 0 0 0 0 0 0 0 0 0 996 0 1000 0 0 -10.8
0 0 0 0 0 0 0 0 1 0 0 0 3 0 0 0 0 0 0 0 0 0 0 0 0 0 996 0 1000 0 0 -11.7
0 0 0 0 0 0 0 0 0 0 0 0 1 2 0 0 0 0 0 0 0 0 0 0 0 0 997 0 1000 0 0 -12.6
0 0 0 0 0 0 0 0 0 0 0 0 0 1 0 0 0 0 0 0 0 0 0 0 0 0 999 0 1000 0 0 -13.5
0 0 0 0 0 0 0 0 0 0 0 0 0 1 0 0 0 0 0 0 0 0 0 0 0 0 999 0 1000 0 0 -14.4
0 0 0 0 0 0 0 0 0 0 0 0 1 0 0 0 0 0 0 0 0 0 0 0 0 0 999 0 1000 0 0 -15.3
0 0 0 0 0 0 0 0 0 0 0 0 0 0 0 0 0 0 0 0 0 0 0 0 0 0 1000 0 1000 0 0 -16.2
0 0 0 0 0 0 0 0 0 0 0 0 0 0 0 0 0 0 0 0 0 0 0 0 0 0 1000 0 1000 0 0 -17.1
0 0 0 0 0 0 0 0 0 0 0 0 0 0 0 0 0 0 0 0 0 0 0 0 0 0 1000 0 1000 0 0 -18
0 0 0 0 0 0 0 0 0 0 0 0 0 0 0 0 0 0 0 0 0 0 0 0 0 0 1000 0 1000 0 0 -18.9
0 0 0 0 0 0 0 0 0 0 0 0 0 0 0 0 0 0 0 0 0 0 0 0 0 0 1000 0 1000 0 0 -19.8
0 0 0 0 0 0 0 0 0 0 0 0 0 0 0 0 0 0 0 0 0 0 0 0 0 0 1000 0 1000 0 0 -20.7
0 0 0 0 0 0 0 0 0 0 0 0 0 0 0 0 0 0 0 0 0 0 0 0 0 0 1000 0 1000 0 0 -21.6
0 0 0 0 0 0 0 0 0 0 0 0 0 0 0 0 0 0 0 0 0 0 0 0 0 0 1000 0 1000 0 0 -22.5
0 0 0 0 0 0 0 0 0 0 0 0 0 0 0 0 0 0 0 0 0 0 0 0 0 0 1000 0 1000 0 0 -23.4
0 0 0 0 0 0 0 0 0 0 0 0 0 0 0 0 0 0 0 0 0 0 0 0 0 0 1000 0 1000 0 0 -24.3
0 0 0 0 0 0 0 0 0 0 0 0 0 0 0 0 0 0 0 0 0 0 0 0 0 0 1000 0 1000 0 0 -25.2
0 0 0 0 0 0 0 0 0 0 0 0 0 0 0 0 0 0 0 0 0 0 0 0 0 0 1000 0 1000 0 0 -26.1
0 0 0 0 0 0 0 0 0 0 0 0 0 0 0 0 0 0 0 0 0 0 0 0 0 0 1000 0 1000 0 0 -27
0 0 0 0 0 0 0 0 0 0 0 0 0 0 0 0 0 0 0 0 0 0 0 0 0 0 1000 0 1000 0 0 -27.9
0 0 0 0 0 0 0 0 0 0 0 0 0 0 0 0 0 0 0 0 0 0 0 0 0 0 1000 0 1000 0 0 -28.8
0 0 0 0 0 0 0 0 0 0 0 0 0 0 0 0 0 0 0 0 0 0 0 0 0 0 1000 0 1000 0 0 -29.7
0 0 0 0 0 0 0 0 0 0 0 0 0 0 0 0 0 0 0 0 0 0 0 0 0 0 1000 0 1000 0 0 -30.6
0 0 0 0 0 0 0 0 0 0 0 0 0 0 0 0 0 0 0 0 0 0 0 0 0 0 1000 0 1000 0 0 -31.5
0 0 0 0 0 0 0 0 0 0 0 0 0 0 0 0 0 0 0 0 0 0 0 0 0 0 1000 0 1000 0 0 -32.4
0 0 0 0 0 0 0 0 0 0 0 0 0 0 0 0 0 0 0 0 0 0 0 0 0 0 1000 0 1000 0 0 -33.3
0 0 0 0 0 0 0 0 0 0 0 0 0 0 0 0 0 0 0 0 0 0 0 0 0 0 1000 0 1000 0 0 -34.2
