50
0 0 0 0 0 0 0 20 2 0 0 0 484 4 0 0 0 0 0 0 0 0 0 0 0 0 490 0 1000 0 0 9.9
0 0 0 0 0 0 0 193 56 0 0 0 597 64 0 0 0 0 0 0 0 0 0 0 0 0 90 0 1000 0 0 9
0 0 0 0 0 0 0 215 58 0 0 0 657 69 0 0 0 0 0 0 0 0 0 0 0 0 1 0 1000 0 0 8.1
0 0 0 0 0 0 0 242 54 0 0 0 619 79 0 0 0 0 0 0 0 0 0 0 0 0 6 0 1000 0 0 7.2
0 0 0 0 0 0 0 273 74 0 0 0 530 110 0 0 0 0 0 0 0 0 0 0 0 0 13 0 1000 0 0 6.3
0 0 0 0 0 0 0 286 96 0 0 0 485 124 0 0 0 0 0 0 0 0 0 0 0 0 9 0 1000 0 0 5.4
0 0 0 1 0 0 0 276 101 0 0 0 439 164 0 0 0 0 0 0 0 0 0 0 0 0 19 0 1000 0 0 4.5
0 0 0 0 0 0 1 278 108 0 0 0 441 148 0 0 0 0 0 0 0 0 0 0 0 0 24 0 1000 0 0 3.6
0 0 0 0 0 0 0 284 126 0 0 0 387 165 0 0 0 0 0 0 0 0 0 0 0 0 38 0 1000 0 0 2.7
0 0 0 0 0 0 0 280 139 0 0 0 386 159 0 0 0 0 0 0 0 0 0 0 0 0 36 0 1000 0 0 1.8
0 0 0 0 0 0 0 294 119 0 0 0 388 153 0 0 0 0 0 0 0 0 0 0 0 0 46 0 1000 0 0 0.9
0 0 0 0 0 0 0 230 140 0 0 0 328 159 0 0 0 0 1 0 0 0 0 0 0 0 142 0 1000 0 0 0
0 0 0 0 0 0 0 196 113 0 0 0 263 121 0 0 0 0 0 0 0 0 0 0 0 0 307 0 1000 0 0 -0.9
0 0 0 0 0 0 0 146 97 0 0 0 203 99 0 0 0 0 0 0 0 0 0 0 0 0 455 0 1000 0 0 -1.8
0 0 0 0 0 0 1 119 60 0 0 1 144 74 0 0 0 0 0 0 0 0 0 0 0 0 601 0 1000 0 0 -2.7
0 0 1 0 0 0 0 101 57 0 0 0 112 53 0 0 0 0 0 0 0 0 0 0 0 0 676 0 1000 0 0 -3.6
0 0 0 0 0 0 0 68 35 0 0 0 70 50 0 0 0 0 0 0 0 0 0 0 0 0 777 0 1000 0 0 -4.5
0 0 0 0 0 0 0 41 22 0 0 0 56 27 0 0 0 0 0 0 0 0 0 0 0 0 854 0 1000 0 0 -5.4
0 0 0 0 0 0 2 30 18 0 0 0 33 18 0 0 0 0 0 0 0 0 0 0 0 0 899 0 1000 0 0 -6.3
0 0 0 0 0 0 0 14 17 0 0 0 29 14 0 0 0 0 0 0 0 0 0 0 0 0 926 0 1000 0 0 -7.2
0 0 0 0 0 0 0 11 5 0 0 0 24 5 0 0 0 0 0 0 0 0 0 0 0 0 955 0 1000 0 0 -8.1
0 0 0 0 0 0 0 5 5 0 0 0 10 5 0 0 0 0 0 0 0 0 0 0 0 0 975 0 1000 0 0 -9
0 0 0 0 0 0 0 7 2 0 0 0 4 6 0 0 0 0 1 0 0 0 0 0 0 0 980 0 1000 0 0 -9.9
0 0 0 0 0 0 0 3 2 0 0 0 0 1 0 0 0 0 0 0 0 0 0 0 0 0 994 0 1000 0 0 -10.8
0 0 0 0 0 0 0 3 0 0 0 0 5 0 0 0 0 0 0 0 0 0 0 0 0 0 992 0 1000 0 0 -11.7
0 0 0 0 0 0 0 3 0 0 0 0 1 0 0 0 0 0 0 0 0 0 0 0 0 0 996 0 1000 0 0 -12.6
0 0 0 0 0 0 0 0 1 0 0 0 0 0 0 0 0 0 0 0 0 0 0 0 0 0 999 0 1000 0 0 -13.5
0 0 0 0 0 0 0 0 0 0 0 0 0 0 0 0 0 0 0 0 0 0 0 0 0 0 1000 0 1000 0 0 -14.4
0 0 0 0 0 0 0 0 0 0 0 0 0 0 0 0 0 0 0 0 0 0 0 0 0 0 1000 0 1000 0 0 -15.3
0 0 0 0 0 0 0 0 0 0 0 0 0 0 0 0 0 0 0 0 0 0 0 0 0 0 1000 0 1000 0 0 -16.2
0 0 0 0 0 0 0 0 0 0 0 0 0 0 0 0 0 0 0 0 0 0 0 0 0 0 1000 0 1000 0 0 -17.1
0 0 0 0 0 0 0 0 0 0 0 0 0 0 0 0 0 0 0 0 0 0 0 0 0 0 1000 0 1000 0 0 -18
0 0 0 0 0 0 0 0 0 0 0 0 0 0 0 0 0 0 0 0 0 0 0 0 0 0 1000 0 1000 0 0 -18.9
0 0 0 0 0 0 0 0 0 0 0 0 0 0 0 0 0 0 0 0 0 0 0 0 0 0 1000 0 1000 0 0 -19.8
0 0 0 0 0 0 0 0 0 0 0 0 0 0 0 0 0 0 0 0 0 0 0 0 0 0 1000 0 1000 0 0 -20.7
0 0 0 0 0 0 0 0 0 0 0 0 0 0 0 0 0 0 0 0 0 0 0 0 0 0 1000 0 1000 0 0 -21.6
0 0 0 0 0 0 0 0 0 0 0 0 0 0 0 0 0 0 0 0 0 0 0 0 0 0 1000 0 1000 0 0 -22.5
0 0 0 0 0 0 0 0 0 0 0 0 0 0 0 0 0 0 0 0 0 0 0 0 0 0 1000 0 1000 0 0 -23.4
0 0 0 0 0 0 0 0 0 0 0 0 0 0 0 0 0 0 0 0 0 0 0 0 0 0 1000 0 1000 0 0 -24.3
0 0 0 0 0 0 0 0 0 0 0 0 0 0 0 0 0 0 0 0 0 0 0 0 0 0 1000 0 1000 0 0 -25.2
0 0 0 0 0 0 0 0 0 0 0 0 0 0 0 0 0 0 0 0 0 0 0 0 0 0 1000 0 1000 0 0 -26.1
0 0 0 0 0 0 0 0 0 0 0 0 0 0 0 0 0 0 0 0 0 0 0 0 0 0 1000 0 1000 0 0 -27
0 0 0 0 0 0 0 0 0 0 0 0 0 0 0 0 0 0 0 0 0 0 0 0 0 0 1000 0 1000 0 0 -27.9
0 0 0 0 0 0 0 0 0 0 0 0 0 0 0 0 0 0 0 0 0 0 0 0 0 0 1000 0 1000 0 0 -28.8
0 0 0 0 0 0 0 0 0 0 0 0 0 0 0 0 0 0 0 0 0 0 0 0 0 0 1000 0 1000 0 0 -29.7
0 0 0 0 0 0 0 0 0 0 0 0 0 0 0 0 0 0 0 0 0 0 0 0 0 0 1000 0 1000 0 0 -30.6
0 0 0 0 0 0 0 0 0 0 0 0 0 0 0 0 0 0 0 0 0 0 0 0 0 0 1000 0 1000 0 0 -31.5
0 0 0 0 0 0 0 0 0 0 0 0 0 0 0 0 0 0 0 0 0 0 0 0 0 0 1000 0 1000 0 0 -32.4
0 0 0 0 0 0 0 0 0 0 0 0 0 0 0 0 0 0 0 0 0 0 0 0 0 0 1000 0 1000 0 0 -33.3
0 0 0 0 0 0 0 0 0 0 0 0 0 0 0 0 0 0 0 0 0 0 0 0 0 0 1000 0 1000 0 0 -34.2
