50
0 0 0 0 0 0 0 0 0 0 0 0 963 11 0 0 0 0 0 0 0 0 0 0 0 0 26 0 1000 0 0 9.9
0 0 0 0 0 0 0 0 0 0 0 0 884 82 0 0 0 0 0 0 0 0 0 0 0 0 34 0 1000 0 0 9
0 0 0 0 0 0 0 0 0 0 0 0 994 6 0 0 0 0 0 0 0 0 0 0 0 0 0 0 1000 0 0 8.1
0 0 0 0 0 0 0 0 0 0 0 0 969 31 0 0 0 0 0 0 0 0 0 0 0 0 0 0 1000 0 0 7.2
0 0 0 0 0 0 0 0 0 0 0 0 913 85 0 0 0 0 0 0 0 0 0 0 0 0 2 0 1000 0 0 6.3
0 0 0 0 0 0 0 0 0 0 0 0 864 135 0 0 0 0 0 0 0 0 0 0 0 0 1 0 1000 0 0 5.4
0 0 0 0 0 0 0 3 0 0 0 0 784 206 0 0 0 1 2 0 0 0 0 0 0 0 4 0 1000 0 0 4.5
0 0 0 0 0 0 0 2 1 0 0 0 718 268 0 0 0 3 2 0 0 0 0 0 0 0 6 0 1000 0 0 3.6
0 0 0 0 0 0 0 6 3 0 0 0 656 327 0 0 0 4 2 0 0 0 0 0 0 0 2 0 1000 0 0 2.7
0 0 0 0 0 0 0 3 3 0 0 0 678 305 0 0 0 3 3 0 0 0 0 0 0 0 5 0 1000 0 0 1.8
0 0 0 0 0 0 0 2 4 0 0 0 651 328 0 0 0 3 2 0 0 0 0 0 0 0 10 0 1000 0 0 0.9
0 0 0 0 0 0 0 5 4 0 0 1 568 282 0 0 0 4 7 0 0 0 0 0 0 0 129 0 1000 0 0 0
0 0 0 0 0 0 0 7 1 0 0 0 432 233 0 0 0 7 2 0 0 0 0 0 0 0 318 0 1000 0 0 -0.9
0 0 0 0 0 0 0 9 4 0 0 0 333 204 0 0 0 7 12 0 0 0 0 0 0 0 431 0 1000 0 0 -1.8
0 0 0 0 0 0 0 8 5 0 0 0 279 132 0 0 0 7 3 0 0 0 0 0 0 0 566 0 1000 0 0 -2.7
0 0 0 0 0 0 0 7 1 0 0 0 188 124 0 0 0 3 1 0 0 0 0 0 0 0 676 0 1000 0 0 -3.6
0 0 0 0 0 0 0 0 3 0 0 0 105 85 0 0 0 4 6 0 0 0 0 0 0 0 797 0 1000 0 0 -4.5
0 0 0 0 0 0 0 7 0 0 0 0 77 59 0 0 0 6 1 0 0 0 0 0 0 0 850 0 1000 0 0 -5.4
0 0 0 0 0 0 0 1 2 0 0 0 63 42 0 0 0 5 0 0 0 0 0 0 0 0 887 0 1000 0 0 -6.3
0 0 0 0 0 0 0 0 2 0 0 0 37 28 0 0 0 2 0 0 0 0 0 0 0 0 931 0 1000 0 0 -7.2
0 0 0 0 0 0 0 1 0 0 0 0 26 15 0 0 0 1 1 0 0 0 0 0 0 0 956 0 1000 0 0 -8.1
0 0 0 0 0 0 0 1 1 0 0 0 20 13 0 0 0 0 1 0 0 0 0 0 0 0 964 0 1000 0 0 -9
0 0 0 0 0 0 0 1 0 0 0 0 5 6 0 0 0 0 0 0 0 0 0 0 0 0 988 0 1000 0 0 -9.9
0 0 0 0 0 0 0 0 0 0 0 0 4 6 0 0 0 0 1 0 0 0 0 0 0 0 989 0 1000 0 0 -10.8
0 0 0 0 0 0 0 2 0 0 0 0 1 4 0 0 0 0 0 0 0 0 0 0 0 0 993 0 1000 0 0 -11.7
0 0 0 0 0 0 0 0 0 0 0 0 0 2 0 0 0 0 0 0 0 0 0 0 0 0 998 0 1000 0 0 -12.6
0 0 0 0 0 0 0 0 0 0 0 0 0 1 0 0 0 0 0 0 0 0 0 0 0 0 999 0 1000 0 0 -13.5
0 0 0 0 0 0 0 0 0 0 0 0 1 0 0 0 0 0 0 0 0 0 0 0 0 0 999 0 1000 0 0 -14.4
0 0 0 0 0 0 0 0 0 0 0 0 0 0 0 0 0 0 0 0 0 0 0 0 0 0 1000 0 1000 0 0 -15.3
0 0 0 0 0 0 0 0 0 0 0 0 0 0 0 0 0 0 0 0 0 0 0 0 0 0 1000 0 1000 0 0 -16.2
0 0 0 0 0 0 0 0 0 0 0 0 0 0 0 0 0 0 0 0 0 0 0 0 0 0 1000 0 1000 0 0 -17.1
0 0 0 0 0 0 0 0 0 0 0 0 0 0 0 0 0 0 0 0 0 0 0 0 0 0 1000 0 1000 0 0 -18
0 0 0 0 0 0 0 0 0 0 0 0 0 0 0 0 0 0 0 0 0 0 0 0 0 0 1000 0 1000 0 0 -18.9
0 0 0 0 0 0 0 0 0 0 0 0 0 0 0 0 0 0 0 0 0 0 0 0 0 0 1000 0 1000 0 0 -19.8
0 0 0 0 0 0 0 0 0 0 0 0 0 0 0 0 0 0 0 0 0 0 0 0 0 0 1000 0 1000 0 0 -20.7
0 0 0 0 0 0 0 0 0 0 0 0 0 0 0 0 0 0 0 0 0 0 0 0 0 0 1000 0 1000 0 0 -21.6
0 0 0 0 0 0 0 0 0 0 0 0 0 0 0 0 0 0 0 0 0 0 0 0 0 0 1000 0 1000 0 0 -22.5
0 0 0 0 0 0 0 0 0 0 0 0 0 0 0 0 0 0 0 0 0 0 0 0 0 0 1000 0 1000 0 0 -23.4
0 0 0 0 0 0 0 0 0 0 0 0 0 0 0 0 0 0 0 0 0 0 0 0 0 0 1000 0 1000 0 0 -24.3
0 0 0 0 0 0 0 0 0 0 0 0 0 0 0 0 0 0 0 0 0 0 0 0 0 0 1000 0 1000 0 0 -25.2
0 0 0 0 0 0 0 0 0 0 0 0 0 0 0 0 0 0 0 0 0 0 0 0 0 0 1000 0 1000 0 0 -26.1
0 0 0 0 0 0 0 0 0 0 0 0 0 0 0 0 0 0 0 0 0 0 0 0 0 0 1000 0 1000 0 0 -27
0 0 0 0 0 0 0 0 0 0 0 0 0 0 0 0 0 0 0 0 0 0 0 0 0 0 1000 0 1000 0 0 -27.9
0 0 0 0 0 0 0 0 0 0 0 0 0 0 0 0 0 0 0 0 0 0 0 0 0 0 1000 0 1000 0 0 -28.8
0 0 0 0 0 0 0 0 0 0 0 0 0 0 0 0 0 0 0 0 0 0 0 0 0 0 1000 0 1000 0 0 -29.7
0 0 0 0 0 0 0 0 0 0 0 0 0 0 0 0 0 0 0 0 0 0 0 0 0 0 1000 0 1000 0 0 -30.6
0 0 0 0 0 0 0 0 0 0 0 0 0 0 0 0 0 0 0 0 0 0 0 0 0 0 1000 0 1000 0 0 -31.5
0 0 0 0 0 0 0 0 0 0 0 0 0 0 0 0 0 0 0 0 0 0 0 0 0 0 1000 0 1000 0 0 -32.4
0 0 0 0 0 0 0 0 0 0 0 0 0 0 0 0 0 0 0 0 0 0 0 0 0 0 1000 0 1000 0 0 -33.3
0 0 0 0 0 0 0 0 0 0 0 0 0 0 0 0 0 0 0 0 0 0 0 0 0 0 1000 0 1000 0 0 -34.2
