50
0 0 0 0 0 0 0 0 0 0 0 0 66 80 0 0 0 0 0 0 0 0 0 0 0 0 854 0 1000 0 0 9.9
0 0 0 0 0 0 0 0 0 0 0 0 465 454 0 0 0 0 0 0 0 0 0 0 0 0 81 0 1000 0 0 9
0 0 0 0 0 0 0 0 0 0 0 0 497 501 0 0 0 0 0 0 0 0 0 0 0 0 2 0 1000 0 0 8.1
0 0 0 0 0 0 0 1 0 0 0 0 493 506 0 0 0 0 0 0 0 0 0 0 0 0 0 0 1000 0 0 7.2
0 0 0 0 0 0 0 1 0 0 0 0 499 497 0 0 0 0 0 0 0 0 0 0 0 0 3 0 1000 0 0 6.3
0 0 0 0 0 0 0 1 2 0 0 0 522 471 0 0 0 1 0 0 0 0 0 0 0 0 3 0 1000 0 0 5.4
0 0 0 0 0 0 0 6 2 0 0 0 511 475 0 0 0 2 1 0 0 0 0 0 0 0 3 0 1000 0 0 4.5
0 0 0 0 0 0 0 10 9 0 0 0 462 510 0 0 0 2 1 0 0 0 0 0 0 0 6 0 1000 0 0 3.6
0 0 0 0 0 0 0 7 7 0 0 0 492 485 0 0 0 1 3 0 0 0 0 0 0 0 5 0 1000 0 0 2.7
0 0 0 0 0 0 0 5 11 0 0 0 477 488 0 0 0 2 2 0 0 0 0 0 0 0 15 0 1000 0 0 1.8
0 0 0 0 0 0 0 6 8 0 0 0 464 503 0 0 0 1 2 0 0 0 0 0 0 0 16 0 1000 0 0 0.9
0 0 0 0 0 0 0 12 5 0 0 0 421 427 0 0 0 3 1 0 0 0 0 0 0 0 131 0 1000 0 0 0
0 0 0 0 0 0 0 10 10 0 0 0 338 314 0 0 0 5 2 0 0 0 0 0 0 0 321 0 1000 0 0 -0.9
0 0 0 0 0 0 0 9 10 0 0 0 288 234 0 0 0 3 4 0 0 0 0 0 0 0 452 0 1000 0 0 -1.8
0 0 0 0 0 0 0 12 10 0 0 0 198 218 0 0 0 3 0 0 0 0 0 0 0 0 559 0 1000 0 0 -2.7
0 0 0 0 0 0 0 9 8 0 0 0 159 157 0 0 0 2 2 0 0 0 0 0 0 0 663 0 1000 0 0 -3.6
0 0 0 0 0 0 0 6 6 0 0 0 96 89 0 0 0 3 2 0 0 0 0 0 0 0 798 0 1000 0 0 -4.5
0 0 0 0 0 0 0 4 4 0 0 0 57 85 0 0 0 2 4 0 0 0 0 0 0 0 844 0 1000 0 0 -5.4
0 0 0 0 0 0 0 2 3 0 0 0 44 40 0 0 0 1 1 0 0 0 0 0 0 0 909 0 1000 0 0 -6.3
0 0 0 0 0 0 0 4 1 0 0 0 19 27 0 0 0 0 1 0 0 0 0 0 0 0 948 0 1000 0 0 -7.2
0 0 0 0 0 0 0 2 1 0 0 0 14 16 0 0 0 0 0 0 0 0 0 0 0 0 967 0 1000 0 0 -8.1
0 0 0 0 0 0 0 2 1 0 0 0 12 14 0 0 0 1 0 0 0 0 0 0 0 0 970 0 1000 0 0 -9
0 0 0 0 0 0 0 1 0 0 0 0 9 7 0 0 0 0 0 0 0 0 0 0 0 0 983 0 1000 0 0 -9.9
0 0 0 0 0 0 0 0 1 0 0 0 4 5 0 0 0 0 0 0 0 0 0 0 0 0 990 0 1000 0 0 -10.8
0 0 0 0 0 0 0 1 0 0 0 0 2 2 0 0 0 0 1 0 0 0 0 0 0 0 994 0 1000 0 0 -11.7
0 0 0 0 0 0 0 0 0 0 0 0 2 1 0 0 0 0 1 0 0 0 0 0 0 0 996 0 1000 0 0 -12.6
0 0 0 0 0 0 0 0 0 0 0 0 0 1 0 0 0 0 0 0 0 0 0 0 0 0 999 0 1000 0 0 -13.5
0 0 0 0 0 0 0 0 0 0 0 0 0 0 0 0 0 0 0 0 0 0 0 0 0 0 1000 0 1000 0 0 -14.4
0 0 0 0 0 0 0 0 0 0 0 0 0 0 0 0 0 0 0 0 0 0 0 0 0 0 1000 0 1000 0 0 -15.3
0 0 0 0 0 0 0 0 0 0 0 0 1 1 0 0 0 0 0 0 0 0 0 0 0 0 998 0 1000 0 0 -16.2
0 0 0 0 0 0 0 0 0 0 0 0 0 0 0 0 0 0 0 0 0 0 0 0 0 0 1000 0 1000 0 0 -17.1
0 0 0 0 0 0 0 0 0 0 0 0 0 0 0 0 0 0 0 0 0 0 0 0 0 0 1000 0 1000 0 0 -18
0 0 0 0 0 0 0 0 0 0 0 0 0 0 0 0 0 0 0 0 0 0 0 0 0 0 1000 0 1000 0 0 -18.9
0 0 0 0 0 0 0 0 0 0 0 0 0 0 0 0 0 0 0 0 0 0 0 0 0 0 1000 0 1000 0 0 -19.8
0 0 0 0 0 0 0 0 0 0 0 0 0 0 0 0 0 0 0 0 0 0 0 0 0 0 1000 0 1000 0 0 -20.7
0 0 0 0 0 0 0 0 0 0 0 0 0 0 0 0 0 0 0 0 0 0 0 0 0 0 1000 0 1000 0 0 -21.6
0 0 0 0 0 0 0 0 0 0 0 0 0 0 0 0 0 0 0 0 0 0 0 0 0 0 1000 0 1000 0 0 -22.5
0 0 0 0 0 0 0 0 0 0 0 0 0 0 0 0 0 0 0 0 0 0 0 0 0 0 1000 0 1000 0 0 -23.4
0 0 0 0 0 0 0 0 0 0 0 0 0 0 0 0 0 0 0 0 0 0 0 0 0 0 1000 0 1000 0 0 -24.3
0 0 0 0 0 0 0 0 0 0 0 0 0 0 0 0 0 0 0 0 0 0 0 0 0 0 1000 0 1000 0 0 -25.2
0 0 0 0 0 0 0 0 0 0 0 0 0 0 0 0 0 0 0 0 0 0 0 0 0 0 1000 0 1000 0 0 -26.1
0 0 0 0 0 0 0 0 0 0 0 0 0 0 0 0 0 0 0 0 0 0 0 0 0 0 1000 0 1000 0 0 -27
0 0 0 0 0 0 0 0 0 0 0 0 0 0 0 0 0 0 0 0 0 0 0 0 0 0 1000 0 1000 0 0 -27.9
0 0 0 0 0 0 0 0 0 0 0 0 0 0 0 0 0 0 0 0 0 0 0 0 0 0 1000 0 1000 0 0 -28.8
0 0 0 0 0 0 0 0 0 0 0 0 0 0 0 0 0 0 0 0 0 0 0 0 0 0 1000 0 1000 0 0 -29.7
0 0 0 0 0 0 0 0 0 0 0 0 0 0 0 0 0 0 0 0 0 0 0 0 0 0 1000 0 1000 0 0 -30.6
0 0 0 0 0 0 0 0 0 0 0 0 0 0 0 0 0 0 0 0 0 0 0 0 0 0 1000 0 1000 0 0 -31.5
0 0 0 0 0 0 0 0 0 0 0 0 0 0 0 0 0 0 0 0 0 0 0 0 0 0 1000 0 1000 0 0 -32.4
0 0 0 0 0 0 0 0 0 0 0 0 0 0 0 0 0 0 0 0 0 0 0 0 0 0 1000 0 1000 0 0 -33.3
0 0 0 0 0 0 0 0 0 0 0 0 0 0 0 0 0 0 0 0 0 0 0 0 0 0 1000 0 1000 0 0 -34.2
