50
0 0 0 0 0 0 0 0 0 0 0 0 975 9 0 0 0 0 0 0 0 0 0 0 0 0 16 0 1000 0 0 9.9
0 0 0 0 0 0 0 0 1 0 0 0 869 85 0 0 0 0 0 0 0 0 0 0 0 0 45 0 1000 0 0 9
0 0 0 0 0 0 0 0 0 0 0 0 989 11 0 0 0 0 0 0 0 0 0 0 0 0 0 0 1000 0 0 8.1
0 0 0 0 0 0 0 0 0 0 0 0 971 29 0 0 0 0 0 0 0 0 0 0 0 0 0 0 1000 0 0 7.2
0 0 0 0 0 0 0 0 0 0 0 0 915 84 0 0 0 0 0 0 0 0 0 0 0 0 1 0 1000 0 0 6.3
0 0 0 0 0 0 0 3 1 0 0 0 835 160 0 0 0 0 0 0 0 0 0 0 0 0 1 0 1000 0 0 5.4
0 0 0 0 0 0 0 3 3 0 0 0 774 217 0 0 0 0 0 0 0 0 0 0 0 0 3 0 1000 0 0 4.5
0 0 0 0 0 0 0 19 13 0 0 0 688 274 0 0 0 1 0 0 0 0 0 0 0 0 5 0 1000 0 0 3.6
0 0 0 0 0 0 0 11 6 0 0 0 702 271 0 0 0 0 1 0 0 0 0 0 0 0 9 0 1000 0 0 2.7
0 0 0 0 0 0 0 10 14 0 0 0 675 291 0 0 0 1 1 0 0 0 0 0 0 0 8 0 1000 0 0 1.8
0 0 0 0 0 0 0 18 18 0 0 0 645 296 0 0 0 1 1 0 0 0 0 0 0 0 21 0 1000 0 0 0.9
0 0 0 0 0 0 0 29 20 0 0 0 545 274 0 0 0 0 0 0 0 0 0 0 0 0 132 0 1000 0 0 0
0 0 0 0 0 0 0 20 9 0 0 0 435 244 0 0 0 1 1 0 0 0 0 0 0 0 290 0 1000 0 0 -0.9
0 0 0 0 0 0 0 18 11 0 0 0 339 212 0 0 0 2 3 0 0 0 0 0 0 0 415 0 1000 0 0 -1.8
0 0 0 0 0 0 0 18 10 0 0 0 236 140 0 0 0 1 0 0 0 0 0 0 0 0 595 0 1000 0 0 -2.7
0 0 0 0 0 0 0 8 7 0 0 1 167 116 0 0 0 1 1 0 0 0 0 0 0 0 699 0 1000 0 0 -3.6
0 0 0 0 0 0 0 12 6 0 0 0 125 84 0 0 0 0 2 0 0 0 0 0 0 0 771 0 1000 0 0 -4.5
0 0 0 0 0 0 0 4 7 0 0 0 75 50 0 0 0 1 0 0 0 0 0 0 0 0 863 0 1000 0 0 -5.4
0 0 0 0 0 0 0 3 8 0 0 0 58 36 0 0 0 0 1 0 0 0 0 0 0 0 894 0 1000 0 0 -6.3
0 0 0 0 0 0 0 3 1 0 0 0 29 28 0 0 0 0 0 0 0 0 0 0 0 0 939 0 1000 0 0 -7.2
0 0 0 0 0 0 0 1 3 0 0 0 17 16 0 0 0 0 0 0 0 0 0 0 0 0 963 0 1000 0 0 -8.1
0 0 0 0 0 0 0 0 1 0 0 0 10 5 0 0 0 0 0 0 0 0 0 0 0 0 984 0 1000 0 0 -9
0 0 0 0 0 0 0 0 0 0 0 0 6 4 0 0 0 0 0 0 0 0 0 0 0 0 990 0 1000 0 0 -9.9
0 0 0 0 0 0 0 0 0 0 0 0 4 3 0 0 0 0 0 0 0 0 0 0 0 0 993 0 1000 0 0 -10.8
0 0 0 0 0 0 0 0 0 0 0 0 4 1 0 0 0 0 0 0 0 0 0 0 0 0 995 0 1000 0 0 -11.7
0 0 0 0 0 0 0 0 0 0 0 0 0 0 0 0 0 0 0 0 0 0 0 0 0 0 1000 0 1000 0 0 -12.6
0 0 0 0 0 0 0 0 0 0 0 0 1 0 0 0 0 0 0 0 0 0 0 0 0 0 999 0 1000 0 0 -13.5
0 0 0 0 0 0 0 0 0 0 0 0 0 0 0 0 0 0 0 0 0 0 0 0 0 0 1000 0 1000 0 0 -14.4
0 0 0 0 0 0 0 0 0 0 0 0 0 0 0 0 0 0 0 0 0 0 0 0 0 0 1000 0 1000 0 0 -15.3
0 0 0 0 0 0 0 0 0 0 0 0 0 0 0 0 0 0 0 0 0 0 0 0 0 0 1000 0 1000 0 0 -16.2
0 0 0 0 0 0 0 0 0 0 0 0 0 0 0 0 0 0 0 0 0 0 0 0 0 0 1000 0 1000 0 0 -17.1
0 0 0 0 0 0 0 0 0 0 0 0 0 0 0 0 0 0 0 0 0 0 0 0 0 0 1000 0 1000 0 0 -18
0 0 0 0 0 0 0 0 0 0 0 0 0 0 0 0 0 0 0 0 0 0 0 0 0 0 1000 0 1000 0 0 -18.9
0 0 0 0 0 0 0 0 0 0 0 0 0 0 0 0 0 0 0 0 0 0 0 0 0 0 1000 0 1000 0 0 -19.8
0 0 0 0 0 0 0 0 0 0 0 0 0 0 0 0 0 0 0 0 0 0 0 0 0 0 1000 0 1000 0 0 -20.7
0 0 0 0 0 0 0 0 0 0 0 0 0 0 0 0 0 0 0 0 0 0 0 0 0 0 1000 0 1000 0 0 -21.6
0 0 0 0 0 0 0 0 0 0 0 0 0 0 0 0 0 0 0 0 0 0 0 0 0 0 1000 0 1000 0 0 -22.5
0 0 0 0 0 0 0 0 0 0 0 0 0 0 0 0 0 0 0 0 0 0 0 0 0 0 1000 0 1000 0 0 -23.4
0 0 0 0 0 0 0 0 0 0 0 0 0 0 0 0 0 0 0 0 0 0 0 0 0 0 1000 0 1000 0 0 -24.3
0 0 0 0 0 0 0 0 0 0 0 0 0 0 0 0 0 0 0 0 0 0 0 0 0 0 1000 0 1000 0 0 -25.2
0 0 0 0 0 0 0 0 0 0 0 0 0 0 0 0 0 0 0 0 0 0 0 0 0 0 1000 0 1000 0 0 -26.1
0 0 0 0 0 0 0 0 0 0 0 0 0 0 0 0 0 0 0 0 0 0 0 0 0 0 1000 0 1000 0 0 -27
0 0 0 0 0 0 0 0 0 0 0 0 0 0 0 0 0 0 0 0 0 0 0 0 0 0 1000 0 1000 0 0 -27.9
0 0 0 0 0 0 0 0 0 0 0 0 0 0 0 0 0 0 0 0 0 0 0 0 0 0 1000 0 1000 0 0 -28.8
0 0 0 0 0 0 0 0 0 0 0 0 0 0 0 0 0 0 0 0 0 0 0 0 0 0 1000 0 1000 0 0 -29.7
0 0 0 0 0 0 0 0 0 0 0 0 0 0 0 0 0 0 0 0 0 0 0 0 0 0 1000 0 1000 0 0 -30.6
0 0 0 0 0 0 0 0 0 0 0 0 0 0 0 0 0 0 0 0 0 0 0 0 0 0 1000 0 1000 0 0 -31.5
0 0 0 0 0 0 0 0 0 0 0 0 0 0 0 0 0 0 0 0 0 0 0 0 0 0 1000 0 1000 0 0 -32.4
0 0 0 0 0 0 0 0 0 0 0 0 0 0 0 0 0 0 0 0 0 0 0 0 0 0 1000 0 1000 0 0 -33.3
0 0 0 0 0 0 0 0 0 0 0 0 0 0 0 0 0 0 0 0 0 0 0 0 0 0 1000 0 1000 0 0 -34.2
