50
0 0 0 0 0 0 0 63 0 0 0 0 59 0 0 0 0 0 0 0 0 0 0 0 0 0 878 0 1000 0 0 9.9
0 0 0 0 0 0 0 431 1 0 0 0 471 2 0 0 0 0 0 0 0 0 0 0 0 0 95 0 1000 0 0 9
0 0 0 0 0 0 0 504 6 0 0 0 488 0 0 0 0 0 0 0 0 0 0 0 0 0 2 0 1000 0 0 8.1
0 0 0 0 0 0 0 516 4 0 0 0 477 3 0 0 0 0 0 0 0 0 0 0 0 0 0 0 1000 0 0 7.2
0 0 0 0 0 0 0 492 12 0 0 0 489 5 0 0 0 0 0 0 0 0 0 0 0 0 2 0 1000 0 0 6.3
0 0 0 0 0 0 0 470 18 0 0 1 491 18 0 0 0 0 0 0 0 0 0 0 0 0 2 0 1000 0 0 5.4
0 0 0 0 0 0 0 464 27 0 0 0 468 29 0 0 0 0 0 0 0 0 0 0 0 0 12 0 1000 0 0 4.5
0 0 0 0 0 0 0 444 33 0 0 0 483 31 0 0 0 0 0 0 0 0 0 0 0 0 9 0 1000 0 0 3.6
0 0 0 0 0 0 0 438 37 0 0 0 471 33 0 0 0 0 0 0 0 0 0 0 0 0 21 0 1000 0 0 2.7
0 0 0 0 0 0 0 462 42 0 0 0 429 47 0 0 0 0 0 0 0 0 0 0 0 0 20 0 1000 0 0 1.8
0 0 0 0 0 0 1 443 36 0 0 0 449 44 0 0 0 0 0 0 0 0 0 0 0 0 27 0 1000 0 0 0.9
0 0 0 0 0 0 0 397 44 0 0 1 363 52 0 0 0 0 0 0 0 0 0 0 0 0 143 0 1000 0 0 0
0 0 0 0 0 0 0 321 28 0 0 0 295 42 0 0 0 0 0 0 0 0 0 0 0 0 314 0 1000 0 0 -0.9
0 0 0 0 0 0 0 248 32 0 0 0 229 45 0 0 0 0 0 0 0 0 0 0 0 0 446 0 1000 0 0 -1.8
0 0 0 0 0 0 0 176 29 0 0 0 187 31 0 0 0 0 0 0 0 0 0 0 0 0 577 0 1000 0 0 -2.7
0 0 0 0 0 0 1 130 12 0 0 0 117 33 0 0 0 0 0 0 0 0 0 0 0 0 707 0 1000 0 0 -3.6
0 0 0 0 0 0 1 86 14 0 0 0 83 24 0 0 0 0 0 0 0 0 0 0 0 0 792 0 1000 0 0 -4.5
0 0 0 0 0 0 1 54 11 0 0 0 69 20 0 0 0 0 0 0 0 0 0 0 0 0 845 0 1000 0 0 -5.4
0 0 0 0 0 0 0 43 6 0 0 0 41 8 0 0 0 0 0 0 0 0 0 0 0 0 902 0 1000 0 0 -6.3
0 0 0 0 0 0 2 22 2 0 0 1 33 11 0 0 0 0 0 0 0 0 0 0 0 0 929 0 1000 0 0 -7.2
0 0 0 0 0 0 0 17 5 0 0 0 16 5 0 0 0 0 0 0 0 0 0 0 0 0 957 0 1000 0 0 -8.1
0 0 0 0 0 0 0 10 2 0 0 0 10 4 0 0 0 0 0 0 0 0 0 0 0 0 974 0 1000 0 0 -9
0 0 0 0 0 0 0 3 2 0 0 0 4 0 0 0 0 0 0 0 0 0 0 0 0 0 991 0 1000 0 0 -9.9
0 0 0 0 0 0 0 5 2 0 0 0 8 0 0 0 0 0 0 0 0 0 0 0 0 0 985 0 1000 0 0 -10.8
0 0 0 0 0 0 0 2 2 0 0 0 3 0 0 0 0 0 0 0 0 0 0 0 0 0 993 0 1000 0 0 -11.7
0 0 0 0 0 0 0 0 0 0 0 0 2 0 0 0 0 0 0 0 0 0 0 0 0 0 998 0 1000 0 0 -12.6
0 0 0 0 0 0 0 0 0 0 0 0 0 0 0 0 0 0 0 0 0 0 0 0 0 0 1000 0 1000 0 0 -13.5
0 0 0 0 0 0 0 0 0 0 0 0 0 0 0 0 0 0 0 0 0 0 0 0 0 0 1000 0 1000 0 0 -14.4
0 0 0 0 0 0 0 0 1 0 0 0 0 0 0 0 0 0 0 0 0 0 0 0 0 0 999 0 1000 0 0 -15.3
0 0 0 0 0 0 0 0 0 0 0 0 0 0 0 0 0 0 0 0 0 0 0 0 0 0 1000 0 1000 0 0 -16.2
0 0 0 0 0 0 0 0 0 0 0 0 0 0 0 0 0 0 0 0 0 0 0 0 0 0 1000 0 1000 0 0 -17.1
0 0 0 0 0 0 0 0 0 0 0 0 0 0 0 0 0 0 0 0 0 0 0 0 0 0 1000 0 1000 0 0 -18
0 0 0 0 0 0 0 0 0 0 0 0 0 0 0 0 0 0 0 0 0 0 0 0 0 0 1000 0 1000 0 0 -18.9
0 0 0 0 0 0 0 0 0 0 0 0 0 0 0 0 0 0 0 0 0 0 0 0 0 0 1000 0 1000 0 0 -19.8
0 0 0 0 0 0 0 0 0 0 0 0 0 0 0 0 0 0 0 0 0 0 0 0 0 0 1000 0 1000 0 0 -20.7
0 0 0 0 0 0 0 0 0 0 0 0 0 0 0 0 0 0 0 0 0 0 0 0 0 0 1000 0 1000 0 0 -21.6
0 0 0 0 0 0 0 0 0 0 0 0 0 0 0 0 0 0 0 0 0 0 0 0 0 0 1000 0 1000 0 0 -22.5
0 0 0 0 0 0 0 0 0 0 0 0 0 0 0 0 0 0 0 0 0 0 0 0 0 0 1000 0 1000 0 0 -23.4
0 0 0 0 0 0 0 0 0 0 0 0 0 0 0 0 0 0 0 0 0 0 0 0 0 0 1000 0 1000 0 0 -24.3
0 0 0 0 0 0 0 0 0 0 0 0 0 0 0 0 0 0 0 0 0 0 0 0 0 0 1000 0 1000 0 0 -25.2
0 0 0 0 0 0 0 0 0 0 0 0 0 0 0 0 0 0 0 0 0 0 0 0 0 0 1000 0 1000 0 0 -26.1
0 0 0 0 0 0 0 0 0 0 0 0 0 0 0 0 0 0 0 0 0 0 0 0 0 0 1000 0 1000 0 0 -27
0 0 0 0 0 0 0 0 0 0 0 0 0 0 0 0 0 0 0 0 0 0 0 0 0 0 1000 0 1000 0 0 -27.9
0 0 0 0 0 0 0 0 0 0 0 0 0 0 0 0 0 0 0 0 0 0 0 0 0 0 1000 0 1000 0 0 -28.8
0 0 0 0 0 0 0 0 0 0 0 0 0 0 0 0 0 0 0 0 0 0 0 0 0 0 1000 0 1000 0 0 -29.7
0 0 0 0 0 0 0 0 0 0 0 0 0 0 0 0 0 0 0 0 0 0 0 0 0 0 1000 0 1000 0 0 -30.6
0 0 0 0 0 0 0 0 0 0 0 0 0 0 0 0 0 0 0 0 0 0 0 0 0 0 1000 0 1000 0 0 -31.5
0 0 0 0 0 0 0 0 0 0 0 0 0 0 0 0 0 0 0 0 0 0 0 0 0 0 1000 0 1000 0 0 -32.4
0 0 0 0 0 0 0 0 0 0 0 0 0 0 0 0 0 0 0 0 0 0 0 0 0 0 1000 0 1000 0 0 -33.3
0 0 0 0 0 0 0 0 0 0 0 0 0 0 0 0 0 0 0 0 0 0 0 0 0 0 1000 0 1000 0 0 -34.2
