50
0 0 0 0 0 0 0 0 0 0 0 0 997 1 0 0 0 0 0 0 0 0 0 0 0 0 2 0 1000 0 0 9.9
0 0 0 0 0 0 0 0 1 0 0 0 992 5 0 0 0 0 0 0 0 0 0 0 0 0 2 0 1000 0 0 9
0 0 0 0 0 0 0 0 0 0 0 0 1000 0 0 0 0 0 0 0 0 0 0 0 0 0 0 0 1000 0 0 8.1
0 0 0 0 0 0 0 0 0 0 0 0 1000 0 0 0 0 0 0 0 0 0 0 0 0 0 0 0 1000 0 0 7.2
0 0 0 0 0 0 0 3 0 0 0 0 992 4 0 0 0 0 0 0 0 0 0 0 0 0 1 0 1000 0 0 6.3
0 0 0 0 0 0 0 2 2 0 0 0 967 28 0 0 0 0 0 0 0 0 0 0 0 0 1 0 1000 0 0 5.4
0 0 0 0 0 0 0 11 8 0 0 0 898 78 0 0 0 0 0 0 0 0 0 0 0 0 5 0 1000 0 0 4.5
0 0 0 0 0 0 0 26 15 0 0 0 807 145 0 0 0 0 0 0 0 0 0 0 0 0 7 0 1000 0 0 3.6
0 0 0 0 0 0 0 22 14 0 0 0 794 160 0 0 0 0 0 0 0 0 0 0 0 0 10 0 1000 0 0 2.7
0 0 0 0 0 0 0 26 17 0 0 0 798 145 0 0 0 0 0 0 0 0 0 0 0 0 14 0 1000 0 0 1.8
0 0 0 0 0 0 0 34 12 0 0 0 749 185 0 0 0 0 0 0 0 0 0 0 0 0 20 0 1000 0 0 0.9
0 0 0 0 0 0 0 47 21 0 0 0 625 186 0 0 0 0 1 0 0 0 0 0 0 0 120 0 1000 0 0 0
0 0 0 0 0 0 0 40 16 0 0 0 455 169 0 0 0 1 0 0 0 0 0 0 0 0 319 0 1000 0 0 -0.9
0 0 0 0 0 0 0 33 17 0 0 0 341 128 0 0 0 2 0 0 0 0 0 0 0 0 479 0 1000 0 0 -1.8
0 0 0 0 0 0 1 32 13 0 0 0 272 90 0 0 0 0 2 0 0 0 0 0 0 0 590 0 1000 0 0 -2.7
0 0 0 0 0 0 0 32 14 0 0 0 199 84 0 0 0 3 0 0 0 0 0 0 0 0 668 0 1000 0 0 -3.6
0 0 0 0 0 0 0 14 10 0 0 0 124 51 0 0 0 1 0 0 0 0 0 0 0 0 800 0 1000 0 0 -4.5
0 0 0 0 0 0 0 8 10 0 0 0 85 40 0 0 0 1 0 0 0 0 0 0 0 0 856 0 1000 0 0 -5.4
0 0 0 0 0 0 0 11 6 0 0 0 69 18 0 0 0 0 0 0 0 0 0 0 0 0 896 0 1000 0 0 -6.3
0 0 0 0 0 0 0 8 5 0 0 0 42 20 0 0 0 0 0 0 0 0 0 0 0 0 925 0 1000 0 0 -7.2
0 0 0 0 0 0 0 6 5 0 0 0 17 13 0 0 0 0 0 0 0 0 0 0 0 0 959 0 1000 0 0 -8.1
0 0 0 0 0 0 0 6 0 0 0 0 4 7 0 0 0 0 0 0 0 0 0 0 0 0 983 0 1000 0 0 -9
0 0 0 0 0 0 0 0 0 0 0 0 8 5 0 0 0 0 0 0 0 0 0 0 0 0 987 0 1000 0 0 -9.9
0 0 0 0 0 0 0 0 0 0 0 0 3 3 0 0 0 0 0 0 0 0 0 0 0 0 994 0 1000 0 0 -10.8
0 0 0 0 0 0 0 1 0 0 0 0 2 4 0 0 0 0 0 0 0 0 0 0 0 0 993 0 1000 0 0 -11.7
0 0 0 0 0 0 0 1 0 0 0 0 1 0 0 0 0 0 0 0 0 0 0 0 0 0 998 0 1000 0 0 -12.6
0 0 0 0 0 0 0 0 0 0 0 0 1 0 0 0 0 0 0 0 0 0 0 0 0 0 999 0 1000 0 0 -13.5
0 0 0 0 0 0 0 0 0 0 0 0 0 0 0 0 0 0 0 0 0 0 0 0 0 0 1000 0 1000 0 0 -14.4
0 0 0 0 0 0 0 0 0 0 0 0 2 0 0 0 0 0 0 0 0 0 0 0 0 0 998 0 1000 0 0 -15.3
0 0 0 0 0 0 0 0 0 0 0 0 0 0 0 0 0 0 0 0 0 0 0 0 0 0 1000 0 1000 0 0 -16.2
0 0 0 0 0 0 0 0 0 0 0 0 0 0 0 0 0 0 0 0 0 0 0 0 0 0 1000 0 1000 0 0 -17.1
0 0 0 0 0 0 0 0 0 0 0 0 0 0 0 0 0 0 0 0 0 0 0 0 0 0 1000 0 1000 0 0 -18
0 0 0 0 0 0 0 0 0 0 0 0 0 0 0 0 0 0 0 0 0 0 0 0 0 0 1000 0 1000 0 0 -18.9
0 0 0 0 0 0 0 0 0 0 0 0 0 0 0 0 0 0 0 0 0 0 0 0 0 0 1000 0 1000 0 0 -19.8
0 0 0 0 0 0 0 0 0 0 0 0 0 0 0 0 0 0 0 0 0 0 0 0 0 0 1000 0 1000 0 0 -20.7
0 0 0 0 0 0 0 0 0 0 0 0 0 0 0 0 0 0 0 0 0 0 0 0 0 0 1000 0 1000 0 0 -21.6
0 0 0 0 0 0 0 0 0 0 0 0 0 0 0 0 0 0 0 0 0 0 0 0 0 0 1000 0 1000 0 0 -22.5
0 0 0 0 0 0 0 0 0 0 0 0 0 0 0 0 0 0 0 0 0 0 0 0 0 0 1000 0 1000 0 0 -23.4
0 0 0 0 0 0 0 0 0 0 0 0 0 0 0 0 0 0 0 0 0 0 0 0 0 0 1000 0 1000 0 0 -24.3
0 0 0 0 0 0 0 0 0 0 0 0 0 0 0 0 0 0 0 0 0 0 0 0 0 0 1000 0 1000 0 0 -25.2
0 0 0 0 0 0 0 0 0 0 0 0 0 0 0 0 0 0 0 0 0 0 0 0 0 0 1000 0 1000 0 0 -26.1
0 0 0 0 0 0 0 0 0 0 0 0 0 0 0 0 0 0 0 0 0 0 0 0 0 0 1000 0 1000 0 0 -27
0 0 0 0 0 0 0 0 0 0 0 0 0 0 0 0 0 0 0 0 0 0 0 0 0 0 1000 0 1000 0 0 -27.9
0 0 0 0 0 0 0 0 0 0 0 0 0 0 0 0 0 0 0 0 0 0 0 0 0 0 1000 0 1000 0 0 -28.8
0 0 0 0 0 0 0 0 0 0 0 0 0 0 0 0 0 0 0 0 0 0 0 0 0 0 1000 0 1000 0 0 -29.7
0 0 0 0 0 0 0 0 0 0 0 0 0 0 0 0 0 0 0 0 0 0 0 0 0 0 1000 0 1000 0 0 -30.6
0 0 0 0 0 0 0 0 0 0 0 0 0 0 0 0 0 0 0 0 0 0 0 0 0 0 1000 0 1000 0 0 -31.5
0 0 0 0 0 0 0 0 0 0 0 0 0 0 0 0 0 0 0 0 0 0 0 0 0 0 1000 0 1000 0 0 -32.4
0 0 0 0 0 0 0 0 0 0 0 0 0 0 0 0 0 0 0 0 0 0 0 0 0 0 1000 0 1000 0 0 -33.3
0 0 0 0 0 0 0 0 0 0 0 0 0 0 0 0 0 0 0 0 0 0 0 0 0 0 1000 0 1000 0 0 -34.2
