50
0 0 0 0 0 0 0 2 1 0 0 0 52 58 0 0 0 0 0 0 0 0 0 0 0 0 887 0 1000 0 0 9.9
0 0 0 0 0 0 0 18 20 0 0 0 484 403 0 0 0 0 0 0 0 0 0 0 0 0 75 0 1000 0 0 9
0 0 0 0 0 0 0 18 15 0 0 0 483 480 0 0 0 0 0 0 0 0 0 0 0 0 4 0 1000 0 0 8.1
0 0 0 0 0 0 0 30 24 0 0 0 466 476 0 0 0 0 0 0 0 0 0 0 0 0 4 0 1000 0 0 7.2
0 0 0 0 0 0 0 35 38 0 0 0 446 473 0 0 0 0 0 0 0 0 0 0 0 0 8 0 1000 0 0 6.3
0 0 0 0 0 0 0 47 48 0 0 0 432 460 0 0 0 0 0 0 0 0 0 0 0 0 13 0 1000 0 0 5.4
0 0 0 0 0 0 0 75 83 0 0 0 409 419 0 0 0 0 0 0 0 0 0 0 0 0 14 0 1000 0 0 4.5
0 0 0 0 0 0 0 91 80 0 0 0 427 387 0 0 0 0 0 0 0 0 0 0 0 0 15 0 1000 0 0 3.6
0 0 0 0 0 0 0 91 85 0 0 0 420 385 0 0 0 0 0 0 0 0 0 0 0 0 19 0 1000 0 0 2.7
0 0 0 0 0 0 0 91 89 0 0 0 385 415 0 0 0 0 0 0 0 0 0 0 0 0 20 0 1000 0 0 1.8
0 0 0 0 0 0 0 87 101 0 0 0 393 382 0 0 0 0 0 0 0 0 0 0 0 0 37 0 1000 0 0 0.9
0 0 0 0 0 0 0 77 81 0 0 0 361 347 0 0 0 1 0 0 0 0 0 0 0 0 133 0 1000 0 0 0
0 0 0 0 0 0 0 75 100 0 0 0 251 264 0 0 0 1 0 0 0 0 0 0 0 0 309 0 1000 0 0 -0.9
0 0 0 0 0 0 0 65 80 0 0 0 199 201 0 0 0 1 1 0 0 0 0 0 0 0 453 0 1000 0 0 -1.8
0 0 0 0 0 0 0 54 50 0 0 0 134 174 0 0 0 0 1 0 0 0 0 0 0 0 587 0 1000 0 0 -2.7
0 0 0 0 0 0 0 35 42 0 0 0 114 111 0 0 0 1 0 0 0 0 0 0 0 0 697 0 1000 0 0 -3.6
0 0 0 0 0 0 0 31 37 0 0 0 77 65 0 0 0 0 0 0 0 0 0 0 0 0 790 0 1000 0 0 -4.5
0 0 0 0 0 0 0 15 21 0 0 0 54 61 0 0 0 0 0 0 0 0 0 0 0 0 849 0 1000 0 0 -5.4
0 0 0 0 0 0 0 19 11 0 0 0 32 40 0 0 0 0 1 0 0 0 0 0 0 0 897 0 1000 0 0 -6.3
0 0 0 0 0 0 0 9 5 0 0 0 16 19 0 0 0 0 0 0 0 0 0 0 0 0 951 0 1000 0 0 -7.2
0 0 0 0 0 0 0 4 5 0 0 0 18 14 0 0 0 0 0 0 0 0 0 0 0 0 959 0 1000 0 0 -8.1
0 0 0 0 0 0 0 5 2 0 0 0 7 9 0 0 0 0 0 0 0 0 0 0 0 0 977 0 1000 0 0 -9
0 0 0 0 0 0 0 1 2 0 0 0 4 5 0 0 0 0 0 0 0 0 0 0 0 0 988 0 1000 0 0 -9.9
0 0 0 0 0 0 0 3 0 0 0 0 1 4 0 0 0 0 0 0 0 0 0 0 0 0 992 0 1000 0 0 -10.8
0 0 0 0 0 0 0 4 0 0 0 0 4 3 0 0 0 0 0 0 0 0 0 0 0 0 989 0 1000 0 0 -11.7
0 0 0 0 0 0 0 0 1 0 0 0 0 0 0 0 0 0 0 0 0 0 0 0 0 0 999 0 1000 0 0 -12.6
0 0 0 0 0 0 0 0 0 0 0 0 1 1 0 0 0 0 0 0 0 0 0 0 0 0 998 0 1000 0 0 -13.5
0 0 0 0 0 0 0 0 0 0 0 0 1 0 0 0 0 0 0 0 0 0 0 0 0 0 999 0 1000 0 0 -14.4
0 0 0 0 0 0 0 0 0 0 0 0 0 1 0 0 0 0 0 0 0 0 0 0 0 0 999 0 1000 0 0 -15.3
0 0 0 0 0 0 0 0 0 0 0 0 0 0 0 0 0 0 0 0 0 0 0 0 0 0 1000 0 1000 0 0 -16.2
0 0 0 0 0 0 0 0 0 0 0 0 0 0 0 0 0 0 0 0 0 0 0 0 0 0 1000 0 1000 0 0 -17.1
0 0 0 0 0 0 0 0 0 0 0 0 0 0 0 0 0 0 0 0 0 0 0 0 0 0 1000 0 1000 0 0 -18
0 0 0 0 0 0 0 0 0 0 0 0 0 0 0 0 0 0 0 0 0 0 0 0 0 0 1000 0 1000 0 0 -18.9
0 0 0 0 0 0 0 0 0 0 0 0 0 0 0 0 0 0 0 0 0 0 0 0 0 0 1000 0 1000 0 0 -19.8
0 0 0 0 0 0 0 0 0 0 0 0 0 0 0 0 0 0 0 0 0 0 0 0 0 0 1000 0 1000 0 0 -20.7
0 0 0 0 0 0 0 0 0 0 0 0 0 0 0 0 0 0 0 0 0 0 0 0 0 0 1000 0 1000 0 0 -21.6
0 0 0 0 0 0 0 0 0 0 0 0 0 0 0 0 0 0 0 0 0 0 0 0 0 0 1000 0 1000 0 0 -22.5
0 0 0 0 0 0 0 0 0 0 0 0 0 0 0 0 0 0 0 0 0 0 0 0 0 0 1000 0 1000 0 0 -23.4
0 0 0 0 0 0 0 0 0 0 0 0 0 0 0 0 0 0 0 0 0 0 0 0 0 0 1000 0 1000 0 0 -24.3
0 0 0 0 0 0 0 0 0 0 0 0 0 0 0 0 0 0 0 0 0 0 0 0 0 0 1000 0 1000 0 0 -25.2
0 0 0 0 0 0 0 0 0 0 0 0 0 0 0 0 0 0 0 0 0 0 0 0 0 0 1000 0 1000 0 0 -26.1
0 0 0 0 0 0 0 0 0 0 0 0 0 0 0 0 0 0 0 0 0 0 0 0 0 0 1000 0 1000 0 0 -27
0 0 0 0 0 0 0 0 0 0 0 0 0 0 0 0 0 0 0 0 0 0 0 0 0 0 1000 0 1000 0 0 -27.9
0 0 0 0 0 0 0 0 0 0 0 0 0 0 0 0 0 0 0 0 0 0 0 0 0 0 1000 0 1000 0 0 -28.8
0 0 0 0 0 0 0 0 0 0 0 0 0 0 0 0 0 0 0 0 0 0 0 0 0 0 1000 0 1000 0 0 -29.7
0 0 0 0 0 0 0 0 0 0 0 0 0 0 0 0 0 0 0 0 0 0 0 0 0 0 1000 0 1000 0 0 -30.6
0 0 0 0 0 0 0 0 0 0 0 0 0 0 0 0 0 0 0 0 0 0 0 0 0 0 1000 0 1000 0 0 -31.5
0 0 0 0 0 0 0 0 0 0 0 0 0 0 0 0 0 0 0 0 0 0 0 0 0 0 1000 0 1000 0 0 -32.4
0 0 0 0 0 0 0 0 0 0 0 0 0 0 0 0 0 0 0 0 0 0 0 0 0 0 1000 0 1000 0 0 -33.3
0 0 0 0 0 0 0 0 0 0 0 0 0 0 0 0 0 0 0 0 0 0 0 0 0 0 1000 0 1000 0 0 -34.2
