50
0 0 0 0 0 0 0 69 5 0 0 0 66 3 0 0 0 0 0 0 0 0 0 0 0 0 857 0 1000 0 0 9.9
0 0 0 0 0 0 0 404 60 0 0 0 390 58 0 0 0 0 0 0 0 0 0 0 0 0 88 0 1000 0 0 9
0 0 0 0 0 0 0 434 69 0 0 0 430 64 0 0 0 0 0 0 0 0 0 0 0 0 3 0 1000 0 0 8.1
0 0 0 0 0 0 0 450 62 0 0 0 390 88 0 0 0 0 0 0 0 0 0 0 0 0 10 0 1000 0 0 7.2
0 0 0 0 0 0 0 413 100 0 0 0 380 96 0 0 0 0 0 0 0 0 0 0 0 0 11 0 1000 0 0 6.3
0 0 0 0 0 0 0 397 123 0 0 0 369 96 0 0 0 0 0 0 0 0 0 0 0 0 15 0 1000 0 0 5.4
0 0 0 0 0 0 0 378 123 0 0 0 344 133 0 0 0 0 0 0 0 0 0 0 0 0 22 0 1000 0 0 4.5
0 0 0 0 0 0 0 358 133 0 0 0 349 140 0 0 0 0 0 0 0 0 0 0 0 0 20 0 1000 0 0 3.6
0 0 0 0 0 0 0 354 150 0 0 0 330 138 0 0 0 0 0 0 0 0 0 0 0 0 28 0 1000 0 0 2.7
0 0 0 0 0 0 0 333 156 0 0 0 345 130 0 0 0 0 0 0 0 0 0 0 0 0 36 0 1000 0 0 1.8
0 0 0 0 0 0 0 354 136 0 0 0 321 162 0 0 0 0 0 0 0 0 0 0 0 0 27 0 1000 0 0 0.9
0 0 0 0 0 0 0 286 135 0 0 0 294 124 0 0 0 0 0 0 0 0 0 0 0 0 161 0 1000 0 0 0
0 0 0 0 0 0 0 233 116 0 0 0 237 100 0 0 0 0 0 0 0 0 0 0 0 0 314 0 1000 0 0 -0.9
0 0 0 0 0 0 0 162 91 0 0 0 196 85 0 0 0 0 0 0 0 0 0 0 0 0 466 0 1000 0 0 -1.8
0 0 0 0 0 0 0 120 75 0 0 0 140 75 0 0 0 0 0 0 0 0 0 0 0 0 590 0 1000 0 0 -2.7
0 0 1 0 0 0 0 104 53 0 0 0 89 62 0 0 0 0 0 0 0 0 0 0 0 0 691 0 1000 0 0 -3.6
0 0 0 0 0 0 0 72 46 0 0 0 74 34 0 0 0 0 0 0 0 0 0 0 0 0 774 0 1000 0 0 -4.5
0 0 0 0 0 0 0 65 28 0 0 0 53 25 1 0 0 0 0 0 0 0 0 0 0 0 828 0 1000 0 0 -5.4
0 0 0 0 0 0 0 30 15 0 0 0 28 19 0 0 0 0 0 0 0 0 0 0 0 0 908 0 1000 0 0 -6.3
0 0 0 0 0 0 0 20 6 0 0 0 27 12 0 0 0 0 0 0 0 0 0 0 0 0 935 0 1000 0 0 -7.2
0 0 0 0 0 0 0 21 12 0 0 0 14 7 0 0 0 0 0 0 0 0 0 0 0 0 946 0 1000 0 0 -8.1
0 0 0 0 0 0 0 6 5 0 0 1 10 8 0 0 0 0 0 0 0 0 0 0 0 0 970 0 1000 0 0 -9
0 0 0 0 0 0 0 2 4 0 0 0 0 2 0 0 0 0 0 0 0 0 0 0 0 0 992 0 1000 0 0 -9.9
0 0 0 0 0 0 0 3 3 0 0 0 3 1 0 0 0 0 0 0 0 0 0 0 0 0 990 0 1000 0 0 -10.8
0 0 0 0 0 0 0 1 0 0 0 0 1 0 0 0 0 0 0 0 0 0 0 0 0 0 998 0 1000 0 0 -11.7
0 0 0 0 0 0 0 0 1 0 0 0 0 0 0 0 0 0 0 0 0 0 0 0 0 0 999 0 1000 0 0 -12.6
0 0 0 0 0 0 0 0 0 0 0 0 0 0 0 0 0 0 0 0 0 0 0 0 0 0 1000 0 1000 0 0 -13.5
0 0 0 0 0 0 0 0 0 0 0 0 0 0 0 0 0 0 0 0 0 0 0 0 0 0 1000 0 1000 0 0 -14.4
0 0 0 0 0 0 0 0 0 0 0 0 0 0 0 0 0 0 0 0 0 0 0 0 0 0 1000 0 1000 0 0 -15.3
0 0 0 0 0 0 0 0 0 0 0 0 0 0 0 0 0 0 0 0 0 0 0 0 0 0 1000 0 1000 0 0 -16.2
0 0 0 0 0 0 0 0 0 0 0 0 0 0 0 0 0 0 0 0 0 0 0 0 0 0 1000 0 1000 0 0 -17.1
0 0 0 0 0 0 0 0 0 0 0 0 0 0 0 0 0 0 0 0 0 0 0 0 0 0 1000 0 1000 0 0 -18
0 0 0 0 0 0 0 0 0 0 0 0 0 0 0 0 0 0 0 0 0 0 0 0 0 0 1000 0 1000 0 0 -18.9
0 0 0 0 0 0 0 0 0 0 0 0 0 0 0 0 0 0 0 0 0 0 0 0 0 0 1000 0 1000 0 0 -19.8
0 0 0 0 0 0 0 0 0 0 0 0 0 0 0 0 0 0 0 0 0 0 0 0 0 0 1000 0 1000 0 0 -20.7
0 0 0 0 0 0 0 0 0 0 0 0 0 0 0 0 0 0 0 0 0 0 0 0 0 0 1000 0 1000 0 0 -21.6
0 0 0 0 0 0 0 0 0 0 0 0 0 0 0 0 0 0 0 0 0 0 0 0 0 0 1000 0 1000 0 0 -22.5
0 0 0 0 0 0 0 0 0 0 0 0 0 0 0 0 0 0 0 0 0 0 0 0 0 0 1000 0 1000 0 0 -23.4
0 0 0 0 0 0 0 0 0 0 0 0 0 0 0 0 0 0 0 0 0 0 0 0 0 0 1000 0 1000 0 0 -24.3
0 0 0 0 0 0 0 0 0 0 0 0 0 0 0 0 0 0 0 0 0 0 0 0 0 0 1000 0 1000 0 0 -25.2
0 0 0 0 0 0 0 0 0 0 0 0 0 0 0 0 0 0 0 0 0 0 0 0 0 0 1000 0 1000 0 0 -26.1
0 0 0 0 0 0 0 0 0 0 0 0 0 0 0 0 0 0 0 0 0 0 0 0 0 0 1000 0 1000 0 0 -27
0 0 0 0 0 0 0 0 0 0 0 0 0 0 0 0 0 0 0 0 0 0 0 0 0 0 1000 0 1000 0 0 -27.9
0 0 0 0 0 0 0 0 0 0 0 0 0 0 0 0 0 0 0 0 0 0 0 0 0 0 1000 0 1000 0 0 -28.8
0 0 0 0 0 0 0 0 0 0 0 0 0 0 0 0 0 0 0 0 0 0 0 0 0 0 1000 0 1000 0 0 -29.7
0 0 0 0 0 0 0 0 0 0 0 0 0 0 0 0 0 0 0 0 0 0 0 0 0 0 1000 0 1000 0 0 -30.6
0 0 0 0 0 0 0 0 0 0 0 0 0 0 0 0 0 0 0 0 0 0 0 0 0 0 1000 0 1000 0 0 -31.5
0 0 0 0 0 0 0 0 0 0 0 0 0 0 0 0 0 0 0 0 0 0 0 0 0 0 1000 0 1000 0 0 -32.4
0 0 0 0 0 0 0 0 0 0 0 0 0 0 0 0 0 0 0 0 0 0 0 0 0 0 1000 0 1000 0 0 -33.3
0 0 0 0 0 0 0 0 0 0 0 0 0 0 0 0 0 0 0 0 0 0 0 0 0 0 1000 0 1000 0 0 -34.2
