50
0 0 0 0 0 0 0 0 0 0 0 0 61 59 0 0 0 0 0 0 0 0 0 0 0 0 880 0 1000 0 0 9.9
0 0 0 0 0 0 0 1 0 0 0 0 467 461 0 0 0 0 0 0 0 0 0 0 0 0 71 0 1000 0 0 9
0 0 0 0 0 0 0 2 0 0 0 0 477 521 0 0 0 0 0 0 0 0 0 0 0 0 0 0 1000 0 0 8.1
0 0 0 0 0 0 0 1 1 0 0 0 476 521 0 0 0 0 0 0 0 0 0 0 0 0 1 0 1000 0 0 7.2
0 0 0 0 0 0 0 2 2 0 0 0 495 501 0 0 0 0 0 0 0 0 0 0 0 0 0 0 1000 0 0 6.3
0 0 0 0 0 0 0 3 2 0 0 0 519 470 0 0 0 2 0 0 0 0 0 0 0 0 4 0 1000 0 0 5.4
0 0 0 0 0 0 0 8 11 0 0 0 502 471 0 0 0 0 0 0 0 0 0 0 0 0 8 0 1000 0 0 4.5
0 0 0 0 0 0 0 16 10 0 0 0 472 494 0 0 0 1 2 0 0 0 0 0 0 0 5 0 1000 0 0 3.6
0 0 0 0 0 0 0 13 12 0 0 0 488 478 0 0 0 3 1 0 0 0 0 0 0 0 5 0 1000 0 0 2.7
0 0 0 0 0 0 0 14 19 0 0 0 473 479 0 0 0 0 1 0 0 0 0 0 0 0 14 0 1000 0 0 1.8
0 0 0 0 0 0 0 15 13 0 0 0 479 473 0 0 0 1 1 0 0 0 0 0 0 0 18 0 1000 0 0 0.9
0 0 0 0 0 0 0 17 22 0 0 0 438 384 0 0 0 1 0 0 0 0 0 0 0 0 138 0 1000 0 0 0
0 0 0 0 0 0 0 13 17 0 0 0 320 358 0 0 0 1 3 0 0 0 0 0 0 0 288 0 1000 0 0 -0.9
0 0 0 0 0 0 0 16 15 0 0 0 234 260 0 0 0 4 2 0 0 0 0 0 0 0 469 0 1000 0 0 -1.8
0 0 0 0 0 0 0 15 10 0 0 0 180 192 0 0 0 4 0 0 0 0 0 0 0 0 599 0 1000 0 0 -2.7
0 0 0 0 0 0 0 12 14 0 0 0 167 144 0 0 0 0 2 0 0 0 0 0 0 0 661 0 1000 0 0 -3.6
0 0 0 0 0 0 0 6 9 0 0 0 99 109 0 0 0 0 4 0 0 0 0 0 0 0 773 0 1000 0 0 -4.5
0 0 0 0 0 0 0 9 7 0 0 0 68 81 0 0 0 1 3 0 0 0 0 0 0 0 831 0 1000 0 0 -5.4
0 0 0 0 0 0 0 4 4 0 0 0 41 57 0 0 0 0 0 0 0 0 0 0 0 0 894 0 1000 0 0 -6.3
0 0 0 0 0 0 0 2 4 0 0 0 38 31 0 0 0 0 0 0 0 0 0 0 0 0 925 0 1000 0 0 -7.2
0 0 0 0 0 0 0 1 2 0 0 0 20 21 0 0 0 1 0 0 0 0 0 0 0 0 955 0 1000 0 0 -8.1
0 0 0 0 0 0 0 6 1 0 0 0 10 13 0 0 0 1 0 0 0 0 0 0 0 0 969 0 1000 0 0 -9
0 0 0 0 0 0 0 2 2 0 0 0 11 6 0 0 0 0 0 0 0 0 0 0 0 0 979 0 1000 0 0 -9.9
0 0 0 0 0 0 0 0 0 0 0 0 2 5 0 0 0 0 0 0 0 0 0 0 0 0 993 0 1000 0 0 -10.8
0 0 0 0 0 0 0 1 1 0 0 0 2 1 0 0 0 0 0 0 0 0 0 0 0 0 995 0 1000 0 0 -11.7
0 0 0 0 0 0 0 0 0 0 0 0 1 0 0 0 0 0 0 0 0 0 0 0 0 0 999 0 1000 0 0 -12.6
0 0 0 0 0 0 0 0 0 0 0 0 0 0 0 0 0 0 0 0 0 0 0 0 0 0 1000 0 1000 0 0 -13.5
0 0 0 0 0 0 0 0 0 0 0 0 1 0 0 0 0 0 0 0 0 0 0 0 0 0 999 0 1000 0 0 -14.4
0 0 0 0 0 0 0 0 0 0 0 0 0 0 0 0 0 0 0 0 0 0 0 0 0 0 1000 0 1000 0 0 -15.3
0 0 0 0 0 0 0 0 0 0 0 0 0 0 0 0 0 0 0 0 0 0 0 0 0 0 1000 0 1000 0 0 -16.2
0 0 0 0 0 0 0 0 0 0 0 0 0 0 0 0 0 0 0 0 0 0 0 0 0 0 1000 0 1000 0 0 -17.1
0 0 0 0 0 0 0 0 0 0 0 0 0 0 0 0 0 0 0 0 0 0 0 0 0 0 1000 0 1000 0 0 -18
0 0 0 0 0 0 0 0 0 0 0 0 0 0 0 0 0 0 0 0 0 0 0 0 0 0 1000 0 1000 0 0 -18.9
0 0 0 0 0 0 0 0 0 0 0 0 0 0 0 0 0 0 0 0 0 0 0 0 0 0 1000 0 1000 0 0 -19.8
0 0 0 0 0 0 0 0 0 0 0 0 0 0 0 0 0 0 0 0 0 0 0 0 0 0 1000 0 1000 0 0 -20.7
0 0 0 0 0 0 0 0 0 0 0 0 0 0 0 0 0 0 0 0 0 0 0 0 0 0 1000 0 1000 0 0 -21.6
0 0 0 0 0 0 0 0 0 0 0 0 0 0 0 0 0 0 0 0 0 0 0 0 0 0 1000 0 1000 0 0 -22.5
0 0 0 0 0 0 0 0 0 0 0 0 0 0 0 0 0 0 0 0 0 0 0 0 0 0 1000 0 1000 0 0 -23.4
0 0 0 0 0 0 0 0 0 0 0 0 0 0 0 0 0 0 0 0 0 0 0 0 0 0 1000 0 1000 0 0 -24.3
0 0 0 0 0 0 0 0 0 0 0 0 0 0 0 0 0 0 0 0 0 0 0 0 0 0 1000 0 1000 0 0 -25.2
0 0 0 0 0 0 0 0 0 0 0 0 0 0 0 0 0 0 0 0 0 0 0 0 0 0 1000 0 1000 0 0 -26.1
0 0 0 0 0 0 0 0 0 0 0 0 0 0 0 0 0 0 0 0 0 0 0 0 0 0 1000 0 1000 0 0 -27
0 0 0 0 0 0 0 0 0 0 0 0 0 0 0 0 0 0 0 0 0 0 0 0 0 0 1000 0 1000 0 0 -27.9
0 0 0 0 0 0 0 0 0 0 0 0 0 0 0 0 0 0 0 0 0 0 0 0 0 0 1000 0 1000 0 0 -28.8
0 0 0 0 0 0 0 0 0 0 0 0 0 0 0 0 0 0 0 0 0 0 0 0 0 0 1000 0 1000 0 0 -29.7
0 0 0 0 0 0 0 0 0 0 0 0 0 0 0 0 0 0 0 0 0 0 0 0 0 0 1000 0 1000 0 0 -30.6
0 0 0 0 0 0 0 0 0 0 0 0 0 0 0 0 0 0 0 0 0 0 0 0 0 0 1000 0 1000 0 0 -31.5
0 0 0 0 0 0 0 0 0 0 0 0 0 0 0 0 0 0 0 0 0 0 0 0 0 0 1000 0 1000 0 0 -32.4
0 0 0 0 0 0 0 0 0 0 0 0 0 0 0 0 0 0 0 0 0 0 0 0 0 0 1000 0 1000 0 0 -33.3
0 0 0 0 0 0 0 0 0 0 0 0 0 0 0 0 0 0 0 0 0 0 0 0 0 0 1000 0 1000 0 0 -34.2
