50
0 0 0 0 0 0 0 0 0 0 0 0 1000 0 0 0 0 0 0 0 0 0 0 0 0 0 0 0 1000 0 0 9.9
0 0 0 0 0 0 0 0 0 0 0 0 1000 0 0 0 0 0 0 0 0 0 0 0 0 0 0 0 1000 0 0 9
0 0 0 0 0 0 0 0 0 0 0 0 1000 0 0 0 0 0 0 0 0 0 0 0 0 0 0 0 1000 0 0 8.1
0 0 0 0 0 0 0 0 0 0 0 0 1000 0 0 0 0 0 0 0 0 0 0 0 0 0 0 0 1000 0 0 7.2
0 0 0 0 0 0 0 0 0 0 0 0 1000 0 0 0 0 0 0 0 0 0 0 0 0 0 0 0 1000 0 0 6.3
0 0 0 0 0 0 0 0 0 0 0 0 1000 0 0 0 0 0 0 0 0 0 0 0 0 0 0 0 1000 0 0 5.4
0 0 0 0 0 0 0 0 0 0 0 0 1000 0 0 0 0 0 0 0 0 0 0 0 0 0 0 0 1000 0 0 4.5
0 0 0 0 0 0 0 8 0 0 0 0 992 0 0 0 0 0 0 0 0 0 0 0 0 0 0 0 1000 0 0 3.6
0 0 0 0 0 0 1 18 1 0 0 0 977 1 0 0 0 0 0 0 0 0 0 0 0 0 2 0 1000 0 0 2.7
0 0 0 0 0 0 1 11 1 0 0 4 982 0 0 0 0 0 0 0 0 0 0 0 0 0 1 0 1000 0 0 1.8
0 0 0 0 0 0 0 29 0 0 0 2 953 0 0 0 0 0 0 0 0 0 0 0 0 0 16 0 1000 0 0 0.9
0 0 0 0 0 0 3 35 1 0 0 4 840 4 0 0 0 0 0 0 0 0 0 0 0 0 113 0 1000 0 0 0
0 0 0 0 0 0 0 63 0 0 0 8 651 9 0 0 0 0 0 0 0 0 0 0 0 0 269 0 1000 0 0 -0.9
0 0 0 0 0 0 1 48 2 0 0 9 481 7 0 0 0 3 0 0 0 0 0 0 0 0 449 0 1000 0 0 -1.8
0 0 0 0 0 0 2 34 1 0 0 10 380 9 0 0 0 0 0 0 0 0 0 0 0 0 564 0 1000 0 0 -2.7
0 0 0 0 0 0 1 40 0 0 0 6 262 5 0 0 0 1 0 0 0 0 0 0 0 0 685 0 1000 0 0 -3.6
0 0 0 0 0 0 2 35 1 0 0 8 189 4 0 0 0 0 0 0 0 0 0 0 0 0 761 0 1000 0 0 -4.5
0 0 0 0 0 0 1 27 0 0 0 4 133 4 0 0 0 1 0 0 0 0 0 0 0 0 830 0 1000 0 0 -5.4
0 0 0 0 0 0 0 17 1 0 0 2 89 4 0 0 0 0 0 0 0 0 0 0 0 0 887 0 1000 0 0 -6.3
0 0 0 0 0 0 0 8 0 0 0 3 51 2 0 0 0 0 0 0 0 0 0 0 0 0 936 0 1000 0 0 -7.2
0 0 0 0 0 0 0 2 2 0 0 0 32 2 0 0 0 0 0 0 0 0 0 0 0 0 962 0 1000 0 0 -8.1
0 0 0 0 0 0 0 7 2 0 0 0 24 0 0 0 0 0 0 0 0 0 0 0 0 0 967 0 1000 0 0 -9
0 0 0 0 0 0 0 1 1 0 0 0 12 0 0 0 0 0 0 0 0 0 0 0 0 0 986 0 1000 0 0 -9.9
0 0 0 0 0 0 0 1 0 0 0 0 7 1 0 0 0 0 0 0 0 0 0 0 0 0 991 0 1000 0 0 -10.8
0 0 0 0 0 0 0 2 0 0 0 0 3 0 0 0 0 0 0 0 0 0 0 0 0 0 995 0 1000 0 0 -11.7
0 0 0 0 0 0 0 1 0 0 0 1 0 0 0 0 0 0 0 0 0 0 0 0 0 0 998 0 1000 0 0 -12.6
0 0 0 0 0 0 0 0 0 0 0 0 1 0 0 0 0 0 0 0 0 0 0 0 0 0 999 0 1000 0 0 -13.5
0 0 0 0 0 0 0 1 0 0 0 0 2 0 0 0 0 0 0 0 0 0 0 0 0 0 997 0 1000 0 0 -14.4
0 0 0 0 0 0 0 0 0 0 0 0 0 0 0 0 0 0 0 0 0 0 0 0 0 0 1000 0 1000 0 0 -15.3
0 0 0 0 0 0 0 0 0 0 0 0 0 0 0 0 0 0 0 0 0 0 0 0 0 0 1000 0 1000 0 0 -16.2
0 0 0 0 0 0 0 0 0 0 0 0 0 0 0 0 0 0 0 0 0 0 0 0 0 0 1000 0 1000 0 0 -17.1
0 0 0 0 0 0 0 0 0 0 0 0 0 0 0 0 0 0 0 0 0 0 0 0 0 0 1000 0 1000 0 0 -18
0 0 0 0 0 0 0 0 0 0 0 0 0 0 0 0 0 0 0 0 0 0 0 0 0 0 1000 0 1000 0 0 -18.9
0 0 0 0 0 0 0 0 0 0 0 0 0 0 0 0 0 0 0 0 0 0 0 0 0 0 1000 0 1000 0 0 -19.8
0 0 0 0 0 0 0 0 0 0 0 0 0 0 0 0 0 0 0 0 0 0 0 0 0 0 1000 0 1000 0 0 -20.7
0 0 0 0 0 0 0 0 0 0 0 0 0 0 0 0 0 0 0 0 0 0 0 0 0 0 1000 0 1000 0 0 -21.6
0 0 0 0 0 0 0 0 0 0 0 0 0 0 0 0 0 0 0 0 0 0 0 0 0 0 1000 0 1000 0 0 -22.5
0 0 0 0 0 0 0 0 0 0 0 0 0 0 0 0 0 0 0 0 0 0 0 0 0 0 1000 0 1000 0 0 -23.4
0 0 0 0 0 0 0 0 0 0 0 0 0 0 0 0 0 0 0 0 0 0 0 0 0 0 1000 0 1000 0 0 -24.3
0 0 0 0 0 0 0 0 0 0 0 0 0 0 0 0 0 0 0 0 0 0 0 0 0 0 1000 0 1000 0 0 -25.2
0 0 0 0 0 0 0 0 0 0 0 0 0 0 0 0 0 0 0 0 0 0 0 0 0 0 1000 0 1000 0 0 -26.1
0 0 0 0 0 0 0 0 0 0 0 0 0 0 0 0 0 0 0 0 0 0 0 0 0 0 1000 0 1000 0 0 -27
0 0 0 0 0 0 0 0 0 0 0 0 0 0 0 0 0 0 0 0 0 0 0 0 0 0 1000 0 1000 0 0 -27.9
0 0 0 0 0 0 0 0 0 0 0 0 0 0 0 0 0 0 0 0 0 0 0 0 0 0 1000 0 1000 0 0 -28.8
0 0 0 0 0 0 0 0 0 0 0 0 0 0 0 0 0 0 0 0 0 0 0 0 0 0 1000 0 1000 0 0 -29.7
0 0 0 0 0 0 0 0 0 0 0 0 0 0 0 0 0 0 0 0 0 0 0 0 0 0 1000 0 1000 0 0 -30.6
0 0 0 0 0 0 0 0 0 0 0 0 0 0 0 0 0 0 0 0 0 0 0 0 0 0 1000 0 1000 0 0 -31.5
0 0 0 0 0 0 0 0 0 0 0 0 0 0 0 0 0 0 0 0 0 0 0 0 0 0 1000 0 1000 0 0 -32.4
0 0 0 0 0 0 0 0 0 0 0 0 0 0 0 0 0 0 0 0 0 0 0 0 0 0 1000 0 1000 0 0 -33.3
0 0 0 0 0 0 0 0 0 0 0 0 0 0 0 0 0 0 0 0 0 0 0 0 0 0 1000 0 1000 0 0 -34.2
