50
0 0 0 0 0 0 0 4 0 0 0 0 989 0 0 0 0 0 0 0 0 0 0 0 0 0 7 0 1000 0 0 9.9
0 0 0 0 0 0 0 24 0 0 0 0 967 0 0 0 0 0 0 0 0 0 0 0 0 0 9 0 1000 0 0 9
0 0 0 0 0 0 0 1 0 0 0 0 999 0 0 0 0 0 0 0 0 0 0 0 0 0 0 0 1000 0 0 8.1
0 0 0 0 0 0 0 4 0 0 0 0 996 0 0 0 0 0 0 0 0 0 0 0 0 0 0 0 1000 0 0 7.2
0 0 0 0 0 0 0 24 0 0 0 0 976 0 0 0 0 0 0 0 0 0 0 0 0 0 0 0 1000 0 0 6.3
0 0 0 0 0 0 1 62 1 0 0 1 935 0 0 0 0 0 0 0 0 0 0 0 0 0 0 0 1000 0 0 5.4
0 0 0 0 0 0 0 100 0 0 0 1 897 1 0 0 0 0 0 0 0 0 0 0 0 0 1 0 1000 0 0 4.5
0 0 0 0 0 0 0 182 2 0 0 0 807 5 0 0 0 0 0 0 0 0 0 0 0 0 4 0 1000 0 0 3.6
0 0 0 0 0 0 0 198 3 0 0 1 790 1 0 0 0 0 0 0 0 0 0 0 0 0 7 0 1000 0 0 2.7
0 0 0 0 0 0 1 218 9 0 0 0 760 8 0 0 0 0 0 0 0 0 0 0 0 0 4 0 1000 0 0 1.8
0 0 0 0 0 0 2 232 5 0 0 7 740 5 0 0 0 0 0 0 0 0 0 0 0 0 9 0 1000 0 0 0.9
0 0 0 0 0 0 3 226 14 0 0 2 617 11 0 0 0 0 0 0 0 0 0 0 0 0 127 0 1000 0 0 0
0 0 0 0 0 0 2 193 3 0 0 7 513 9 0 0 0 0 0 0 0 0 0 0 0 0 273 0 1000 0 0 -0.9
0 0 0 0 0 0 2 178 5 0 0 8 370 11 0 0 0 1 0 0 0 0 0 0 0 0 425 0 1000 0 0 -1.8
0 0 0 0 0 0 2 139 8 0 0 5 286 6 0 0 0 0 0 0 0 0 0 0 0 0 554 0 1000 0 0 -2.7
0 0 0 0 0 0 2 105 7 0 0 5 207 5 0 0 0 0 0 0 0 0 0 0 0 0 669 0 1000 0 0 -3.6
0 0 0 0 0 0 0 70 3 0 0 7 151 5 0 0 0 0 0 0 0 0 0 0 0 0 764 0 1000 0 0 -4.5
0 0 0 0 0 0 1 52 2 0 0 1 106 4 0 0 0 0 0 0 0 0 0 0 0 0 834 0 1000 0 0 -5.4
0 0 0 0 0 0 0 25 1 0 0 1 68 3 0 0 0 0 0 0 0 0 0 0 0 0 902 0 1000 0 0 -6.3
0 0 0 0 0 0 1 28 2 0 0 1 38 5 0 0 0 0 0 0 0 0 0 0 0 0 925 0 1000 0 0 -7.2
0 0 0 0 0 0 0 14 0 0 0 0 37 3 0 0 0 0 0 0 0 0 0 0 0 0 946 0 1000 0 0 -8.1
0 0 0 0 0 0 1 13 1 0 0 0 21 0 0 0 0 0 0 0 0 0 0 0 0 0 964 0 1000 0 0 -9
0 0 0 0 0 0 0 6 0 0 0 0 5 0 0 0 0 0 0 0 0 0 0 0 0 0 989 0 1000 0 0 -9.9
0 0 0 0 0 0 0 3 0 0 0 0 6 1 0 0 0 0 0 0 0 0 0 0 0 0 990 0 1000 0 0 -10.8
0 0 0 0 0 0 0 0 1 0 0 1 6 0 0 0 0 0 0 0 0 0 0 0 0 0 992 0 1000 0 0 -11.7
0 0 0 0 0 0 0 1 0 0 0 1 1 0 0 0 0 0 0 0 0 0 0 0 0 0 997 0 1000 0 0 -12.6
0 0 0 0 0 0 0 0 0 0 0 0 2 0 0 0 0 0 0 0 0 0 0 0 0 0 998 0 1000 0 0 -13.5
0 0 0 0 0 0 0 0 0 0 0 0 2 0 0 0 0 0 0 0 0 0 0 0 0 0 998 0 1000 0 0 -14.4
0 0 0 0 0 0 0 0 0 0 0 0 0 0 0 0 0 0 0 0 0 0 0 0 0 0 1000 0 1000 0 0 -15.3
0 0 0 0 0 0 0 0 0 0 0 0 0 0 0 0 0 0 0 0 0 0 0 0 0 0 1000 0 1000 0 0 -16.2
0 0 0 0 0 0 0 0 0 0 0 0 0 0 0 0 0 0 0 0 0 0 0 0 0 0 1000 0 1000 0 0 -17.1
0 0 0 0 0 0 0 0 0 0 0 0 0 0 0 0 0 0 0 0 0 0 0 0 0 0 1000 0 1000 0 0 -18
0 0 0 0 0 0 0 0 0 0 0 0 0 0 0 0 0 0 0 0 0 0 0 0 0 0 1000 0 1000 0 0 -18.9
0 0 0 0 0 0 0 0 0 0 0 0 0 0 0 0 0 0 0 0 0 0 0 0 0 0 1000 0 1000 0 0 -19.8
0 0 0 0 0 0 0 0 0 0 0 0 0 0 0 0 0 0 0 0 0 0 0 0 0 0 1000 0 1000 0 0 -20.7
0 0 0 0 0 0 0 0 0 0 0 0 0 0 0 0 0 0 0 0 0 0 0 0 0 0 1000 0 1000 0 0 -21.6
0 0 0 0 0 0 0 0 0 0 0 0 0 0 0 0 0 0 0 0 0 0 0 0 0 0 1000 0 1000 0 0 -22.5
0 0 0 0 0 0 0 0 0 0 0 0 0 0 0 0 0 0 0 0 0 0 0 0 0 0 1000 0 1000 0 0 -23.4
0 0 0 0 0 0 0 0 0 0 0 0 0 0 0 0 0 0 0 0 0 0 0 0 0 0 1000 0 1000 0 0 -24.3
0 0 0 0 0 0 0 0 0 0 0 0 0 0 0 0 0 0 0 0 0 0 0 0 0 0 1000 0 1000 0 0 -25.2
0 0 0 0 0 0 0 0 0 0 0 0 0 0 0 0 0 0 0 0 0 0 0 0 0 0 1000 0 1000 0 0 -26.1
0 0 0 0 0 0 0 0 0 0 0 0 0 0 0 0 0 0 0 0 0 0 0 0 0 0 1000 0 1000 0 0 -27
0 0 0 0 0 0 0 0 0 0 0 0 0 0 0 0 0 0 0 0 0 0 0 0 0 0 1000 0 1000 0 0 -27.9
0 0 0 0 0 0 0 0 0 0 0 0 0 0 0 0 0 0 0 0 0 0 0 0 0 0 1000 0 1000 0 0 -28.8
0 0 0 0 0 0 0 0 0 0 0 0 0 0 0 0 0 0 0 0 0 0 0 0 0 0 1000 0 1000 0 0 -29.7
0 0 0 0 0 0 0 0 0 0 0 0 0 0 0 0 0 0 0 0 0 0 0 0 0 0 1000 0 1000 0 0 -30.6
0 0 0 0 0 0 0 0 0 0 0 0 0 0 0 0 0 0 0 0 0 0 0 0 0 0 1000 0 1000 0 0 -31.5
0 0 0 0 0 0 0 0 0 0 0 0 0 0 0 0 0 0 0 0 0 0 0 0 0 0 1000 0 1000 0 0 -32.4
0 0 0 0 0 0 0 0 0 0 0 0 0 0 0 0 0 0 0 0 0 0 0 0 0 0 1000 0 1000 0 0 -33.3
0 0 0 0 0 0 0 0 0 0 0 0 0 0 0 0 0 0 0 0 0 0 0 0 0 0 1000 0 1000 0 0 -34.2
