50
0 0 0 0 0 0 0 0 2 0 0 0 76 68 0 0 0 0 0 0 0 0 0 0 0 0 854 0 1000 0 0 9.9
0 0 0 0 0 0 0 8 13 0 0 0 444 458 0 0 0 0 0 0 0 0 0 0 0 0 77 0 1000 0 0 9
0 0 0 0 0 0 0 17 17 0 0 0 479 484 0 0 0 0 0 0 0 0 0 0 0 0 3 0 1000 0 0 8.1
0 0 0 0 0 0 0 19 13 0 0 0 488 479 0 0 0 0 0 0 0 0 0 0 0 0 1 0 1000 0 0 7.2
0 0 0 0 0 0 0 23 27 0 0 0 474 474 0 0 0 0 0 0 0 0 0 0 0 0 2 0 1000 0 0 6.3
0 0 0 0 0 0 0 34 37 0 0 0 482 436 0 0 0 0 0 0 0 0 0 0 0 0 11 0 1000 0 0 5.4
0 0 0 0 0 0 0 47 66 0 0 0 432 439 0 0 0 0 0 0 0 0 0 0 0 0 16 0 1000 0 0 4.5
0 0 0 0 0 0 0 67 53 0 0 0 413 448 0 0 0 0 0 0 0 0 0 0 0 0 19 0 1000 0 0 3.6
0 0 0 0 0 0 0 68 66 0 0 0 434 410 0 0 0 0 1 0 0 0 0 0 0 0 21 0 1000 0 0 2.7
0 0 0 0 0 0 0 63 79 0 0 0 409 424 0 0 0 0 0 0 0 0 0 0 0 0 25 0 1000 0 0 1.8
0 0 0 0 0 0 0 55 67 0 0 0 434 412 0 0 0 0 0 0 0 0 0 0 0 0 32 0 1000 0 0 0.9
0 0 0 0 0 0 0 82 73 0 0 0 350 328 0 0 0 0 0 0 0 0 0 0 0 0 167 0 1000 0 0 0
0 0 0 0 0 0 0 55 59 0 0 0 277 294 0 0 0 0 1 0 0 0 0 0 0 0 314 0 1000 0 0 -0.9
0 0 0 0 0 0 0 47 55 0 0 0 217 219 0 0 0 0 0 0 0 0 0 0 0 0 462 0 1000 0 0 -1.8
0 0 0 0 0 0 0 30 40 0 0 0 152 161 0 0 0 0 0 0 0 0 0 0 0 0 617 0 1000 0 0 -2.7
0 0 0 0 0 0 0 31 42 0 0 0 132 112 0 0 0 2 0 0 0 0 0 0 0 0 681 0 1000 0 0 -3.6
0 0 0 0 0 0 0 13 31 0 0 0 90 67 0 0 0 1 0 0 0 0 0 0 0 0 798 0 1000 0 0 -4.5
0 0 0 0 0 0 0 22 13 0 0 0 59 66 0 0 0 0 0 0 0 0 0 0 0 0 840 0 1000 0 0 -5.4
0 0 0 0 0 0 0 15 9 0 0 0 40 39 0 0 0 0 0 0 0 0 0 0 0 0 897 0 1000 0 0 -6.3
0 0 0 0 0 0 0 4 10 0 0 0 22 24 0 0 0 0 0 0 0 0 0 0 0 0 940 0 1000 0 0 -7.2
0 0 0 0 0 0 0 5 5 0 0 0 18 20 0 0 0 0 0 0 0 0 0 0 0 0 952 0 1000 0 0 -8.1
0 0 0 0 0 0 0 3 0 0 0 0 7 10 0 0 0 0 0 0 0 0 0 0 0 0 980 0 1000 0 0 -9
0 0 0 0 0 0 0 1 4 0 0 0 4 8 0 0 0 0 0 0 0 0 0 0 0 0 983 0 1000 0 0 -9.9
0 0 0 0 0 0 0 2 0 0 0 0 1 1 0 0 0 0 0 0 0 0 0 0 0 0 996 0 1000 0 0 -10.8
0 0 0 0 0 0 0 0 0 0 0 0 1 4 0 0 0 0 0 0 0 0 0 0 0 0 995 0 1000 0 0 -11.7
0 0 0 0 0 0 0 1 0 0 0 0 3 2 0 0 0 0 0 0 0 0 0 0 0 0 994 0 1000 0 0 -12.6
0 0 0 0 0 0 0 1 0 0 0 0 0 2 0 0 0 0 0 0 0 0 0 0 0 0 997 0 1000 0 0 -13.5
0 0 0 0 0 0 0 1 0 0 0 0 0 0 0 0 0 0 0 0 0 0 0 0 0 0 999 0 1000 0 0 -14.4
0 0 0 0 0 0 0 0 0 0 0 0 0 0 0 0 0 0 0 0 0 0 0 0 0 0 1000 0 1000 0 0 -15.3
0 0 0 0 0 0 0 0 0 0 0 0 0 0 0 0 0 0 0 0 0 0 0 0 0 0 1000 0 1000 0 0 -16.2
0 0 0 0 0 0 0 0 0 0 0 0 0 0 0 0 0 0 0 0 0 0 0 0 0 0 1000 0 1000 0 0 -17.1
0 0 0 0 0 0 0 0 0 0 0 0 0 0 0 0 0 0 0 0 0 0 0 0 0 0 1000 0 1000 0 0 -18
0 0 0 0 0 0 0 0 0 0 0 0 0 0 0 0 0 0 0 0 0 0 0 0 0 0 1000 0 1000 0 0 -18.9
0 0 0 0 0 0 0 0 0 0 0 0 0 0 0 0 0 0 0 0 0 0 0 0 0 0 1000 0 1000 0 0 -19.8
0 0 0 0 0 0 0 0 0 0 0 0 0 0 0 0 0 0 0 0 0 0 0 0 0 0 1000 0 1000 0 0 -20.7
0 0 0 0 0 0 0 0 0 0 0 0 0 0 0 0 0 0 0 0 0 0 0 0 0 0 1000 0 1000 0 0 -21.6
0 0 0 0 0 0 0 0 0 0 0 0 0 0 0 0 0 0 0 0 0 0 0 0 0 0 1000 0 1000 0 0 -22.5
0 0 0 0 0 0 0 0 0 0 0 0 0 0 0 0 0 0 0 0 0 0 0 0 0 0 1000 0 1000 0 0 -23.4
0 0 0 0 0 0 0 0 0 0 0 0 0 0 0 0 0 0 0 0 0 0 0 0 0 0 1000 0 1000 0 0 -24.3
0 0 0 0 0 0 0 0 0 0 0 0 0 0 0 0 0 0 0 0 0 0 0 0 0 0 1000 0 1000 0 0 -25.2
0 0 0 0 0 0 0 0 0 0 0 0 0 0 0 0 0 0 0 0 0 0 0 0 0 0 1000 0 1000 0 0 -26.1
0 0 0 0 0 0 0 0 0 0 0 0 0 0 0 0 0 0 0 0 0 0 0 0 0 0 1000 0 1000 0 0 -27
0 0 0 0 0 0 0 0 0 0 0 0 0 0 0 0 0 0 0 0 0 0 0 0 0 0 1000 0 1000 0 0 -27.9
0 0 0 0 0 0 0 0 0 0 0 0 0 0 0 0 0 0 0 0 0 0 0 0 0 0 1000 0 1000 0 0 -28.8
0 0 0 0 0 0 0 0 0 0 0 0 0 0 0 0 0 0 0 0 0 0 0 0 0 0 1000 0 1000 0 0 -29.7
0 0 0 0 0 0 0 0 0 0 0 0 0 0 0 0 0 0 0 0 0 0 0 0 0 0 1000 0 1000 0 0 -30.6
0 0 0 0 0 0 0 0 0 0 0 0 0 0 0 0 0 0 0 0 0 0 0 0 0 0 1000 0 1000 0 0 -31.5
0 0 0 0 0 0 0 0 0 0 0 0 0 0 0 0 0 0 0 0 0 0 0 0 0 0 1000 0 1000 0 0 -32.4
0 0 0 0 0 0 0 0 0 0 0 0 0 0 0 0 0 0 0 0 0 0 0 0 0 0 1000 0 1000 0 0 -33.3
0 0 0 0 0 0 0 0 0 0 0 0 0 0 0 0 0 0 0 0 0 0 0 0 0 0 1000 0 1000 0 0 -34.2
