50
0 0 0 0 0 0 0 58 3 0 0 0 61 3 0 0 0 0 0 0 0 0 0 0 0 0 875 0 1000 0 0 9.9
0 0 0 0 0 0 0 425 21 0 0 0 447 17 0 0 0 0 0 0 0 0 0 0 0 0 90 0 1000 0 0 9
0 0 0 0 0 0 0 475 24 0 0 0 487 12 0 0 0 0 0 0 0 0 0 0 0 0 2 0 1000 0 0 8.1
0 0 0 0 0 0 0 476 27 0 0 0 462 35 0 0 0 0 0 0 0 0 0 0 0 0 0 0 1000 0 0 7.2
0 0 0 0 0 0 0 462 38 0 0 0 447 36 0 0 0 0 0 0 0 0 0 0 0 0 17 0 1000 0 0 6.3
0 0 0 0 0 0 0 435 39 0 0 0 455 62 0 0 0 0 0 0 0 0 0 0 0 0 9 0 1000 0 0 5.4
0 0 0 0 0 0 0 424 77 0 0 0 421 67 0 0 0 0 0 0 0 0 0 0 0 0 11 0 1000 0 0 4.5
0 0 0 0 0 0 0 391 91 0 0 0 416 84 0 0 0 0 0 0 0 0 0 0 0 0 18 0 1000 0 0 3.6
0 0 0 0 0 0 0 383 102 0 0 1 400 99 0 0 0 0 0 0 0 0 0 0 0 0 15 0 1000 0 0 2.7
0 0 0 0 0 0 1 401 64 0 0 0 399 107 0 0 0 0 0 0 0 0 0 0 0 0 28 0 1000 0 0 1.8
0 0 0 0 0 0 0 390 93 0 0 0 394 93 0 0 0 0 0 0 0 0 0 0 0 0 30 0 1000 0 0 0.9
0 0 0 0 0 0 0 324 91 0 0 0 337 92 0 0 0 0 0 0 0 0 0 0 0 0 156 0 1000 0 0 0
0 0 0 0 0 0 1 249 78 0 0 0 293 64 0 0 0 0 0 0 0 0 0 0 0 0 315 0 1000 0 0 -0.9
0 0 0 0 0 0 0 204 54 0 0 0 224 54 0 0 0 0 0 0 0 0 0 0 0 0 464 0 1000 0 0 -1.8
0 0 0 0 0 0 0 155 52 0 0 0 130 48 0 0 0 0 0 0 0 0 0 0 0 0 615 0 1000 0 0 -2.7
0 0 0 0 0 0 0 112 31 0 0 0 96 44 0 0 0 0 0 0 0 0 0 0 0 0 717 0 1000 0 0 -3.6
0 0 0 0 0 0 1 69 29 0 0 0 80 28 0 0 0 0 0 0 0 0 0 0 0 0 793 0 1000 0 0 -4.5
0 0 0 0 0 0 0 59 19 0 0 0 59 18 0 0 0 0 0 0 0 0 0 0 0 0 845 0 1000 0 0 -5.4
0 0 0 0 0 0 0 41 12 0 0 0 33 17 0 0 0 1 0 0 0 0 0 0 0 0 896 0 1000 0 0 -6.3
0 0 0 0 0 0 0 17 9 0 0 0 18 4 0 0 0 0 0 0 0 0 0 0 0 0 952 0 1000 0 0 -7.2
0 0 0 0 0 0 0 13 5 0 0 0 18 6 0 0 0 0 0 0 0 0 0 0 0 0 958 0 1000 0 0 -8.1
0 0 0 0 0 0 0 8 3 0 0 0 8 4 0 0 0 0 0 0 0 0 0 0 0 0 977 0 1000 0 0 -9
0 0 0 0 0 0 0 5 3 0 0 0 6 3 0 0 0 0 0 0 0 0 0 0 0 0 983 0 1000 0 0 -9.9
0 0 0 0 0 0 0 1 0 0 0 0 3 0 0 0 0 0 0 0 0 0 0 0 0 0 996 0 1000 0 0 -10.8
0 0 0 0 0 0 0 6 0 0 0 0 1 2 0 0 0 0 0 0 0 0 0 0 0 0 991 0 1000 0 0 -11.7
0 0 0 0 0 0 0 0 0 0 0 0 2 0 0 0 0 0 0 0 0 0 0 0 0 0 998 0 1000 0 0 -12.6
0 0 0 0 0 0 0 0 1 0 0 0 0 0 0 0 0 0 0 0 0 0 0 0 0 0 999 0 1000 0 0 -13.5
0 0 0 0 0 0 0 0 0 0 0 0 1 0 0 0 0 0 0 0 0 0 0 0 0 0 999 0 1000 0 0 -14.4
0 0 0 0 0 0 0 0 0 0 0 0 0 0 0 0 0 0 0 0 0 0 0 0 0 0 1000 0 1000 0 0 -15.3
0 0 0 0 0 0 0 0 0 0 0 0 0 0 0 0 0 0 0 0 0 0 0 0 0 0 1000 0 1000 0 0 -16.2
0 0 0 0 0 0 0 0 0 0 0 0 0 0 0 0 0 0 0 0 0 0 0 0 0 0 1000 0 1000 0 0 -17.1
0 0 0 0 0 0 0 0 0 0 0 0 0 0 0 0 0 0 0 0 0 0 0 0 0 0 1000 0 1000 0 0 -18
0 0 0 0 0 0 0 0 0 0 0 0 0 0 0 0 0 0 0 0 0 0 0 0 0 0 1000 0 1000 0 0 -18.9
0 0 0 0 0 0 0 0 0 0 0 0 0 0 0 0 0 0 0 0 0 0 0 0 0 0 1000 0 1000 0 0 -19.8
0 0 0 0 0 0 0 0 0 0 0 0 0 0 0 0 0 0 0 0 0 0 0 0 0 0 1000 0 1000 0 0 -20.7
0 0 0 0 0 0 0 0 0 0 0 0 0 0 0 0 0 0 0 0 0 0 0 0 0 0 1000 0 1000 0 0 -21.6
0 0 0 0 0 0 0 0 0 0 0 0 0 0 0 0 0 0 0 0 0 0 0 0 0 0 1000 0 1000 0 0 -22.5
0 0 0 0 0 0 0 0 0 0 0 0 0 0 0 0 0 0 0 0 0 0 0 0 0 0 1000 0 1000 0 0 -23.4
0 0 0 0 0 0 0 0 0 0 0 0 0 0 0 0 0 0 0 0 0 0 0 0 0 0 1000 0 1000 0 0 -24.3
0 0 0 0 0 0 0 0 0 0 0 0 0 0 0 0 0 0 0 0 0 0 0 0 0 0 1000 0 1000 0 0 -25.2
0 0 0 0 0 0 0 0 0 0 0 0 0 0 0 0 0 0 0 0 0 0 0 0 0 0 1000 0 1000 0 0 -26.1
0 0 0 0 0 0 0 0 0 0 0 0 0 0 0 0 0 0 0 0 0 0 0 0 0 0 1000 0 1000 0 0 -27
0 0 0 0 0 0 0 0 0 0 0 0 0 0 0 0 0 0 0 0 0 0 0 0 0 0 1000 0 1000 0 0 -27.9
0 0 0 0 0 0 0 0 0 0 0 0 0 0 0 0 0 0 0 0 0 0 0 0 0 0 1000 0 1000 0 0 -28.8
0 0 0 0 0 0 0 0 0 0 0 0 0 0 0 0 0 0 0 0 0 0 0 0 0 0 1000 0 1000 0 0 -29.7
0 0 0 0 0 0 0 0 0 0 0 0 0 0 0 0 0 0 0 0 0 0 0 0 0 0 1000 0 1000 0 0 -30.6
0 0 0 0 0 0 0 0 0 0 0 0 0 0 0 0 0 0 0 0 0 0 0 0 0 0 1000 0 1000 0 0 -31.5
0 0 0 0 0 0 0 0 0 0 0 0 0 0 0 0 0 0 0 0 0 0 0 0 0 0 1000 0 1000 0 0 -32.4
0 0 0 0 0 0 0 0 0 0 0 0 0 0 0 0 0 0 0 0 0 0 0 0 0 0 1000 0 1000 0 0 -33.3
0 0 0 0 0 0 0 0 0 0 0 0 0 0 0 0 0 0 0 0 0 0 0 0 0 0 1000 0 1000 0 0 -34.2
