50
0 0 0 0 0 0 0 0 0 0 0 0 955 13 0 0 0 0 0 0 0 0 0 0 0 0 32 0 1000 0 0 9.9
0 0 0 0 0 0 0 0 0 0 0 0 889 75 0 0 0 0 0 0 0 0 0 0 0 0 36 0 1000 0 0 9
0 0 0 0 0 0 0 0 1 0 0 0 989 10 0 0 0 0 0 0 0 0 0 0 0 0 0 0 1000 0 0 8.1
0 0 0 0 0 0 0 1 2 0 0 0 953 44 0 0 0 0 0 0 0 0 0 0 0 0 0 0 1000 0 0 7.2
0 0 0 0 0 0 0 3 1 0 0 0 904 92 0 0 0 0 0 0 0 0 0 0 0 0 0 0 1000 0 0 6.3
0 0 0 0 0 0 0 11 3 0 0 0 811 174 0 0 0 0 0 0 0 0 0 0 0 0 1 0 1000 0 0 5.4
0 0 0 0 0 0 0 13 10 0 0 0 742 222 0 0 0 0 1 0 0 0 0 0 0 0 12 0 1000 0 0 4.5
0 0 0 0 0 0 0 16 15 0 0 0 689 271 0 0 0 0 0 0 0 0 0 0 0 0 9 0 1000 0 0 3.6
0 0 0 0 0 0 0 37 21 0 0 0 643 284 0 0 0 0 0 0 0 0 0 0 0 0 15 0 1000 0 0 2.7
0 0 0 0 0 0 0 35 20 0 0 0 624 308 0 0 0 0 1 0 0 0 0 0 0 0 12 0 1000 0 0 1.8
0 0 0 0 0 0 0 37 25 0 0 0 624 292 0 0 0 1 1 0 0 0 0 0 0 0 20 0 1000 0 0 0.9
0 0 0 0 0 0 0 28 23 0 0 0 538 282 0 0 0 0 1 0 0 0 0 0 0 0 128 0 1000 0 0 0
0 0 0 0 0 0 0 38 29 0 0 0 426 241 0 0 0 1 0 0 0 0 0 0 0 0 265 0 1000 0 0 -0.9
0 0 0 0 0 0 0 46 27 0 0 0 301 164 0 0 0 1 0 0 0 0 0 0 0 0 461 0 1000 0 0 -1.8
0 0 0 0 0 0 0 25 21 0 0 0 214 128 0 0 0 1 2 0 0 0 0 0 0 0 609 0 1000 0 0 -2.7
0 0 0 0 0 0 0 16 9 0 0 0 185 111 0 0 0 1 3 0 0 0 0 0 0 0 675 0 1000 0 0 -3.6
0 0 0 0 0 0 0 18 13 0 0 0 108 78 0 0 0 0 0 0 0 0 0 0 0 0 783 0 1000 0 0 -4.5
0 0 0 0 0 0 0 11 3 0 0 0 78 66 0 0 0 0 0 0 0 0 0 0 0 0 842 0 1000 0 0 -5.4
0 0 0 0 0 0 0 9 0 0 0 0 48 42 0 0 0 0 0 0 0 0 0 0 0 0 901 0 1000 0 0 -6.3
0 0 0 0 0 0 0 6 3 0 0 0 40 31 0 0 0 0 0 0 0 0 0 0 0 0 920 0 1000 0 0 -7.2
0 0 0 0 0 0 0 0 5 0 0 0 21 17 0 0 0 0 0 0 0 0 0 0 0 0 957 0 1000 0 0 -8.1
0 0 0 0 0 0 0 1 1 0 0 0 12 11 0 0 0 0 0 0 0 0 0 0 0 0 975 0 1000 0 0 -9
0 0 0 0 0 0 0 0 2 0 0 0 6 5 0 0 0 0 0 0 0 0 0 0 0 0 987 0 1000 0 0 -9.9
0 0 0 0 0 0 0 0 0 0 0 0 6 5 0 0 0 0 0 0 0 0 0 0 0 0 989 0 1000 0 0 -10.8
0 0 0 0 0 0 0 0 1 0 0 0 4 0 0 0 0 0 0 0 0 0 0 0 0 0 995 0 1000 0 0 -11.7
0 0 0 0 0 0 0 0 0 0 0 0 0 2 0 0 0 0 0 0 0 0 0 0 0 0 998 0 1000 0 0 -12.6
0 0 0 0 0 0 0 0 0 0 0 0 0 0 0 0 0 0 0 0 0 0 0 0 0 0 1000 0 1000 0 0 -13.5
0 0 0 0 0 0 0 1 0 0 0 0 0 0 0 0 0 0 0 0 0 0 0 0 0 0 999 0 1000 0 0 -14.4
0 0 0 0 0 0 0 0 1 0 0 0 0 0 0 0 0 0 0 0 0 0 0 0 0 0 999 0 1000 0 0 -15.3
0 0 0 0 0 0 0 0 0 0 0 0 0 0 0 0 0 0 0 0 0 0 0 0 0 0 1000 0 1000 0 0 -16.2
0 0 0 0 0 0 0 0 0 0 0 0 0 0 0 0 0 0 0 0 0 0 0 0 0 0 1000 0 1000 0 0 -17.1
0 0 0 0 0 0 0 0 0 0 0 0 0 0 0 0 0 0 0 0 0 0 0 0 0 0 1000 0 1000 0 0 -18
0 0 0 0 0 0 0 0 0 0 0 0 0 0 0 0 0 0 0 0 0 0 0 0 0 0 1000 0 1000 0 0 -18.9
0 0 0 0 0 0 0 0 0 0 0 0 0 0 0 0 0 0 0 0 0 0 0 0 0 0 1000 0 1000 0 0 -19.8
0 0 0 0 0 0 0 0 0 0 0 0 0 0 0 0 0 0 0 0 0 0 0 0 0 0 1000 0 1000 0 0 -20.7
0 0 0 0 0 0 0 0 0 0 0 0 0 0 0 0 0 0 0 0 0 0 0 0 0 0 1000 0 1000 0 0 -21.6
0 0 0 0 0 0 0 0 0 0 0 0 0 0 0 0 0 0 0 0 0 0 0 0 0 0 1000 0 1000 0 0 -22.5
0 0 0 0 0 0 0 0 0 0 0 0 0 0 0 0 0 0 0 0 0 0 0 0 0 0 1000 0 1000 0 0 -23.4
0 0 0 0 0 0 0 0 0 0 0 0 0 0 0 0 0 0 0 0 0 0 0 0 0 0 1000 0 1000 0 0 -24.3
0 0 0 0 0 0 0 0 0 0 0 0 0 0 0 0 0 0 0 0 0 0 0 0 0 0 1000 0 1000 0 0 -25.2
0 0 0 0 0 0 0 0 0 0 0 0 0 0 0 0 0 0 0 0 0 0 0 0 0 0 1000 0 1000 0 0 -26.1
0 0 0 0 0 0 0 0 0 0 0 0 0 0 0 0 0 0 0 0 0 0 0 0 0 0 1000 0 1000 0 0 -27
0 0 0 0 0 0 0 0 0 0 0 0 0 0 0 0 0 0 0 0 0 0 0 0 0 0 1000 0 1000 0 0 -27.9
0 0 0 0 0 0 0 0 0 0 0 0 0 0 0 0 0 0 0 0 0 0 0 0 0 0 1000 0 1000 0 0 -28.8
0 0 0 0 0 0 0 0 0 0 0 0 0 0 0 0 0 0 0 0 0 0 0 0 0 0 1000 0 1000 0 0 -29.7
0 0 0 0 0 0 0 0 0 0 0 0 0 0 0 0 0 0 0 0 0 0 0 0 0 0 1000 0 1000 0 0 -30.6
0 0 0 0 0 0 0 0 0 0 0 0 0 0 0 0 0 0 0 0 0 0 0 0 0 0 1000 0 1000 0 0 -31.5
0 0 0 0 0 0 0 0 0 0 0 0 0 0 0 0 0 0 0 0 0 0 0 0 0 0 1000 0 1000 0 0 -32.4
0 0 0 0 0 0 0 0 0 0 0 0 0 0 0 0 0 0 0 0 0 0 0 0 0 0 1000 0 1000 0 0 -33.3
0 0 0 0 0 0 0 0 0 0 0 0 0 0 0 0 0 0 0 0 0 0 0 0 0 0 1000 0 1000 0 0 -34.2
