50
0 0 0 0 0 0 0 0 0 0 0 0 965 11 0 0 0 0 0 0 0 0 0 0 0 0 24 0 1000 0 0 9.9
0 0 0 0 0 0 0 0 0 0 0 0 894 71 0 0 0 0 0 0 0 0 0 0 0 0 35 0 1000 0 0 9
0 0 0 0 0 0 0 0 0 0 0 0 990 10 0 0 0 0 0 0 0 0 0 0 0 0 0 0 1000 0 0 8.1
0 0 0 0 0 0 0 0 0 0 0 0 970 30 0 0 0 0 0 0 0 0 0 0 0 0 0 0 1000 0 0 7.2
0 0 0 0 0 0 0 0 0 0 0 0 931 67 0 0 0 0 1 0 0 0 0 0 0 0 1 0 1000 0 0 6.3
0 0 0 0 0 0 0 2 1 0 0 0 849 146 0 0 0 0 0 0 0 0 0 0 0 0 2 0 1000 0 0 5.4
0 0 0 0 0 0 0 2 4 0 0 0 799 192 0 0 0 1 0 0 0 0 0 0 0 0 2 0 1000 0 0 4.5
0 0 0 0 0 0 0 6 7 0 0 0 721 255 0 0 0 0 1 0 0 0 0 0 0 0 10 0 1000 0 0 3.6
0 0 0 0 0 0 0 4 5 0 0 0 713 274 0 0 0 0 0 0 0 0 0 0 0 0 4 0 1000 0 0 2.7
0 0 0 0 0 0 0 10 7 0 0 0 677 294 0 0 0 2 2 0 0 0 0 0 0 0 8 0 1000 0 0 1.8
0 0 0 0 0 0 0 9 9 0 0 0 636 333 0 0 0 1 1 0 0 0 0 0 0 0 11 0 1000 0 0 0.9
0 0 0 0 0 0 0 11 5 0 0 0 557 286 0 0 0 1 2 0 0 0 0 0 0 0 138 0 1000 0 0 0
0 0 0 0 0 0 0 13 8 0 0 0 436 258 0 0 0 1 1 0 0 0 0 0 0 0 283 0 1000 0 0 -0.9
0 0 0 0 0 0 0 21 3 0 0 0 297 233 0 0 0 6 2 0 0 0 0 0 0 0 438 0 1000 0 0 -1.8
0 0 0 0 0 0 0 12 3 0 0 0 241 145 0 0 0 8 1 0 0 0 0 0 0 0 590 0 1000 0 0 -2.7
0 0 0 0 0 0 0 13 4 0 0 1 172 129 0 0 0 4 2 0 0 0 0 0 0 0 675 0 1000 0 0 -3.6
0 0 0 0 0 0 0 4 2 0 0 0 139 96 0 0 0 1 0 0 0 0 0 0 0 0 758 0 1000 0 0 -4.5
0 0 0 0 0 0 0 5 2 0 0 0 98 71 0 0 0 1 1 0 0 0 0 0 0 0 822 0 1000 0 0 -5.4
0 0 0 0 0 0 0 3 1 0 0 0 49 41 0 0 0 1 0 0 0 0 0 0 0 0 905 0 1000 0 0 -6.3
0 0 0 0 0 0 0 3 1 0 0 0 39 21 0 0 0 0 0 0 0 0 0 0 0 0 936 0 1000 0 0 -7.2
0 0 0 0 0 0 0 1 0 0 0 0 21 13 0 0 0 0 0 0 0 0 0 0 0 0 965 0 1000 0 0 -8.1
0 0 0 0 0 0 0 2 0 0 0 0 18 10 0 0 0 0 0 0 0 0 0 0 0 0 970 0 1000 0 0 -9
0 0 0 0 0 0 0 0 0 0 0 0 4 7 0 0 0 1 0 0 0 0 0 0 0 0 988 0 1000 0 0 -9.9
0 0 0 0 0 0 0 1 0 0 0 0 6 5 0 0 0 1 0 0 0 0 0 0 0 0 987 0 1000 0 0 -10.8
0 0 0 0 0 0 0 1 0 0 0 0 4 1 0 0 0 0 0 0 0 0 0 0 0 0 994 0 1000 0 0 -11.7
0 0 0 0 0 0 0 0 0 0 0 0 0 1 0 0 0 0 0 0 0 0 0 0 0 0 999 0 1000 0 0 -12.6
0 0 0 0 0 0 0 0 0 0 0 0 1 1 0 0 0 0 0 0 0 0 0 0 0 0 998 0 1000 0 0 -13.5
0 0 0 0 0 0 0 0 0 0 0 0 0 0 0 0 0 0 0 0 0 0 0 0 0 0 1000 0 1000 0 0 -14.4
0 0 0 0 0 0 0 0 0 0 0 0 0 0 0 0 0 0 0 0 0 0 0 0 0 0 1000 0 1000 0 0 -15.3
0 0 0 0 0 0 0 0 0 0 0 0 1 0 0 0 0 0 0 0 0 0 0 0 0 0 999 0 1000 0 0 -16.2
0 0 0 0 0 0 0 0 0 0 0 0 0 0 0 0 0 0 0 0 0 0 0 0 0 0 1000 0 1000 0 0 -17.1
0 0 0 0 0 0 0 0 0 0 0 0 0 0 0 0 0 0 0 0 0 0 0 0 0 0 1000 0 1000 0 0 -18
0 0 0 0 0 0 0 0 0 0 0 0 0 0 0 0 0 0 0 0 0 0 0 0 0 0 1000 0 1000 0 0 -18.9
0 0 0 0 0 0 0 0 0 0 0 0 0 0 0 0 0 0 0 0 0 0 0 0 0 0 1000 0 1000 0 0 -19.8
0 0 0 0 0 0 0 0 0 0 0 0 0 0 0 0 0 0 0 0 0 0 0 0 0 0 1000 0 1000 0 0 -20.7
0 0 0 0 0 0 0 0 0 0 0 0 0 0 0 0 0 0 0 0 0 0 0 0 0 0 1000 0 1000 0 0 -21.6
0 0 0 0 0 0 0 0 0 0 0 0 0 0 0 0 0 0 0 0 0 0 0 0 0 0 1000 0 1000 0 0 -22.5
0 0 0 0 0 0 0 0 0 0 0 0 0 0 0 0 0 0 0 0 0 0 0 0 0 0 1000 0 1000 0 0 -23.4
0 0 0 0 0 0 0 0 0 0 0 0 0 0 0 0 0 0 0 0 0 0 0 0 0 0 1000 0 1000 0 0 -24.3
0 0 0 0 0 0 0 0 0 0 0 0 0 0 0 0 0 0 0 0 0 0 0 0 0 0 1000 0 1000 0 0 -25.2
0 0 0 0 0 0 0 0 0 0 0 0 0 0 0 0 0 0 0 0 0 0 0 0 0 0 1000 0 1000 0 0 -26.1
0 0 0 0 0 0 0 0 0 0 0 0 0 0 0 0 0 0 0 0 0 0 0 0 0 0 1000 0 1000 0 0 -27
0 0 0 0 0 0 0 0 0 0 0 0 0 0 0 0 0 0 0 0 0 0 0 0 0 0 1000 0 1000 0 0 -27.9
0 0 0 0 0 0 0 0 0 0 0 0 0 0 0 0 0 0 0 0 0 0 0 0 0 0 1000 0 1000 0 0 -28.8
0 0 0 0 0 0 0 0 0 0 0 0 0 0 0 0 0 0 0 0 0 0 0 0 0 0 1000 0 1000 0 0 -29.7
0 0 0 0 0 0 0 0 0 0 0 0 0 0 0 0 0 0 0 0 0 0 0 0 0 0 1000 0 1000 0 0 -30.6
0 0 0 0 0 0 0 0 0 0 0 0 0 0 0 0 0 0 0 0 0 0 0 0 0 0 1000 0 1000 0 0 -31.5
0 0 0 0 0 0 0 0 0 0 0 0 0 0 0 0 0 0 0 0 0 0 0 0 0 0 1000 0 1000 0 0 -32.4
0 0 0 0 0 0 0 0 0 0 0 0 0 0 0 0 0 0 0 0 0 0 0 0 0 0 1000 0 1000 0 0 -33.3
0 0 0 0 0 0 0 0 0 0 0 0 0 0 0 0 0 0 0 0 0 0 0 0 0 0 1000 0 1000 0 0 -34.2
