50
0 0 0 0 0 0 0 0 0 0 0 0 58 65 0 0 0 0 0 0 0 0 0 0 0 0 877 0 1000 0 0 9.9
0 0 0 0 0 0 0 0 0 0 0 0 462 440 0 0 0 0 0 0 0 0 0 0 0 0 98 0 1000 0 0 9
0 0 0 0 0 0 0 0 0 0 0 0 494 506 0 0 0 0 0 0 0 0 0 0 0 0 0 0 1000 0 0 8.1
0 0 0 0 0 0 0 0 0 0 0 0 506 494 0 0 0 0 0 0 0 0 0 0 0 0 0 0 1000 0 0 7.2
0 0 0 0 0 0 0 0 0 0 0 0 491 508 0 0 0 0 0 0 0 0 0 0 0 0 1 0 1000 0 0 6.3
0 0 0 0 0 0 0 2 0 0 0 0 476 519 0 0 0 1 1 0 0 0 0 0 0 0 1 0 1000 0 0 5.4
0 0 0 0 0 0 0 4 2 0 0 0 484 503 0 0 0 2 2 0 0 0 0 0 0 0 3 0 1000 0 0 4.5
0 0 0 0 0 0 0 1 3 0 0 0 488 500 0 0 0 2 2 0 0 0 0 0 0 0 4 0 1000 0 0 3.6
0 0 0 0 0 0 0 6 4 0 0 0 483 494 0 0 0 2 3 0 0 0 0 0 0 0 8 0 1000 0 0 2.7
0 0 0 0 0 0 0 5 2 0 0 0 502 482 0 0 0 2 1 0 0 0 0 0 0 0 6 0 1000 0 0 1.8
0 0 0 0 0 0 0 4 4 0 0 0 470 500 0 0 0 3 4 0 0 0 0 0 0 0 15 0 1000 0 0 0.9
0 0 0 0 0 0 0 6 6 0 0 0 404 445 0 0 0 9 5 0 0 0 0 0 0 0 125 0 1000 0 0 0
0 0 0 0 0 0 0 3 2 0 0 0 365 346 0 0 0 7 7 0 0 0 0 0 0 0 270 0 1000 0 0 -0.9
0 0 0 0 0 0 0 3 8 0 0 0 277 266 0 0 0 10 4 0 0 0 0 0 0 0 432 0 1000 0 0 -1.8
0 0 0 0 0 0 0 6 3 0 0 0 211 203 0 0 0 8 8 0 0 0 0 0 0 0 561 0 1000 0 0 -2.7
0 0 0 0 0 0 0 3 2 0 0 0 152 150 0 0 1 3 5 0 0 0 0 0 0 0 684 0 1000 0 0 -3.6
0 0 0 0 0 0 0 5 4 0 0 0 100 92 0 0 0 3 3 0 0 0 0 0 0 0 793 0 1000 0 0 -4.5
0 0 0 0 0 0 0 1 1 0 0 0 61 91 0 0 0 0 3 0 0 0 0 0 0 0 843 0 1000 0 0 -5.4
0 0 0 0 0 0 0 2 2 0 0 0 49 56 0 0 0 1 3 0 0 0 0 0 0 0 887 0 1000 0 0 -6.3
0 0 0 0 0 0 0 1 1 0 0 0 31 31 0 0 0 1 1 0 0 0 0 0 0 0 934 0 1000 0 0 -7.2
0 0 0 0 0 0 0 1 0 0 0 0 17 19 0 0 0 0 0 0 0 0 0 0 0 0 963 0 1000 0 0 -8.1
0 0 0 0 0 0 0 0 0 0 0 0 10 14 0 0 0 0 0 0 0 0 0 0 0 0 976 0 1000 0 0 -9
0 0 0 0 0 0 0 0 2 0 0 0 7 7 0 0 0 0 1 0 0 0 0 0 0 0 983 0 1000 0 0 -9.9
0 0 0 0 0 0 0 0 0 0 0 0 3 6 0 0 0 1 0 0 0 0 0 0 0 0 990 0 1000 0 0 -10.8
0 0 0 0 0 0 0 0 2 0 0 0 2 1 0 0 0 0 0 0 0 0 0 0 0 0 995 0 1000 0 0 -11.7
0 0 0 0 0 0 0 0 0 0 0 0 1 0 0 0 0 0 0 0 0 0 0 0 0 0 999 0 1000 0 0 -12.6
0 0 0 0 0 0 0 0 0 0 0 0 1 0 0 0 0 0 0 0 0 0 0 0 0 0 999 0 1000 0 0 -13.5
0 0 0 0 0 0 0 0 0 0 0 0 1 0 0 0 0 0 0 0 0 0 0 0 0 0 999 0 1000 0 0 -14.4
0 0 0 0 0 0 0 0 0 0 0 0 0 0 0 0 0 0 0 0 0 0 0 0 0 0 1000 0 1000 0 0 -15.3
0 0 0 0 0 0 0 0 0 0 0 0 0 0 0 0 0 0 0 0 0 0 0 0 0 0 1000 0 1000 0 0 -16.2
0 0 0 0 0 0 0 0 0 0 0 0 0 0 0 0 0 0 0 0 0 0 0 0 0 0 1000 0 1000 0 0 -17.1
0 0 0 0 0 0 0 0 0 0 0 0 0 0 0 0 0 0 0 0 0 0 0 0 0 0 1000 0 1000 0 0 -18
0 0 0 0 0 0 0 0 0 0 0 0 0 0 0 0 0 0 0 0 0 0 0 0 0 0 1000 0 1000 0 0 -18.9
0 0 0 0 0 0 0 0 0 0 0 0 0 0 0 0 0 0 0 0 0 0 0 0 0 0 1000 0 1000 0 0 -19.8
0 0 0 0 0 0 0 0 0 0 0 0 0 0 0 0 0 0 0 0 0 0 0 0 0 0 1000 0 1000 0 0 -20.7
0 0 0 0 0 0 0 0 0 0 0 0 0 0 0 0 0 0 0 0 0 0 0 0 0 0 1000 0 1000 0 0 -21.6
0 0 0 0 0 0 0 0 0 0 0 0 0 0 0 0 0 0 0 0 0 0 0 0 0 0 1000 0 1000 0 0 -22.5
0 0 0 0 0 0 0 0 0 0 0 0 0 0 0 0 0 0 0 0 0 0 0 0 0 0 1000 0 1000 0 0 -23.4
0 0 0 0 0 0 0 0 0 0 0 0 0 0 0 0 0 0 0 0 0 0 0 0 0 0 1000 0 1000 0 0 -24.3
0 0 0 0 0 0 0 0 0 0 0 0 0 0 0 0 0 0 0 0 0 0 0 0 0 0 1000 0 1000 0 0 -25.2
0 0 0 0 0 0 0 0 0 0 0 0 0 0 0 0 0 0 0 0 0 0 0 0 0 0 1000 0 1000 0 0 -26.1
0 0 0 0 0 0 0 0 0 0 0 0 0 0 0 0 0 0 0 0 0 0 0 0 0 0 1000 0 1000 0 0 -27
0 0 0 0 0 0 0 0 0 0 0 0 0 0 0 0 0 0 0 0 0 0 0 0 0 0 1000 0 1000 0 0 -27.9
0 0 0 0 0 0 0 0 0 0 0 0 0 0 0 0 0 0 0 0 0 0 0 0 0 0 1000 0 1000 0 0 -28.8
0 0 0 0 0 0 0 0 0 0 0 0 0 0 0 0 0 0 0 0 0 0 0 0 0 0 1000 0 1000 0 0 -29.7
0 0 0 0 0 0 0 0 0 0 0 0 0 0 0 0 0 0 0 0 0 0 0 0 0 0 1000 0 1000 0 0 -30.6
0 0 0 0 0 0 0 0 0 0 0 0 0 0 0 0 0 0 0 0 0 0 0 0 0 0 1000 0 1000 0 0 -31.5
0 0 0 0 0 0 0 0 0 0 0 0 0 0 0 0 0 0 0 0 0 0 0 0 0 0 1000 0 1000 0 0 -32.4
0 0 0 0 0 0 0 0 0 0 0 0 0 0 0 0 0 0 0 0 0 0 0 0 0 0 1000 0 1000 0 0 -33.3
0 0 0 0 0 0 0 0 0 0 0 0 0 0 0 0 0 0 0 0 0 0 0 0 0 0 1000 0 1000 0 0 -34.2
