50
0 0 0 0 0 0 0 0 0 0 0 0 999 0 0 0 0 0 0 0 0 0 0 0 0 0 1 0 1000 0 0 9.9
0 0 0 0 0 0 0 4 0 0 0 0 995 0 0 0 0 0 0 0 0 0 0 0 0 0 1 0 1000 0 0 9
0 0 0 0 0 0 0 0 0 0 0 0 1000 0 0 0 0 0 0 0 0 0 0 0 0 0 0 0 1000 0 0 8.1
0 0 0 0 0 0 0 0 0 0 0 0 1000 0 0 0 0 0 0 0 0 0 0 0 0 0 0 0 1000 0 0 7.2
0 0 0 0 0 0 0 1 0 0 0 0 999 0 0 0 0 0 0 0 0 0 0 0 0 0 0 0 1000 0 0 6.3
0 0 0 0 0 0 0 4 1 0 0 0 994 1 0 0 0 0 0 0 0 0 0 0 0 0 0 0 1000 0 0 5.4
0 0 0 0 0 0 0 22 0 0 0 0 976 2 0 0 0 0 0 0 0 0 0 0 0 0 0 0 1000 0 0 4.5
0 0 0 0 0 0 0 69 4 0 0 0 919 6 0 0 0 0 0 0 0 0 0 0 0 0 2 0 1000 0 0 3.6
0 0 0 0 0 0 0 93 6 0 0 1 890 7 0 0 0 0 0 0 0 0 0 0 0 0 3 0 1000 0 0 2.7
0 0 0 0 0 0 0 127 3 0 0 0 846 15 0 0 0 0 0 0 0 0 0 0 0 0 9 0 1000 0 0 1.8
0 0 0 0 0 0 0 121 4 0 0 0 850 17 0 0 0 0 0 0 0 0 0 0 0 0 8 0 1000 0 0 0.9
0 0 0 0 0 0 1 135 15 0 0 1 710 17 0 0 0 0 1 0 0 0 0 0 0 0 120 0 1000 0 0 0
0 0 0 0 0 0 0 131 11 0 0 1 533 28 0 0 0 0 0 0 0 0 0 0 0 0 296 0 1000 0 0 -0.9
0 0 0 0 0 0 0 112 4 0 0 1 415 13 0 0 0 0 0 0 0 0 0 0 0 0 455 0 1000 0 0 -1.8
0 0 0 0 0 0 0 92 9 0 0 1 301 24 0 0 0 0 0 0 0 0 0 0 0 0 573 0 1000 0 0 -2.7
0 0 0 0 0 0 0 71 4 0 0 1 229 13 0 0 0 1 0 0 0 0 0 0 0 0 681 0 1000 0 0 -3.6
0 0 0 0 0 0 0 49 6 0 0 2 147 12 0 0 1 0 0 0 0 0 0 0 0 0 783 0 1000 0 0 -4.5
0 0 0 0 0 0 0 39 3 0 0 0 104 10 0 0 0 0 0 0 0 0 0 0 0 0 844 0 1000 0 0 -5.4
0 0 0 0 0 0 0 20 4 0 0 0 59 8 0 0 0 1 0 0 0 0 0 0 0 0 908 0 1000 0 0 -6.3
0 0 0 0 0 0 0 16 2 0 0 1 33 5 0 0 0 0 0 0 0 0 0 0 0 0 943 0 1000 0 0 -7.2
0 0 0 0 0 0 0 10 1 0 0 0 27 2 0 0 0 0 0 0 0 0 0 0 0 0 960 0 1000 0 0 -8.1
0 0 0 0 0 0 0 6 0 0 0 0 20 1 0 0 0 0 0 0 0 0 0 0 0 0 973 0 1000 0 0 -9
0 0 0 0 0 0 0 2 1 0 0 1 11 1 0 0 0 0 0 0 0 0 0 0 0 0 984 0 1000 0 0 -9.9
0 0 0 0 0 0 0 3 0 0 0 0 4 0 0 0 0 0 0 0 0 0 0 0 0 0 993 0 1000 0 0 -10.8
0 0 0 0 0 0 0 0 0 0 0 0 1 0 0 0 0 0 0 0 0 0 0 0 0 0 999 0 1000 0 0 -11.7
0 0 0 0 0 0 0 0 0 0 0 0 3 0 0 0 0 0 0 0 0 0 0 0 0 0 997 0 1000 0 0 -12.6
0 0 0 0 0 0 0 0 0 0 0 0 2 0 0 0 0 0 0 0 0 0 0 0 0 0 998 0 1000 0 0 -13.5
0 0 0 0 0 0 0 0 0 0 0 0 0 0 0 0 0 0 0 0 0 0 0 0 0 0 1000 0 1000 0 0 -14.4
0 0 0 0 0 0 0 0 0 0 0 0 0 0 0 0 0 0 0 0 0 0 0 0 0 0 1000 0 1000 0 0 -15.3
0 0 0 0 0 0 0 0 0 0 0 0 0 0 0 0 0 0 0 0 0 0 0 0 0 0 1000 0 1000 0 0 -16.2
0 0 0 0 0 0 0 0 0 0 0 0 0 0 0 0 0 0 0 0 0 0 0 0 0 0 1000 0 1000 0 0 -17.1
0 0 0 0 0 0 0 0 0 0 0 0 0 0 0 0 0 0 0 0 0 0 0 0 0 0 1000 0 1000 0 0 -18
0 0 0 0 0 0 0 0 0 0 0 0 0 0 0 0 0 0 0 0 0 0 0 0 0 0 1000 0 1000 0 0 -18.9
0 0 0 0 0 0 0 0 0 0 0 0 0 0 0 0 0 0 0 0 0 0 0 0 0 0 1000 0 1000 0 0 -19.8
0 0 0 0 0 0 0 0 0 0 0 0 0 0 0 0 0 0 0 0 0 0 0 0 0 0 1000 0 1000 0 0 -20.7
0 0 0 0 0 0 0 0 0 0 0 0 0 0 0 0 0 0 0 0 0 0 0 0 0 0 1000 0 1000 0 0 -21.6
0 0 0 0 0 0 0 0 0 0 0 0 0 0 0 0 0 0 0 0 0 0 0 0 0 0 1000 0 1000 0 0 -22.5
0 0 0 0 0 0 0 0 0 0 0 0 0 0 0 0 0 0 0 0 0 0 0 0 0 0 1000 0 1000 0 0 -23.4
0 0 0 0 0 0 0 0 0 0 0 0 0 0 0 0 0 0 0 0 0 0 0 0 0 0 1000 0 1000 0 0 -24.3
0 0 0 0 0 0 0 0 0 0 0 0 0 0 0 0 0 0 0 0 0 0 0 0 0 0 1000 0 1000 0 0 -25.2
0 0 0 0 0 0 0 0 0 0 0 0 0 0 0 0 0 0 0 0 0 0 0 0 0 0 1000 0 1000 0 0 -26.1
0 0 0 0 0 0 0 0 0 0 0 0 0 0 0 0 0 0 0 0 0 0 0 0 0 0 1000 0 1000 0 0 -27
0 0 0 0 0 0 0 0 0 0 0 0 0 0 0 0 0 0 0 0 0 0 0 0 0 0 1000 0 1000 0 0 -27.9
0 0 0 0 0 0 0 0 0 0 0 0 0 0 0 0 0 0 0 0 0 0 0 0 0 0 1000 0 1000 0 0 -28.8
0 0 0 0 0 0 0 0 0 0 0 0 0 0 0 0 0 0 0 0 0 0 0 0 0 0 1000 0 1000 0 0 -29.7
0 0 0 0 0 0 0 0 0 0 0 0 0 0 0 0 0 0 0 0 0 0 0 0 0 0 1000 0 1000 0 0 -30.6
0 0 0 0 0 0 0 0 0 0 0 0 0 0 0 0 0 0 0 0 0 0 0 0 0 0 1000 0 1000 0 0 -31.5
0 0 0 0 0 0 0 0 0 0 0 0 0 0 0 0 0 0 0 0 0 0 0 0 0 0 1000 0 1000 0 0 -32.4
0 0 0 0 0 0 0 0 0 0 0 0 0 0 0 0 0 0 0 0 0 0 0 0 0 0 1000 0 1000 0 0 -33.3
0 0 0 0 0 0 0 0 0 0 0 0 0 0 0 0 0 0 0 0 0 0 0 0 0 0 1000 0 1000 0 0 -34.2
