50
0 0 0 0 0 0 0 0 0 0 0 0 961 10 0 0 0 0 0 0 0 0 0 0 0 0 29 0 1000 0 0 9.9
0 0 0 0 0 0 0 0 0 0 0 0 905 67 0 0 0 0 0 0 0 0 0 0 0 0 28 0 1000 0 0 9
0 0 0 0 0 0 0 0 0 0 0 0 996 4 0 0 0 0 0 0 0 0 0 0 0 0 0 0 1000 0 0 8.1
0 0 0 0 0 0 0 0 0 0 0 0 970 30 0 0 0 0 0 0 0 0 0 0 0 0 0 0 1000 0 0 7.2
0 0 0 0 0 0 0 2 0 0 0 0 922 76 0 0 0 0 0 0 0 0 0 0 0 0 0 0 1000 0 0 6.3
0 0 0 0 0 0 0 0 1 0 0 0 850 148 0 0 0 0 0 0 0 0 0 0 0 0 1 0 1000 0 0 5.4
0 0 0 0 0 0 0 7 2 0 0 0 759 229 0 0 0 0 0 0 0 0 0 0 0 0 3 0 1000 0 0 4.5
0 0 0 0 0 0 0 5 8 0 0 0 740 240 0 0 0 1 0 0 0 0 0 0 0 0 6 0 1000 0 0 3.6
0 0 0 0 0 0 0 11 3 0 0 0 708 266 0 0 0 1 1 0 0 0 0 0 0 0 10 0 1000 0 0 2.7
0 0 0 0 0 0 0 11 4 0 0 0 674 303 0 0 0 0 1 0 0 0 0 0 0 0 7 0 1000 0 0 1.8
0 0 0 0 0 0 0 8 15 0 0 0 660 295 0 0 0 0 0 0 0 0 0 0 0 0 22 0 1000 0 0 0.9
0 0 0 0 0 0 0 17 9 0 0 0 539 299 0 0 0 2 2 0 0 0 0 0 0 0 132 0 1000 0 0 0
0 0 0 0 0 0 0 13 17 0 0 0 414 242 0 0 0 3 1 0 0 0 0 0 0 0 310 0 1000 0 0 -0.9
0 0 0 0 0 0 0 12 15 0 0 0 317 197 0 0 0 1 0 0 0 0 0 0 0 0 458 0 1000 0 0 -1.8
0 0 0 0 0 0 0 13 7 0 0 0 237 162 0 0 0 3 2 0 0 0 0 0 0 0 576 0 1000 0 0 -2.7
0 0 0 0 0 0 0 14 3 0 0 0 188 110 0 0 0 3 1 0 0 0 0 0 0 0 681 0 1000 0 0 -3.6
0 0 0 0 0 0 0 13 5 0 0 0 122 71 0 0 0 3 1 0 0 0 0 0 0 0 785 0 1000 0 0 -4.5
0 0 0 0 0 0 0 8 3 0 0 0 76 67 0 0 0 2 1 0 0 0 0 0 0 0 843 0 1000 0 0 -5.4
0 0 0 0 0 0 0 8 3 0 0 0 64 38 0 0 0 0 0 0 0 0 0 0 0 0 887 0 1000 0 0 -6.3
0 0 0 0 0 0 0 2 1 0 0 0 38 25 0 0 0 1 0 0 0 0 0 0 0 0 933 0 1000 0 0 -7.2
0 0 0 0 0 0 0 1 1 0 0 0 16 15 0 0 0 0 0 0 0 0 0 0 0 0 967 0 1000 0 0 -8.1
0 0 0 0 0 0 0 2 1 0 0 0 9 11 0 0 0 0 1 0 0 0 0 0 0 0 976 0 1000 0 0 -9
0 0 0 0 0 0 0 0 0 0 0 0 5 9 0 0 0 0 0 0 0 0 0 0 0 0 986 0 1000 0 0 -9.9
0 0 0 0 0 0 0 1 0 0 0 0 5 1 0 0 0 0 0 0 0 0 0 0 0 0 993 0 1000 0 0 -10.8
0 0 0 0 0 0 0 0 0 0 0 0 2 0 0 0 0 1 0 0 0 0 0 0 0 0 997 0 1000 0 0 -11.7
0 0 0 0 0 0 0 0 0 0 0 0 0 0 0 0 0 0 0 0 0 0 0 0 0 0 1000 0 1000 0 0 -12.6
0 0 0 0 0 0 0 0 0 0 0 0 2 0 0 0 0 0 0 0 0 0 0 0 0 0 998 0 1000 0 0 -13.5
0 0 0 0 0 0 0 0 1 0 0 0 0 0 0 0 0 0 0 0 0 0 0 0 0 0 999 0 1000 0 0 -14.4
0 0 0 0 0 0 0 0 0 0 0 0 0 0 0 0 0 0 0 0 0 0 0 0 0 0 1000 0 1000 0 0 -15.3
0 0 0 0 0 0 0 0 0 0 0 0 0 0 0 0 0 0 0 0 0 0 0 0 0 0 1000 0 1000 0 0 -16.2
0 0 0 0 0 0 0 0 0 0 0 0 0 0 0 0 0 0 0 0 0 0 0 0 0 0 1000 0 1000 0 0 -17.1
0 0 0 0 0 0 0 0 0 0 0 0 0 0 0 0 0 0 0 0 0 0 0 0 0 0 1000 0 1000 0 0 -18
0 0 0 0 0 0 0 0 0 0 0 0 0 0 0 0 0 0 0 0 0 0 0 0 0 0 1000 0 1000 0 0 -18.9
0 0 0 0 0 0 0 0 0 0 0 0 0 0 0 0 0 0 0 0 0 0 0 0 0 0 1000 0 1000 0 0 -19.8
0 0 0 0 0 0 0 0 0 0 0 0 0 0 0 0 0 0 0 0 0 0 0 0 0 0 1000 0 1000 0 0 -20.7
0 0 0 0 0 0 0 0 0 0 0 0 0 0 0 0 0 0 0 0 0 0 0 0 0 0 1000 0 1000 0 0 -21.6
0 0 0 0 0 0 0 0 0 0 0 0 0 0 0 0 0 0 0 0 0 0 0 0 0 0 1000 0 1000 0 0 -22.5
0 0 0 0 0 0 0 0 0 0 0 0 0 0 0 0 0 0 0 0 0 0 0 0 0 0 1000 0 1000 0 0 -23.4
0 0 0 0 0 0 0 0 0 0 0 0 0 0 0 0 0 0 0 0 0 0 0 0 0 0 1000 0 1000 0 0 -24.3
0 0 0 0 0 0 0 0 0 0 0 0 0 0 0 0 0 0 0 0 0 0 0 0 0 0 1000 0 1000 0 0 -25.2
0 0 0 0 0 0 0 0 0 0 0 0 0 0 0 0 0 0 0 0 0 0 0 0 0 0 1000 0 1000 0 0 -26.1
0 0 0 0 0 0 0 0 0 0 0 0 0 0 0 0 0 0 0 0 0 0 0 0 0 0 1000 0 1000 0 0 -27
0 0 0 0 0 0 0 0 0 0 0 0 0 0 0 0 0 0 0 0 0 0 0 0 0 0 1000 0 1000 0 0 -27.9
0 0 0 0 0 0 0 0 0 0 0 0 0 0 0 0 0 0 0 0 0 0 0 0 0 0 1000 0 1000 0 0 -28.8
0 0 0 0 0 0 0 0 0 0 0 0 0 0 0 0 0 0 0 0 0 0 0 0 0 0 1000 0 1000 0 0 -29.7
0 0 0 0 0 0 0 0 0 0 0 0 0 0 0 0 0 0 0 0 0 0 0 0 0 0 1000 0 1000 0 0 -30.6
0 0 0 0 0 0 0 0 0 0 0 0 0 0 0 0 0 0 0 0 0 0 0 0 0 0 1000 0 1000 0 0 -31.5
0 0 0 0 0 0 0 0 0 0 0 0 0 0 0 0 0 0 0 0 0 0 0 0 0 0 1000 0 1000 0 0 -32.4
0 0 0 0 0 0 0 0 0 0 0 0 0 0 0 0 0 0 0 0 0 0 0 0 0 0 1000 0 1000 0 0 -33.3
0 0 0 0 0 0 0 0 0 0 0 0 0 0 0 0 0 0 0 0 0 0 0 0 0 0 1000 0 1000 0 0 -34.2
