50
0 0 0 0 0 0 0 0 0 0 0 0 1000 0 0 0 0 0 0 0 0 0 0 0 0 0 0 0 1000 0 0 9.9
0 0 0 0 0 0 0 0 0 0 0 0 1000 0 0 0 0 0 0 0 0 0 0 0 0 0 0 0 1000 0 0 9
0 0 0 0 0 0 0 0 0 0 0 0 1000 0 0 0 0 0 0 0 0 0 0 0 0 0 0 0 1000 0 0 8.1
0 0 0 0 0 0 0 0 0 0 0 0 1000 0 0 0 0 0 0 0 0 0 0 0 0 0 0 0 1000 0 0 7.2
0 0 0 0 0 0 0 0 0 0 0 0 1000 0 0 0 0 0 0 0 0 0 0 0 0 0 0 0 1000 0 0 6.3
0 0 0 0 0 0 0 0 0 0 0 0 999 1 0 0 0 0 0 0 0 0 0 0 0 0 0 0 1000 0 0 5.4
0 0 0 0 0 0 0 2 0 0 0 0 997 1 0 0 0 0 0 0 0 0 0 0 0 0 0 0 1000 0 0 4.5
0 0 0 0 0 0 0 2 2 0 0 0 983 12 0 0 0 1 0 0 0 0 0 0 0 0 0 0 1000 0 0 3.6
0 0 0 0 0 0 0 4 0 0 0 0 960 35 0 0 0 0 0 0 0 0 0 0 0 0 1 0 1000 0 0 2.7
0 0 0 0 0 0 0 11 6 0 0 0 930 50 0 0 0 0 1 0 0 0 0 0 0 0 2 0 1000 0 0 1.8
0 0 0 0 0 0 0 9 7 0 0 0 919 62 0 0 0 0 0 0 0 0 0 0 0 0 3 0 1000 0 0 0.9
0 0 0 0 0 0 0 15 5 0 0 0 785 69 0 0 0 0 0 0 0 0 0 0 0 0 126 0 1000 0 0 0
0 0 0 0 0 0 0 17 8 0 0 0 609 85 0 0 0 5 0 0 0 0 0 0 0 0 276 0 1000 0 0 -0.9
0 0 0 0 0 0 0 27 7 0 0 2 414 78 0 0 0 3 1 0 0 0 0 0 0 0 468 0 1000 0 0 -1.8
0 0 0 0 0 0 0 25 4 0 0 0 341 69 0 0 0 2 3 0 0 0 0 0 0 0 556 0 1000 0 0 -2.7
0 0 0 0 0 0 0 11 3 0 0 0 237 43 0 0 0 1 1 0 0 0 0 0 0 0 704 0 1000 0 0 -3.6
0 0 0 0 0 0 0 19 5 0 0 1 165 44 0 0 0 0 1 0 0 0 0 0 0 0 765 0 1000 0 0 -4.5
0 0 0 0 0 0 0 5 0 0 0 0 109 26 0 0 0 1 0 0 0 0 0 0 0 0 859 0 1000 0 0 -5.4
0 0 0 0 0 0 0 6 2 0 0 0 75 26 0 0 0 1 0 0 0 0 0 0 0 0 890 0 1000 0 0 -6.3
0 0 0 0 0 0 0 3 1 0 0 0 57 13 0 0 0 2 0 0 0 0 0 0 0 0 924 0 1000 0 0 -7.2
0 0 0 0 0 0 0 2 2 0 0 0 35 12 0 0 0 0 0 0 0 0 0 0 0 0 949 0 1000 0 0 -8.1
0 0 0 0 0 0 0 2 1 0 0 0 21 4 0 0 0 0 0 0 0 0 0 0 0 0 972 0 1000 0 0 -9
0 0 0 0 0 0 0 2 0 0 0 0 11 1 0 0 0 0 0 0 0 0 0 0 0 0 986 0 1000 0 0 -9.9
0 0 0 0 0 0 0 2 0 0 0 0 6 3 0 0 0 0 0 0 0 0 0 0 0 0 989 0 1000 0 0 -10.8
0 0 0 0 0 0 0 0 0 0 0 0 2 0 0 0 0 0 0 0 0 0 0 0 0 0 998 0 1000 0 0 -11.7
0 0 0 0 0 0 0 0 0 0 0 0 3 1 0 0 0 0 0 0 0 0 0 0 0 0 996 0 1000 0 0 -12.6
0 0 0 0 0 0 0 0 0 0 0 0 1 0 0 0 0 0 0 0 0 0 0 0 0 0 999 0 1000 0 0 -13.5
0 0 0 0 0 0 0 0 0 0 0 0 1 0 0 0 0 0 0 0 0 0 0 0 0 0 999 0 1000 0 0 -14.4
0 0 0 0 0 0 0 0 0 0 0 0 0 0 0 0 0 0 0 0 0 0 0 0 0 0 1000 0 1000 0 0 -15.3
0 0 0 0 0 0 0 0 0 0 0 0 0 0 0 0 0 0 0 0 0 0 0 0 0 0 1000 0 1000 0 0 -16.2
0 0 0 0 0 0 0 0 0 0 0 0 0 0 0 0 0 0 0 0 0 0 0 0 0 0 1000 0 1000 0 0 -17.1
0 0 0 0 0 0 0 0 0 0 0 0 0 0 0 0 0 0 0 0 0 0 0 0 0 0 1000 0 1000 0 0 -18
0 0 0 0 0 0 0 0 0 0 0 0 0 0 0 0 0 0 0 0 0 0 0 0 0 0 1000 0 1000 0 0 -18.9
0 0 0 0 0 0 0 0 0 0 0 0 0 0 0 0 0 0 0 0 0 0 0 0 0 0 1000 0 1000 0 0 -19.8
0 0 0 0 0 0 0 0 0 0 0 0 1 0 0 0 0 0 0 0 0 0 0 0 0 0 999 0 1000 0 0 -20.7
0 0 0 0 0 0 0 0 0 0 0 0 0 0 0 0 0 0 0 0 0 0 0 0 0 0 1000 0 1000 0 0 -21.6
0 0 0 0 0 0 0 0 0 0 0 0 0 0 0 0 0 0 0 0 0 0 0 0 0 0 1000 0 1000 0 0 -22.5
0 0 0 0 0 0 0 0 0 0 0 0 0 0 0 0 0 0 0 0 0 0 0 0 0 0 1000 0 1000 0 0 -23.4
0 0 0 0 0 0 0 0 0 0 0 0 0 0 0 0 0 0 0 0 0 0 0 0 0 0 1000 0 1000 0 0 -24.3
0 0 0 0 0 0 0 0 0 0 0 0 0 0 0 0 0 0 0 0 0 0 0 0 0 0 1000 0 1000 0 0 -25.2
0 0 0 0 0 0 0 0 0 0 0 0 0 0 0 0 0 0 0 0 0 0 0 0 0 0 1000 0 1000 0 0 -26.1
0 0 0 0 0 0 0 0 0 0 0 0 0 0 0 0 0 0 0 0 0 0 0 0 0 0 1000 0 1000 0 0 -27
0 0 0 0 0 0 0 0 0 0 0 0 0 0 0 0 0 0 0 0 0 0 0 0 0 0 1000 0 1000 0 0 -27.9
0 0 0 0 0 0 0 0 0 0 0 0 0 0 0 0 0 0 0 0 0 0 0 0 0 0 1000 0 1000 0 0 -28.8
0 0 0 0 0 0 0 0 0 0 0 0 0 0 0 0 0 0 0 0 0 0 0 0 0 0 1000 0 1000 0 0 -29.7
0 0 0 0 0 0 0 0 0 0 0 0 0 0 0 0 0 0 0 0 0 0 0 0 0 0 1000 0 1000 0 0 -30.6
0 0 0 0 0 0 0 0 0 0 0 0 0 0 0 0 0 0 0 0 0 0 0 0 0 0 1000 0 1000 0 0 -31.5
0 0 0 0 0 0 0 0 0 0 0 0 0 0 0 0 0 0 0 0 0 0 0 0 0 0 1000 0 1000 0 0 -32.4
0 0 0 0 0 0 0 0 0 0 0 0 0 0 0 0 0 0 0 0 0 0 0 0 0 0 1000 0 1000 0 0 -33.3
0 0 0 0 0 0 0 0 0 0 0 0 0 0 0 0 0 0 0 0 0 0 0 0 0 0 1000 0 1000 0 0 -34.2
