50
0 0 0 0 0 0 0 3 0 0 0 0 989 0 0 0 0 0 0 0 0 0 0 0 0 0 8 0 1000 0 0 9.9
0 0 0 0 0 0 0 23 1 0 0 0 971 0 0 0 0 0 0 0 0 0 0 0 0 0 5 0 1000 0 0 9
0 0 0 0 0 0 0 0 0 0 0 0 1000 0 0 0 0 0 0 0 0 0 0 0 0 0 0 0 1000 0 0 8.1
0 0 0 0 0 0 0 5 0 0 0 0 995 0 0 0 0 0 0 0 0 0 0 0 0 0 0 0 1000 0 0 7.2
0 0 0 0 0 0 0 31 3 0 0 0 965 0 0 0 0 0 0 0 0 0 0 0 0 0 1 0 1000 0 0 6.3
0 0 0 0 0 0 0 66 3 0 0 0 928 2 0 0 0 0 0 0 0 0 0 0 0 0 1 0 1000 0 0 5.4
0 0 0 0 0 0 0 131 3 0 0 0 848 9 0 0 0 0 0 0 0 0 0 0 0 0 9 0 1000 0 0 4.5
0 0 0 0 0 0 0 200 10 0 0 0 770 14 0 0 0 0 0 0 0 0 0 0 0 0 6 0 1000 0 0 3.6
0 0 0 0 0 0 1 225 16 0 0 5 723 22 0 0 0 0 0 0 0 0 0 0 0 0 8 0 1000 0 0 2.7
0 0 0 0 0 0 0 215 15 0 0 0 740 20 0 0 0 0 0 0 0 0 0 0 0 0 10 0 1000 0 0 1.8
0 0 0 0 0 0 0 245 16 0 0 0 692 23 0 0 0 0 0 0 0 0 0 0 0 0 24 0 1000 0 0 0.9
0 0 0 0 0 0 0 209 13 0 0 0 620 31 0 0 0 0 0 0 0 0 0 0 0 0 127 0 1000 0 0 0
0 0 0 0 0 0 1 179 18 0 0 2 458 31 0 0 0 0 0 0 0 0 0 0 0 0 311 0 1000 0 0 -0.9
0 0 0 0 0 0 2 186 21 0 0 1 320 34 0 0 0 0 0 0 0 0 0 0 0 0 436 0 1000 0 0 -1.8
0 0 0 0 0 0 1 120 10 0 0 1 261 21 0 0 0 0 0 0 0 0 0 0 0 0 586 0 1000 0 0 -2.7
0 0 0 0 0 0 2 91 11 0 0 1 176 24 0 0 0 1 0 0 0 0 0 0 0 0 694 0 1000 0 0 -3.6
0 0 0 0 0 0 0 58 13 0 0 2 130 22 0 0 0 0 0 0 0 0 0 0 0 0 775 0 1000 0 0 -4.5
0 0 0 0 0 0 0 54 5 0 0 0 97 8 0 0 0 0 0 0 0 0 0 0 0 0 836 0 1000 0 0 -5.4
0 0 0 0 0 0 0 37 7 0 0 0 59 6 0 0 0 0 0 0 0 0 0 0 0 0 891 0 1000 0 0 -6.3
0 0 0 0 0 0 0 21 0 0 0 2 46 8 0 0 0 0 0 0 0 0 0 0 0 0 923 0 1000 0 0 -7.2
0 0 0 0 0 0 0 11 1 0 0 0 29 2 0 0 0 0 0 0 0 0 0 0 0 0 957 0 1000 0 0 -8.1
0 0 0 0 0 0 0 3 1 0 0 0 15 1 0 0 0 0 0 0 0 0 0 0 0 0 980 0 1000 0 0 -9
0 0 0 0 0 0 0 6 0 0 0 0 7 0 0 0 0 0 0 0 0 0 0 0 0 0 987 0 1000 0 0 -9.9
0 0 0 0 0 0 0 4 0 0 0 0 4 2 0 0 0 0 0 0 0 0 0 0 0 0 990 0 1000 0 0 -10.8
0 0 0 0 0 0 0 1 0 0 0 0 1 0 0 0 0 0 0 0 0 0 0 0 0 0 998 0 1000 0 0 -11.7
0 0 0 0 0 0 0 2 0 0 0 0 1 0 0 0 0 0 0 0 0 0 0 0 0 0 997 0 1000 0 0 -12.6
0 0 0 0 0 0 0 0 0 0 0 0 0 1 0 0 0 0 0 0 0 0 0 0 0 0 999 0 1000 0 0 -13.5
0 0 0 0 0 0 0 0 0 0 0 0 0 0 0 0 0 0 0 0 0 0 0 0 0 0 1000 0 1000 0 0 -14.4
0 0 0 0 0 0 0 1 0 0 0 0 0 0 0 0 0 0 0 0 0 0 0 0 0 0 999 0 1000 0 0 -15.3
0 0 0 0 0 0 0 0 0 0 0 0 0 0 0 0 0 0 0 0 0 0 0 0 0 0 1000 0 1000 0 0 -16.2
0 0 0 0 0 0 0 0 0 0 0 0 0 0 0 0 0 0 0 0 0 0 0 0 0 0 1000 0 1000 0 0 -17.1
0 0 0 0 0 0 0 0 0 0 0 0 0 0 0 0 0 0 0 0 0 0 0 0 0 0 1000 0 1000 0 0 -18
0 0 0 0 0 0 0 0 0 0 0 0 0 0 0 0 0 0 0 0 0 0 0 0 0 0 1000 0 1000 0 0 -18.9
0 0 0 0 0 0 0 0 0 0 0 0 0 0 0 0 0 0 0 0 0 0 0 0 0 0 1000 0 1000 0 0 -19.8
0 0 0 0 0 0 0 0 0 0 0 0 0 0 0 0 0 0 0 0 0 0 0 0 0 0 1000 0 1000 0 0 -20.7
0 0 0 0 0 0 0 0 0 0 0 0 0 0 0 0 0 0 0 0 0 0 0 0 0 0 1000 0 1000 0 0 -21.6
0 0 0 0 0 0 0 0 0 0 0 0 0 0 0 0 0 0 0 0 0 0 0 0 0 0 1000 0 1000 0 0 -22.5
0 0 0 0 0 0 0 0 0 0 0 0 0 0 0 0 0 0 0 0 0 0 0 0 0 0 1000 0 1000 0 0 -23.4
0 0 0 0 0 0 0 0 0 0 0 0 0 0 0 0 0 0 0 0 0 0 0 0 0 0 1000 0 1000 0 0 -24.3
0 0 0 0 0 0 0 0 0 0 0 0 0 0 0 0 0 0 0 0 0 0 0 0 0 0 1000 0 1000 0 0 -25.2
0 0 0 0 0 0 0 0 0 0 0 0 0 0 0 0 0 0 0 0 0 0 0 0 0 0 1000 0 1000 0 0 -26.1
0 0 0 0 0 0 0 0 0 0 0 0 0 0 0 0 0 0 0 0 0 0 0 0 0 0 1000 0 1000 0 0 -27
0 0 0 0 0 0 0 0 0 0 0 0 0 0 0 0 0 0 0 0 0 0 0 0 0 0 1000 0 1000 0 0 -27.9
0 0 0 0 0 0 0 0 0 0 0 0 0 0 0 0 0 0 0 0 0 0 0 0 0 0 1000 0 1000 0 0 -28.8
0 0 0 0 0 0 0 0 0 0 0 0 0 0 0 0 0 0 0 0 0 0 0 0 0 0 1000 0 1000 0 0 -29.7
0 0 0 0 0 0 0 0 0 0 0 0 0 0 0 0 0 0 0 0 0 0 0 0 0 0 1000 0 1000 0 0 -30.6
0 0 0 0 0 0 0 0 0 0 0 0 0 0 0 0 0 0 0 0 0 0 0 0 0 0 1000 0 1000 0 0 -31.5
0 0 0 0 0 0 0 0 0 0 0 0 0 0 0 0 0 0 0 0 0 0 0 0 0 0 1000 0 1000 0 0 -32.4
0 0 0 0 0 0 0 0 0 0 0 0 0 0 0 0 0 0 0 0 0 0 0 0 0 0 1000 0 1000 0 0 -33.3
0 0 0 0 0 0 0 0 0 0 0 0 0 0 0 0 0 0 0 0 0 0 0 0 0 0 1000 0 1000 0 0 -34.2
