50
0 0 0 0 0 0 0 37 6 0 0 0 33 16 0 0 0 0 0 0 0 0 0 0 0 0 908 0 1000 0 0 9.9
0 0 0 0 0 0 0 266 160 0 0 0 305 156 0 0 0 0 0 0 0 0 0 0 0 0 113 0 1000 0 0 9
0 0 0 0 0 0 0 313 183 0 0 0 326 168 0 0 0 0 0 0 0 0 0 0 0 0 10 0 1000 0 0 8.1
0 0 0 0 0 0 0 287 200 0 0 0 312 188 0 0 0 0 0 0 0 0 0 0 0 0 13 0 1000 0 0 7.2
0 0 0 0 0 0 0 312 167 0 0 0 295 209 0 0 0 0 0 0 0 0 0 0 0 0 17 0 1000 0 0 6.3
0 0 0 0 0 0 0 287 196 0 0 0 314 182 0 0 0 0 0 0 0 0 0 0 0 0 21 0 1000 0 0 5.4
0 0 0 0 0 0 0 300 181 0 0 0 275 214 0 0 0 0 0 0 0 0 0 0 0 0 30 0 1000 0 0 4.5
0 0 0 0 0 0 0 280 222 0 0 0 272 192 0 0 0 0 0 0 0 0 0 0 0 0 34 0 1000 0 0 3.6
0 0 0 0 0 0 0 305 196 0 0 0 268 205 0 0 0 0 0 0 0 0 0 0 0 0 26 0 1000 0 0 2.7
0 0 0 0 0 0 0 281 204 0 0 0 263 209 0 0 0 0 0 0 0 0 0 0 0 0 43 0 1000 0 0 1.8
0 0 0 0 0 0 0 290 211 0 0 0 252 197 0 0 0 0 0 0 0 0 0 0 0 0 50 0 1000 0 0 0.9
0 0 0 0 0 0 0 238 164 0 0 0 267 180 0 0 0 0 0 0 0 0 0 0 0 0 151 0 1000 0 0 0
0 0 0 0 0 0 0 183 172 0 0 0 194 142 0 0 0 0 0 0 0 0 0 0 0 0 309 0 1000 0 0 -0.9
0 0 0 0 0 0 0 162 116 0 0 0 130 118 0 0 0 0 0 0 0 0 0 0 0 0 474 0 1000 0 0 -1.8
0 0 0 0 0 0 0 106 101 0 0 0 114 100 0 0 0 0 0 0 0 0 0 0 0 0 579 0 1000 0 0 -2.7
0 0 0 0 0 0 0 78 73 0 0 0 78 71 0 0 0 0 0 0 0 0 0 0 0 0 700 0 1000 0 0 -3.6
0 0 0 0 0 0 0 59 51 0 0 0 60 39 0 0 0 0 0 0 0 0 0 0 0 0 791 0 1000 0 0 -4.5
0 0 0 0 0 0 0 40 32 0 0 0 46 47 0 0 0 0 0 0 0 0 0 0 0 0 835 0 1000 0 0 -5.4
0 0 0 0 0 0 0 22 34 0 0 0 22 17 0 0 0 0 0 0 0 0 0 0 0 0 905 0 1000 0 0 -6.3
0 0 0 0 0 0 0 18 13 0 0 0 11 24 0 0 0 0 0 0 0 0 0 0 0 0 934 0 1000 0 0 -7.2
0 0 0 0 0 0 0 6 10 0 0 0 16 12 0 0 0 0 0 0 0 0 0 0 0 0 956 0 1000 0 0 -8.1
0 0 0 1 0 0 0 9 5 0 0 0 6 7 0 0 0 0 0 0 0 0 0 0 0 0 972 0 1000 0 0 -9
0 0 0 0 0 0 0 6 5 0 0 0 6 3 0 0 0 0 0 0 0 0 0 0 0 0 980 0 1000 0 0 -9.9
0 0 0 0 0 0 0 1 3 0 0 0 6 2 0 0 0 0 0 0 0 0 0 0 0 0 988 0 1000 0 0 -10.8
0 0 0 0 0 0 0 1 0 0 0 0 2 0 0 0 0 0 0 0 0 0 0 0 0 0 997 0 1000 0 0 -11.7
0 0 0 0 0 0 0 0 1 0 0 0 2 0 0 0 0 0 0 0 0 0 0 0 0 0 997 0 1000 0 0 -12.6
0 0 0 0 0 0 0 0 0 0 0 0 0 0 0 0 0 0 0 0 0 0 0 0 0 0 1000 0 1000 0 0 -13.5
0 0 0 0 0 0 0 1 0 0 0 0 1 0 0 0 0 0 0 0 0 0 0 0 0 0 998 0 1000 0 0 -14.4
0 0 0 0 0 0 0 0 0 0 0 0 0 0 0 0 0 0 0 0 0 0 0 0 0 0 1000 0 1000 0 0 -15.3
0 0 0 0 0 0 0 0 0 0 0 0 0 0 0 0 0 0 0 0 0 0 0 0 0 0 1000 0 1000 0 0 -16.2
0 0 0 0 0 0 0 0 0 0 0 0 0 0 0 0 0 0 0 0 0 0 0 0 0 0 1000 0 1000 0 0 -17.1
0 0 0 0 0 0 0 0 0 0 0 0 0 0 0 0 0 0 0 0 0 0 0 0 0 0 1000 0 1000 0 0 -18
0 0 0 0 0 0 0 0 0 0 0 0 0 0 0 0 0 0 0 0 0 0 0 0 0 0 1000 0 1000 0 0 -18.9
0 0 0 0 0 0 0 0 0 0 0 0 0 0 0 0 0 0 0 0 0 0 0 0 0 0 1000 0 1000 0 0 -19.8
0 0 0 0 0 0 0 1 0 0 0 0 0 0 0 0 0 0 0 0 0 0 0 0 0 0 999 0 1000 0 0 -20.7
0 0 0 0 0 0 0 0 0 0 0 0 0 0 0 0 0 0 0 0 0 0 0 0 0 0 1000 0 1000 0 0 -21.6
0 0 0 0 0 0 0 0 0 0 0 0 0 0 0 0 0 0 0 0 0 0 0 0 0 0 1000 0 1000 0 0 -22.5
0 0 0 0 0 0 0 0 0 0 0 0 0 0 0 0 0 0 0 0 0 0 0 0 0 0 1000 0 1000 0 0 -23.4
0 0 0 0 0 0 0 0 0 0 0 0 0 0 0 0 0 0 0 0 0 0 0 0 0 0 1000 0 1000 0 0 -24.3
0 0 0 0 0 0 0 0 0 0 0 0 0 0 0 0 0 0 0 0 0 0 0 0 0 0 1000 0 1000 0 0 -25.2
0 0 0 0 0 0 0 0 0 0 0 0 0 0 0 0 0 0 0 0 0 0 0 0 0 0 1000 0 1000 0 0 -26.1
0 0 0 0 0 0 0 0 0 0 0 0 0 0 0 0 0 0 0 0 0 0 0 0 0 0 1000 0 1000 0 0 -27
0 0 0 0 0 0 0 0 0 0 0 0 0 0 0 0 0 0 0 0 0 0 0 0 0 0 1000 0 1000 0 0 -27.9
0 0 0 0 0 0 0 0 0 0 0 0 0 0 0 0 0 0 0 0 0 0 0 0 0 0 1000 0 1000 0 0 -28.8
0 0 0 0 0 0 0 0 0 0 0 0 0 0 0 0 0 0 0 0 0 0 0 0 0 0 1000 0 1000 0 0 -29.7
0 0 0 0 0 0 0 0 0 0 0 0 0 0 0 0 0 0 0 0 0 0 0 0 0 0 1000 0 1000 0 0 -30.6
0 0 0 0 0 0 0 0 0 0 0 0 0 0 0 0 0 0 0 0 0 0 0 0 0 0 1000 0 1000 0 0 -31.5
0 0 0 0 0 0 0 0 0 0 0 0 0 0 0 0 0 0 0 0 0 0 0 0 0 0 1000 0 1000 0 0 -32.4
0 0 0 0 0 0 0 0 0 0 0 0 0 0 0 0 0 0 0 0 0 0 0 0 0 0 1000 0 1000 0 0 -33.3
0 0 0 0 0 0 0 0 0 0 0 0 0 0 0 0 0 0 0 0 0 0 0 0 0 0 1000 0 1000 0 0 -34.2
