50
0 0 0 0 0 0 0 0 0 0 0 0 72 74 0 0 0 0 0 0 0 0 0 0 0 0 854 0 1000 0 0 9.9
0 0 0 0 0 0 0 2 0 0 0 0 438 478 0 0 0 0 0 0 0 0 0 0 0 0 82 0 1000 0 0 9
0 0 0 0 0 0 0 1 2 0 0 0 485 512 0 0 0 0 0 0 0 0 0 0 0 0 0 0 1000 0 0 8.1
0 0 0 0 0 0 0 3 1 0 0 0 507 487 0 0 0 0 0 0 0 0 0 0 0 0 2 0 1000 0 0 7.2
0 0 0 0 0 0 0 4 8 0 0 0 499 486 0 0 0 1 0 0 0 0 0 0 0 0 2 0 1000 0 0 6.3
0 0 0 0 0 0 0 11 3 0 0 0 503 481 0 0 0 0 0 0 0 0 0 0 0 0 2 0 1000 0 0 5.4
0 0 0 0 0 0 0 12 8 0 0 0 503 466 0 0 0 0 0 0 0 0 0 0 0 0 11 0 1000 0 0 4.5
0 0 0 0 0 0 0 12 14 0 0 0 500 465 0 0 0 0 0 0 0 0 0 0 0 0 9 0 1000 0 0 3.6
0 0 0 0 0 0 0 20 19 0 0 0 466 483 0 0 0 0 0 0 0 0 0 0 0 0 12 0 1000 0 0 2.7
0 0 0 0 0 0 0 26 27 0 0 0 460 473 0 0 0 0 1 0 0 0 0 0 0 0 13 0 1000 0 0 1.8
0 0 0 0 0 0 0 28 17 0 0 0 470 463 0 0 0 1 0 0 0 0 0 0 0 0 21 0 1000 0 0 0.9
0 0 0 0 0 0 0 31 29 0 0 0 393 393 0 0 0 1 0 0 0 0 0 0 0 0 153 0 1000 0 0 0
0 0 0 0 0 0 0 24 26 0 0 0 325 311 0 0 0 2 0 0 0 0 0 0 0 0 312 0 1000 0 0 -0.9
0 0 0 0 0 0 0 21 27 0 0 0 239 245 0 0 0 2 0 0 0 0 0 0 0 0 466 0 1000 0 0 -1.8
0 0 0 0 0 0 0 16 23 0 0 0 208 186 0 0 0 0 0 0 0 0 0 0 0 0 567 0 1000 0 0 -2.7
0 0 0 0 0 0 0 12 13 0 0 0 130 135 0 0 0 1 1 0 0 0 0 0 0 0 708 0 1000 0 0 -3.6
0 0 0 0 0 0 0 7 9 0 0 0 109 100 0 0 0 1 0 0 0 0 0 0 0 0 774 0 1000 0 0 -4.5
0 0 0 0 0 0 0 6 8 0 0 0 57 63 0 0 0 0 1 0 0 0 0 0 0 0 865 0 1000 0 0 -5.4
0 0 0 0 0 0 0 2 4 0 0 0 40 47 0 0 0 2 0 0 0 0 0 0 0 0 905 0 1000 0 0 -6.3
0 0 0 0 0 0 0 3 1 0 0 0 31 33 0 0 0 0 1 0 0 0 0 0 0 0 931 0 1000 0 0 -7.2
0 0 0 0 0 0 0 4 2 0 0 0 19 30 0 0 0 0 0 0 0 0 0 0 0 0 945 0 1000 0 0 -8.1
0 0 0 0 0 0 0 0 2 0 0 0 15 11 0 0 0 0 1 0 0 0 0 0 0 0 971 0 1000 0 0 -9
0 0 0 0 0 0 0 1 2 0 0 0 9 8 0 0 0 0 0 0 0 0 0 0 0 0 980 0 1000 0 0 -9.9
0 0 0 0 0 0 0 1 1 0 0 0 6 1 0 0 0 0 0 0 0 0 0 0 0 0 991 0 1000 0 0 -10.8
0 0 0 0 0 0 0 0 1 0 0 0 3 4 0 0 0 0 0 0 0 0 0 0 0 0 992 0 1000 0 0 -11.7
0 0 0 0 0 0 0 0 0 0 0 0 0 4 0 0 0 0 0 0 0 0 0 0 0 0 996 0 1000 0 0 -12.6
0 0 0 0 0 0 0 0 0 0 0 0 0 0 0 0 0 0 1 0 0 0 0 0 0 0 999 0 1000 0 0 -13.5
0 0 0 0 0 0 0 0 0 0 0 0 0 0 0 0 0 0 0 0 0 0 0 0 0 0 1000 0 1000 0 0 -14.4
0 0 0 0 0 0 0 0 0 0 0 0 0 1 0 0 0 0 0 0 0 0 0 0 0 0 999 0 1000 0 0 -15.3
0 0 0 0 0 0 0 0 0 0 0 0 0 0 0 0 0 0 0 0 0 0 0 0 0 0 1000 0 1000 0 0 -16.2
0 0 0 0 0 0 0 0 0 0 0 0 0 0 0 0 0 0 0 0 0 0 0 0 0 0 1000 0 1000 0 0 -17.1
0 0 0 0 0 0 0 0 0 0 0 0 0 0 0 0 0 0 0 0 0 0 0 0 0 0 1000 0 1000 0 0 -18
0 0 0 0 0 0 0 0 0 0 0 0 0 0 0 0 0 0 0 0 0 0 0 0 0 0 1000 0 1000 0 0 -18.9
0 0 0 0 0 0 0 0 0 0 0 0 0 0 0 0 0 0 0 0 0 0 0 0 0 0 1000 0 1000 0 0 -19.8
0 0 0 0 0 0 0 0 0 0 0 0 0 0 0 0 0 0 0 0 0 0 0 0 0 0 1000 0 1000 0 0 -20.7
0 0 0 0 0 0 0 0 0 0 0 0 0 0 0 0 0 0 0 0 0 0 0 0 0 0 1000 0 1000 0 0 -21.6
0 0 0 0 0 0 0 0 0 0 0 0 0 0 0 0 0 0 0 0 0 0 0 0 0 0 1000 0 1000 0 0 -22.5
0 0 0 0 0 0 0 0 0 0 0 0 0 0 0 0 0 0 0 0 0 0 0 0 0 0 1000 0 1000 0 0 -23.4
0 0 0 0 0 0 0 0 0 0 0 0 0 0 0 0 0 0 0 0 0 0 0 0 0 0 1000 0 1000 0 0 -24.3
0 0 0 0 0 0 0 0 0 0 0 0 0 0 0 0 0 0 0 0 0 0 0 0 0 0 1000 0 1000 0 0 -25.2
0 0 0 0 0 0 0 0 0 0 0 0 0 0 0 0 0 0 0 0 0 0 0 0 0 0 1000 0 1000 0 0 -26.1
0 0 0 0 0 0 0 0 0 0 0 0 0 0 0 0 0 0 0 0 0 0 0 0 0 0 1000 0 1000 0 0 -27
0 0 0 0 0 0 0 0 0 0 0 0 0 0 0 0 0 0 0 0 0 0 0 0 0 0 1000 0 1000 0 0 -27.9
0 0 0 0 0 0 0 0 0 0 0 0 0 0 0 0 0 0 0 0 0 0 0 0 0 0 1000 0 1000 0 0 -28.8
0 0 0 0 0 0 0 0 0 0 0 0 0 0 0 0 0 0 0 0 0 0 0 0 0 0 1000 0 1000 0 0 -29.7
0 0 0 0 0 0 0 0 0 0 0 0 0 0 0 0 0 0 0 0 0 0 0 0 0 0 1000 0 1000 0 0 -30.6
0 0 0 0 0 0 0 0 0 0 0 0 0 0 0 0 0 0 0 0 0 0 0 0 0 0 1000 0 1000 0 0 -31.5
0 0 0 0 0 0 0 0 0 0 0 0 0 0 0 0 0 0 0 0 0 0 0 0 0 0 1000 0 1000 0 0 -32.4
0 0 0 0 0 0 0 0 0 0 0 0 0 0 0 0 0 0 0 0 0 0 0 0 0 0 1000 0 1000 0 0 -33.3
0 0 0 0 0 0 0 0 0 0 0 0 0 0 0 0 0 0 0 0 0 0 0 0 0 0 1000 0 1000 0 0 -34.2
