50
0 0 0 0 0 0 0 0 0 0 0 0 999 1 0 0 0 0 0 0 0 0 0 0 0 0 0 0 1000 0 0 9.9
0 0 0 0 0 0 0 0 0 0 0 0 991 5 0 0 0 0 0 0 0 0 0 0 0 0 4 0 1000 0 0 9
0 0 0 0 0 0 0 0 0 0 0 0 1000 0 0 0 0 0 0 0 0 0 0 0 0 0 0 0 1000 0 0 8.1
0 0 0 0 0 0 0 0 0 0 0 0 1000 0 0 0 0 0 0 0 0 0 0 0 0 0 0 0 1000 0 0 7.2
0 0 0 0 0 0 0 0 0 0 0 0 998 2 0 0 0 0 0 0 0 0 0 0 0 0 0 0 1000 0 0 6.3
0 0 0 0 0 0 0 0 0 0 0 0 986 14 0 0 0 0 0 0 0 0 0 0 0 0 0 0 1000 0 0 5.4
0 0 0 0 0 0 0 0 0 0 0 0 955 45 0 0 0 0 0 0 0 0 0 0 0 0 0 0 1000 0 0 4.5
0 0 0 0 0 0 0 0 2 0 0 0 901 94 0 0 0 1 1 0 0 0 0 0 0 0 1 0 1000 0 0 3.6
0 0 0 0 0 0 0 2 1 0 0 0 855 134 0 0 0 4 1 0 0 0 0 0 0 0 3 0 1000 0 0 2.7
0 0 0 0 0 0 0 2 1 0 0 0 803 184 0 0 0 2 1 0 0 0 0 0 0 0 7 0 1000 0 0 1.8
0 0 0 0 0 0 0 5 2 0 0 0 806 170 0 0 0 0 1 0 0 0 0 0 0 0 16 0 1000 0 0 0.9
0 0 0 0 0 0 0 3 3 0 0 0 669 193 0 0 0 3 2 0 0 0 0 0 0 0 127 0 1000 0 0 0
0 0 0 0 0 0 0 7 2 0 0 0 541 172 0 0 0 11 4 0 0 0 0 0 0 0 263 0 1000 0 0 -0.9
0 0 0 0 0 0 0 7 3 0 0 0 400 145 0 0 0 5 2 0 0 0 0 0 0 0 438 0 1000 0 0 -1.8
0 0 0 0 0 0 0 10 4 0 0 0 277 119 0 0 0 3 2 0 0 0 0 0 0 0 585 0 1000 0 0 -2.7
0 0 0 0 0 0 0 1 1 0 0 0 232 82 0 0 0 8 7 0 0 0 0 0 0 0 669 0 1000 0 0 -3.6
0 0 0 0 0 0 0 8 1 0 0 0 140 61 0 0 0 3 3 0 0 0 0 0 0 0 784 0 1000 0 0 -4.5
0 0 0 0 0 0 0 2 7 0 0 0 108 40 0 0 0 3 1 0 0 0 0 0 0 0 839 0 1000 0 0 -5.4
0 0 0 0 0 0 0 0 0 0 0 0 67 32 0 0 0 1 2 0 0 0 0 0 0 0 898 0 1000 0 0 -6.3
0 0 0 0 0 0 0 0 0 0 0 0 38 20 0 0 0 1 3 0 0 0 0 0 0 0 938 0 1000 0 0 -7.2
0 0 0 0 0 0 0 2 0 0 0 0 18 14 0 0 0 2 2 0 0 0 0 0 0 0 962 0 1000 0 0 -8.1
0 0 0 0 0 0 0 1 0 0 0 0 25 3 0 0 0 1 0 0 0 0 0 0 0 0 970 0 1000 0 0 -9
0 0 0 0 0 0 0 1 0 0 0 0 11 6 0 0 0 0 0 0 0 0 0 0 0 0 982 0 1000 0 0 -9.9
0 0 0 0 0 0 0 0 0 0 0 0 7 2 0 0 0 0 0 0 0 0 0 0 0 0 991 0 1000 0 0 -10.8
0 0 0 0 0 0 0 0 0 0 0 0 1 1 0 0 0 0 0 0 0 0 0 0 0 0 998 0 1000 0 0 -11.7
0 0 0 0 0 0 0 0 0 0 0 0 1 0 0 0 0 0 0 0 0 0 0 0 0 0 999 0 1000 0 0 -12.6
0 0 0 0 0 0 0 0 0 0 0 0 1 0 0 0 0 0 0 0 0 0 0 0 0 0 999 0 1000 0 0 -13.5
0 0 0 0 0 0 0 0 0 0 0 0 0 1 0 0 0 0 0 0 0 0 0 0 0 0 999 0 1000 0 0 -14.4
0 0 0 0 0 0 0 0 0 0 0 0 0 0 0 0 0 0 0 0 0 0 0 0 0 0 1000 0 1000 0 0 -15.3
0 0 0 0 0 0 0 0 0 0 0 0 1 0 0 0 0 0 0 0 0 0 0 0 0 0 999 0 1000 0 0 -16.2
0 0 0 0 0 0 0 0 0 0 0 0 1 0 0 0 0 0 0 0 0 0 0 0 0 0 999 0 1000 0 0 -17.1
0 0 0 0 0 0 0 0 0 0 0 0 0 0 0 0 0 0 0 0 0 0 0 0 0 0 1000 0 1000 0 0 -18
0 0 0 0 0 0 0 0 0 0 0 0 0 0 0 0 0 0 0 0 0 0 0 0 0 0 1000 0 1000 0 0 -18.9
0 0 0 0 0 0 0 0 0 0 0 0 0 0 0 0 0 0 0 0 0 0 0 0 0 0 1000 0 1000 0 0 -19.8
0 0 0 0 0 0 0 0 0 0 0 0 0 0 0 0 0 0 0 0 0 0 0 0 0 0 1000 0 1000 0 0 -20.7
0 0 0 0 0 0 0 0 0 0 0 0 0 0 0 0 0 0 0 0 0 0 0 0 0 0 1000 0 1000 0 0 -21.6
0 0 0 0 0 0 0 0 0 0 0 0 0 0 0 0 0 0 0 0 0 0 0 0 0 0 1000 0 1000 0 0 -22.5
0 0 0 0 0 0 0 0 0 0 0 0 0 0 0 0 0 0 0 0 0 0 0 0 0 0 1000 0 1000 0 0 -23.4
0 0 0 0 0 0 0 0 0 0 0 0 0 0 0 0 0 0 0 0 0 0 0 0 0 0 1000 0 1000 0 0 -24.3
0 0 0 0 0 0 0 0 0 0 0 0 0 0 0 0 0 0 0 0 0 0 0 0 0 0 1000 0 1000 0 0 -25.2
0 0 0 0 0 0 0 0 0 0 0 0 0 0 0 0 0 0 0 0 0 0 0 0 0 0 1000 0 1000 0 0 -26.1
0 0 0 0 0 0 0 0 0 0 0 0 0 0 0 0 0 0 0 0 0 0 0 0 0 0 1000 0 1000 0 0 -27
0 0 0 0 0 0 0 0 0 0 0 0 0 0 0 0 0 0 0 0 0 0 0 0 0 0 1000 0 1000 0 0 -27.9
0 0 0 0 0 0 0 0 0 0 0 0 0 0 0 0 0 0 0 0 0 0 0 0 0 0 1000 0 1000 0 0 -28.8
0 0 0 0 0 0 0 0 0 0 0 0 0 0 0 0 0 0 0 0 0 0 0 0 0 0 1000 0 1000 0 0 -29.7
0 0 0 0 0 0 0 0 0 0 0 0 0 0 0 0 0 0 0 0 0 0 0 0 0 0 1000 0 1000 0 0 -30.6
0 0 0 0 0 0 0 0 0 0 0 0 0 0 0 0 0 0 0 0 0 0 0 0 0 0 1000 0 1000 0 0 -31.5
0 0 0 0 0 0 0 0 0 0 0 0 0 0 0 0 0 0 0 0 0 0 0 0 0 0 1000 0 1000 0 0 -32.4
0 0 0 0 0 0 0 0 0 0 0 0 0 0 0 0 0 0 0 0 0 0 0 0 0 0 1000 0 1000 0 0 -33.3
0 0 0 0 0 0 0 0 0 0 0 0 0 0 0 0 0 0 0 0 0 0 0 0 0 0 1000 0 1000 0 0 -34.2
