50
0 0 0 0 0 0 0 0 0 0 0 0 502 17 0 0 0 0 0 0 0 0 0 0 0 0 481 0 1000 0 0 9.9
0 0 0 0 0 0 0 2 2 0 0 0 710 220 0 0 0 0 0 0 0 0 0 0 0 0 66 0 1000 0 0 9
0 0 0 0 0 0 0 4 3 0 0 0 815 178 0 0 0 0 0 0 0 0 0 0 0 0 0 0 1000 0 0 8.1
0 0 0 0 0 0 0 5 2 0 0 0 821 169 0 0 0 0 0 0 0 0 0 0 0 0 3 0 1000 0 0 7.2
0 0 0 0 0 0 0 8 5 0 0 0 701 283 0 0 0 0 0 0 0 0 0 0 0 0 3 0 1000 0 0 6.3
0 0 0 0 0 0 0 9 17 0 0 0 662 306 0 0 0 0 0 0 0 0 0 0 0 0 6 0 1000 0 0 5.4
0 0 0 0 0 0 0 25 26 0 0 0 588 348 0 0 0 0 1 0 0 0 0 0 0 0 12 0 1000 0 0 4.5
0 0 0 0 0 0 0 36 25 0 0 0 555 375 0 0 0 0 0 0 0 0 0 0 0 0 9 0 1000 0 0 3.6
0 0 0 0 0 0 0 39 27 0 0 0 545 374 0 0 0 0 0 0 0 0 0 0 0 0 15 0 1000 0 0 2.7
0 0 0 0 0 0 0 47 42 0 0 0 524 369 0 0 0 0 0 0 0 0 0 0 0 0 18 0 1000 0 0 1.8
0 0 0 0 0 0 0 49 36 0 0 0 515 373 0 0 0 0 1 0 0 0 0 0 0 0 26 0 1000 0 0 0.9
0 0 0 0 0 0 0 36 36 0 0 0 431 360 0 0 0 0 1 0 0 0 0 0 0 0 136 0 1000 0 0 0
0 0 0 0 0 0 0 37 32 0 0 0 375 280 0 0 0 0 1 0 0 0 0 0 0 0 275 0 1000 0 0 -0.9
0 0 0 0 0 0 0 43 27 0 0 0 265 209 0 0 0 1 1 0 0 0 0 0 0 0 454 0 1000 0 0 -1.8
0 0 0 0 0 0 0 34 27 0 0 0 204 154 0 0 0 0 2 0 0 0 0 0 0 0 579 0 1000 0 0 -2.7
0 0 0 0 0 0 0 34 23 0 0 0 142 126 0 0 0 0 1 0 0 0 0 0 0 0 674 0 1000 0 0 -3.6
0 0 0 0 0 0 0 20 19 0 0 0 107 84 0 0 0 1 0 0 0 0 0 0 0 0 769 0 1000 0 0 -4.5
0 0 0 0 0 0 0 14 9 0 0 0 70 56 0 0 0 0 0 0 0 0 0 0 0 0 851 0 1000 0 0 -5.4
0 0 0 0 0 0 0 7 6 0 0 0 69 41 0 0 0 1 0 0 0 0 0 0 0 0 876 0 1000 0 0 -6.3
0 0 0 0 0 0 0 5 9 0 0 0 30 19 0 0 0 1 0 0 0 0 0 0 0 0 936 0 1000 0 0 -7.2
0 0 0 0 0 0 0 2 4 0 0 0 21 10 0 0 0 0 0 0 0 0 0 0 0 0 963 0 1000 0 0 -8.1
0 0 0 0 0 0 0 2 2 0 0 0 13 4 0 0 0 0 0 0 0 0 0 0 0 0 979 0 1000 0 0 -9
0 0 0 0 0 0 0 1 0 0 0 0 9 4 0 0 0 0 0 0 0 0 0 0 0 0 986 0 1000 0 0 -9.9
0 0 0 0 0 0 0 2 0 0 0 0 1 4 0 0 0 0 0 0 0 0 0 0 0 0 993 0 1000 0 0 -10.8
0 0 0 0 0 0 0 0 0 0 0 0 5 0 0 0 0 0 0 0 0 0 0 0 0 0 995 0 1000 0 0 -11.7
0 0 0 0 0 0 0 0 1 0 0 0 1 1 0 0 0 0 0 0 0 0 0 0 0 0 997 0 1000 0 0 -12.6
0 0 0 0 0 0 0 0 0 0 0 0 0 1 0 0 0 0 0 0 0 0 0 0 0 0 999 0 1000 0 0 -13.5
0 0 0 0 0 0 0 0 0 0 0 0 0 0 0 0 0 0 0 0 0 0 0 0 0 0 1000 0 1000 0 0 -14.4
0 0 0 0 0 0 0 0 0 0 0 0 0 0 0 0 0 0 0 0 0 0 0 0 0 0 1000 0 1000 0 0 -15.3
0 0 0 0 0 0 0 0 0 0 0 0 0 0 0 0 0 0 0 0 0 0 0 0 0 0 1000 0 1000 0 0 -16.2
0 0 0 0 0 0 0 0 0 0 0 0 0 0 0 0 0 0 0 0 0 0 0 0 0 0 1000 0 1000 0 0 -17.1
0 0 0 0 0 0 0 0 0 0 0 0 0 0 0 0 0 0 0 0 0 0 0 0 0 0 1000 0 1000 0 0 -18
0 0 0 0 0 0 0 0 0 0 0 0 0 0 0 0 0 0 0 0 0 0 0 0 0 0 1000 0 1000 0 0 -18.9
0 0 0 0 0 0 0 0 0 0 0 0 0 0 0 0 0 0 0 0 0 0 0 0 0 0 1000 0 1000 0 0 -19.8
0 0 0 0 0 0 0 0 0 0 0 0 0 0 0 0 0 0 0 0 0 0 0 0 0 0 1000 0 1000 0 0 -20.7
0 0 0 0 0 0 0 0 0 0 0 0 0 0 0 0 0 0 0 0 0 0 0 0 0 0 1000 0 1000 0 0 -21.6
0 0 0 0 0 0 0 0 0 0 0 0 0 0 0 0 0 0 0 0 0 0 0 0 0 0 1000 0 1000 0 0 -22.5
0 0 0 0 0 0 0 0 0 0 0 0 0 0 0 0 0 0 0 0 0 0 0 0 0 0 1000 0 1000 0 0 -23.4
0 0 0 0 0 0 0 0 0 0 0 0 0 0 0 0 0 0 0 0 0 0 0 0 0 0 1000 0 1000 0 0 -24.3
0 0 0 0 0 0 0 0 0 0 0 0 0 0 0 0 0 0 0 0 0 0 0 0 0 0 1000 0 1000 0 0 -25.2
0 0 0 0 0 0 0 0 0 0 0 0 0 0 0 0 0 0 0 0 0 0 0 0 0 0 1000 0 1000 0 0 -26.1
0 0 0 0 0 0 0 0 0 0 0 0 0 0 0 0 0 0 0 0 0 0 0 0 0 0 1000 0 1000 0 0 -27
0 0 0 0 0 0 0 0 0 0 0 0 0 0 0 0 0 0 0 0 0 0 0 0 0 0 1000 0 1000 0 0 -27.9
0 0 0 0 0 0 0 0 0 0 0 0 0 0 0 0 0 0 0 0 0 0 0 0 0 0 1000 0 1000 0 0 -28.8
0 0 0 0 0 0 0 0 0 0 0 0 0 0 0 0 0 0 0 0 0 0 0 0 0 0 1000 0 1000 0 0 -29.7
0 0 0 0 0 0 0 0 0 0 0 0 0 0 0 0 0 0 0 0 0 0 0 0 0 0 1000 0 1000 0 0 -30.6
0 0 0 0 0 0 0 0 0 0 0 0 0 0 0 0 0 0 0 0 0 0 0 0 0 0 1000 0 1000 0 0 -31.5
0 0 0 0 0 0 0 0 0 0 0 0 0 0 0 0 0 0 0 0 0 0 0 0 0 0 1000 0 1000 0 0 -32.4
0 0 0 0 0 0 0 0 0 0 0 0 0 0 0 0 0 0 0 0 0 0 0 0 0 0 1000 0 1000 0 0 -33.3
0 0 0 0 0 0 0 0 0 0 0 0 0 0 0 0 0 0 0 0 0 0 0 0 0 0 1000 0 1000 0 0 -34.2
