50
0 0 0 0 0 0 0 0 0 0 0 0 989 8 0 0 0 0 0 0 0 0 0 0 0 0 3 0 1000 0 0 9.9
0 0 0 0 0 0 0 0 0 0 0 0 964 27 0 0 0 0 0 0 0 0 0 0 0 0 9 0 1000 0 0 9
0 0 0 0 0 0 0 0 0 0 0 0 1000 0 0 0 0 0 0 0 0 0 0 0 0 0 0 0 1000 0 0 8.1
0 0 0 0 0 0 0 0 0 0 0 0 998 2 0 0 0 0 0 0 0 0 0 0 0 0 0 0 1000 0 0 7.2
0 0 0 0 0 0 0 0 0 0 0 0 978 21 0 0 0 0 0 0 0 0 0 0 0 0 1 0 1000 0 0 6.3
0 0 0 0 0 0 0 0 0 0 0 0 943 56 0 0 0 1 0 0 0 0 0 0 0 0 0 0 1000 0 0 5.4
0 0 0 0 0 0 0 2 0 0 0 0 889 106 0 0 0 0 1 0 0 0 0 0 0 0 2 0 1000 0 0 4.5
0 0 0 0 0 0 0 0 1 0 0 0 829 156 0 0 0 5 2 0 0 0 0 0 0 0 7 0 1000 0 0 3.6
0 0 0 0 0 0 0 4 0 0 0 0 772 217 0 0 0 2 1 0 0 0 0 0 0 0 4 0 1000 0 0 2.7
0 0 0 0 0 0 0 2 0 0 0 0 754 232 0 0 0 3 2 0 0 0 0 0 0 0 7 0 1000 0 0 1.8
0 0 0 0 0 0 0 3 5 0 0 0 767 203 0 0 0 3 5 0 0 0 0 0 0 0 14 0 1000 0 0 0.9
0 0 0 0 0 0 0 4 6 0 0 0 635 228 0 0 0 6 4 0 0 0 0 0 0 0 117 0 1000 0 0 0
0 0 0 0 0 0 0 6 6 0 0 0 475 205 0 0 0 10 5 0 0 0 0 0 0 0 293 0 1000 0 0 -0.9
0 0 0 0 0 0 0 12 2 0 0 0 376 153 0 0 0 6 2 0 0 0 0 0 0 0 449 0 1000 0 0 -1.8
0 0 0 0 0 0 0 8 4 0 0 0 274 143 0 0 0 5 3 0 0 0 0 0 0 0 563 0 1000 0 0 -2.7
0 0 0 0 0 0 0 7 1 0 0 0 190 84 0 0 0 6 4 0 0 0 0 0 0 0 708 0 1000 0 0 -3.6
0 0 0 0 0 0 0 4 2 0 0 1 125 76 0 0 0 4 2 0 0 0 0 0 0 0 786 0 1000 0 0 -4.5
0 0 0 0 0 0 0 0 0 0 0 0 97 51 0 0 0 6 4 0 0 0 0 0 0 0 842 0 1000 0 0 -5.4
0 0 0 0 0 0 0 0 0 0 0 1 60 40 0 0 0 2 1 0 0 0 0 0 0 0 896 0 1000 0 0 -6.3
0 0 0 0 0 0 0 1 0 0 0 1 41 22 0 0 0 0 0 0 0 0 0 0 0 0 935 0 1000 0 0 -7.2
0 0 0 0 0 0 0 0 1 0 0 0 17 18 0 0 0 0 0 0 0 0 0 0 0 0 964 0 1000 0 0 -8.1
0 0 0 0 0 0 0 0 0 0 0 0 10 10 0 0 0 0 0 0 0 0 0 0 0 0 980 0 1000 0 0 -9
0 0 0 0 0 0 0 0 0 0 0 0 9 6 0 0 0 0 0 0 0 0 0 0 0 0 985 0 1000 0 0 -9.9
0 0 0 0 0 0 0 0 0 0 0 0 4 2 0 0 0 2 0 0 0 0 0 0 0 0 992 0 1000 0 0 -10.8
0 0 0 0 0 0 0 0 0 0 0 0 4 3 0 0 0 1 0 0 0 0 0 0 0 0 992 0 1000 0 0 -11.7
0 0 0 0 0 0 0 1 0 0 0 0 1 1 0 0 0 0 0 0 0 0 0 0 0 0 997 0 1000 0 0 -12.6
0 0 0 0 0 0 0 0 0 0 0 0 0 1 0 0 0 0 0 0 0 0 0 0 0 0 999 0 1000 0 0 -13.5
0 0 0 0 0 0 0 0 0 0 0 0 0 0 0 0 0 0 0 0 0 0 0 0 0 0 1000 0 1000 0 0 -14.4
0 0 0 0 0 0 0 0 0 0 0 0 0 0 0 0 0 0 0 0 0 0 0 0 0 0 1000 0 1000 0 0 -15.3
0 0 0 0 0 0 0 0 0 0 0 0 0 0 0 0 0 0 0 0 0 0 0 0 0 0 1000 0 1000 0 0 -16.2
0 0 0 0 0 0 0 0 0 0 0 0 0 0 0 0 0 0 0 0 0 0 0 0 0 0 1000 0 1000 0 0 -17.1
0 0 0 0 0 0 0 0 0 0 0 0 0 0 0 0 0 0 0 0 0 0 0 0 0 0 1000 0 1000 0 0 -18
0 0 0 0 0 0 0 0 0 0 0 0 0 0 0 0 0 0 0 0 0 0 0 0 0 0 1000 0 1000 0 0 -18.9
0 0 0 0 0 0 0 0 0 0 0 0 0 0 0 0 0 0 0 0 0 0 0 0 0 0 1000 0 1000 0 0 -19.8
0 0 0 0 0 0 0 0 0 0 0 0 0 0 0 0 0 0 0 0 0 0 0 0 0 0 1000 0 1000 0 0 -20.7
0 0 0 0 0 0 0 0 0 0 0 0 0 0 0 0 0 0 0 0 0 0 0 0 0 0 1000 0 1000 0 0 -21.6
0 0 0 0 0 0 0 0 0 0 0 0 0 0 0 0 0 0 0 0 0 0 0 0 0 0 1000 0 1000 0 0 -22.5
0 0 0 0 0 0 0 0 0 0 0 0 0 0 0 0 0 0 0 0 0 0 0 0 0 0 1000 0 1000 0 0 -23.4
0 0 0 0 0 0 0 0 0 0 0 0 0 0 0 0 0 0 0 0 0 0 0 0 0 0 1000 0 1000 0 0 -24.3
0 0 0 0 0 0 0 0 0 0 0 0 0 0 0 0 0 0 0 0 0 0 0 0 0 0 1000 0 1000 0 0 -25.2
0 0 0 0 0 0 0 0 0 0 0 0 0 0 0 0 0 0 0 0 0 0 0 0 0 0 1000 0 1000 0 0 -26.1
0 0 0 0 0 0 0 0 0 0 0 0 0 0 0 0 0 0 0 0 0 0 0 0 0 0 1000 0 1000 0 0 -27
0 0 0 0 0 0 0 0 0 0 0 0 0 0 0 0 0 0 0 0 0 0 0 0 0 0 1000 0 1000 0 0 -27.9
0 0 0 0 0 0 0 0 0 0 0 0 0 0 0 0 0 0 0 0 0 0 0 0 0 0 1000 0 1000 0 0 -28.8
0 0 0 0 0 0 0 0 0 0 0 0 0 0 0 0 0 0 0 0 0 0 0 0 0 0 1000 0 1000 0 0 -29.7
0 0 0 0 0 0 0 0 0 0 0 0 0 0 0 0 0 0 0 0 0 0 0 0 0 0 1000 0 1000 0 0 -30.6
0 0 0 0 0 0 0 0 0 0 0 0 0 0 0 0 0 0 0 0 0 0 0 0 0 0 1000 0 1000 0 0 -31.5
0 0 0 0 0 0 0 0 0 0 0 0 0 0 0 0 0 0 0 0 0 0 0 0 0 0 1000 0 1000 0 0 -32.4
0 0 0 0 0 0 0 0 0 0 0 0 0 0 0 0 0 0 0 0 0 0 0 0 0 0 1000 0 1000 0 0 -33.3
0 0 0 0 0 0 0 0 0 0 0 0 0 0 0 0 0 0 0 0 0 0 0 0 0 0 1000 0 1000 0 0 -34.2
