50
0 0 0 0 0 0 0 20 13 0 0 0 37 31 0 0 0 0 0 0 0 0 0 0 0 0 899 0 1000 0 0 9.9
0 0 0 0 0 0 0 147 151 0 0 0 310 280 0 0 0 0 0 0 0 0 0 0 0 0 112 0 1000 0 0 9
0 0 0 0 0 0 0 169 153 0 0 0 316 355 0 0 0 0 0 0 0 0 0 0 0 0 7 0 1000 0 0 8.1
0 0 0 0 0 0 0 187 173 0 0 0 339 295 0 0 0 0 0 0 0 0 0 0 0 0 6 0 1000 0 0 7.2
0 0 0 0 0 0 0 194 191 0 0 0 296 304 0 0 0 0 0 0 0 0 0 0 0 0 15 0 1000 0 0 6.3
0 0 0 0 0 0 0 171 195 0 0 0 280 336 0 0 0 0 0 0 0 0 0 0 0 0 18 0 1000 0 0 5.4
0 0 0 0 0 0 0 206 180 0 0 0 299 303 0 0 0 0 0 0 0 0 0 0 0 0 12 0 1000 0 0 4.5
0 0 0 0 0 0 0 234 194 0 0 0 273 261 0 0 0 0 0 0 0 0 0 0 0 0 38 0 1000 0 0 3.6
0 0 0 0 0 0 0 223 188 0 0 0 309 254 0 0 0 0 0 0 0 0 0 0 0 0 26 0 1000 0 0 2.7
0 0 0 0 0 0 0 192 211 0 0 0 281 277 0 0 0 0 0 0 0 0 0 0 0 0 39 0 1000 0 0 1.8
0 0 0 0 0 0 0 204 213 0 0 0 275 271 0 0 0 0 0 0 0 0 0 0 0 0 37 0 1000 0 0 0.9
0 0 0 0 0 0 0 193 192 0 0 0 218 242 0 0 0 0 0 0 0 0 0 0 0 0 155 0 1000 0 0 0
0 0 0 0 0 0 0 168 147 0 0 0 181 177 0 0 0 0 0 0 0 0 0 0 0 0 327 0 1000 0 0 -0.9
0 0 0 0 0 0 0 122 126 0 0 0 163 128 0 0 0 0 0 0 0 0 0 0 0 0 461 0 1000 0 0 -1.8
0 0 0 0 0 0 0 81 84 0 0 0 119 113 0 0 0 0 0 0 0 0 0 0 0 0 603 0 1000 0 0 -2.7
0 0 0 0 0 0 0 83 74 0 0 0 100 75 0 0 0 0 0 0 0 0 0 0 0 0 668 0 1000 0 0 -3.6
0 0 0 0 0 0 0 41 44 0 0 0 54 64 0 0 0 0 0 0 0 0 0 0 0 0 797 0 1000 0 0 -4.5
0 0 0 0 0 0 0 35 36 0 0 0 30 50 0 0 0 0 0 0 0 0 0 0 0 0 849 0 1000 0 0 -5.4
0 0 0 0 0 0 0 24 23 0 0 0 32 31 0 0 0 0 0 0 0 0 0 0 0 0 890 0 1000 0 0 -6.3
0 0 0 0 0 0 0 14 7 0 0 0 16 19 0 0 0 0 0 0 0 0 0 0 0 0 944 0 1000 0 0 -7.2
0 0 0 0 0 0 0 7 6 0 0 0 9 11 0 0 0 0 0 0 0 0 0 0 0 0 967 0 1000 0 0 -8.1
0 0 0 0 0 0 0 6 7 0 0 0 2 7 0 0 0 0 0 0 0 0 0 0 0 0 978 0 1000 0 0 -9
0 0 0 0 0 0 0 3 5 0 0 0 5 6 0 0 0 0 0 0 0 0 0 0 0 0 981 0 1000 0 0 -9.9
0 0 0 0 0 0 0 0 2 0 0 0 1 2 0 0 0 0 0 0 0 0 0 0 0 0 995 0 1000 0 0 -10.8
0 0 0 0 0 0 0 2 2 0 0 0 3 1 0 0 0 0 0 0 0 0 0 0 0 0 992 0 1000 0 0 -11.7
0 0 0 0 0 0 0 1 1 0 0 0 0 0 0 0 0 0 0 0 0 0 0 0 0 0 998 0 1000 0 0 -12.6
0 0 0 0 0 0 0 0 0 0 0 0 0 0 0 0 0 0 0 0 0 0 0 0 0 0 1000 0 1000 0 0 -13.5
0 0 0 0 0 0 0 0 0 0 0 0 0 0 0 0 0 0 0 0 0 0 0 0 0 0 1000 0 1000 0 0 -14.4
0 0 0 0 0 0 0 0 0 0 0 0 0 0 0 0 0 0 0 0 0 0 0 0 0 0 1000 0 1000 0 0 -15.3
0 0 0 0 0 0 0 0 0 0 0 0 0 0 0 0 0 0 0 0 0 0 0 0 0 0 1000 0 1000 0 0 -16.2
0 0 0 0 0 0 0 0 0 0 0 0 0 0 0 0 0 0 0 0 0 0 0 0 0 0 1000 0 1000 0 0 -17.1
0 0 0 0 0 0 0 0 0 0 0 0 0 0 0 0 0 0 0 0 0 0 0 0 0 0 1000 0 1000 0 0 -18
0 0 0 0 0 0 0 0 0 0 0 0 0 0 0 0 0 0 0 0 0 0 0 0 0 0 1000 0 1000 0 0 -18.9
0 0 0 0 0 0 0 0 0 0 0 0 0 0 0 0 0 0 0 0 0 0 0 0 0 0 1000 0 1000 0 0 -19.8
0 0 0 0 0 0 0 0 0 0 0 0 0 0 0 0 0 0 0 0 0 0 0 0 0 0 1000 0 1000 0 0 -20.7
0 0 0 0 0 0 0 0 0 0 0 0 0 0 0 0 0 0 0 0 0 0 0 0 0 0 1000 0 1000 0 0 -21.6
0 0 0 0 0 0 0 0 0 0 0 0 0 0 0 0 0 0 0 0 0 0 0 0 0 0 1000 0 1000 0 0 -22.5
0 0 0 0 0 0 0 0 0 0 0 0 0 0 0 0 0 0 0 0 0 0 0 0 0 0 1000 0 1000 0 0 -23.4
0 0 0 0 0 0 0 0 0 0 0 0 0 0 0 0 0 0 0 0 0 0 0 0 0 0 1000 0 1000 0 0 -24.3
0 0 0 0 0 0 0 0 0 0 0 0 0 0 0 0 0 0 0 0 0 0 0 0 0 0 1000 0 1000 0 0 -25.2
0 0 0 0 0 0 0 0 0 0 0 0 0 0 0 0 0 0 0 0 0 0 0 0 0 0 1000 0 1000 0 0 -26.1
0 0 0 0 0 0 0 0 0 0 0 0 0 0 0 0 0 0 0 0 0 0 0 0 0 0 1000 0 1000 0 0 -27
0 0 0 0 0 0 0 0 0 0 0 0 0 0 0 0 0 0 0 0 0 0 0 0 0 0 1000 0 1000 0 0 -27.9
0 0 0 0 0 0 0 0 0 0 0 0 0 0 0 0 0 0 0 0 0 0 0 0 0 0 1000 0 1000 0 0 -28.8
0 0 0 0 0 0 0 0 0 0 0 0 0 0 0 0 0 0 0 0 0 0 0 0 0 0 1000 0 1000 0 0 -29.7
0 0 0 0 0 0 0 0 0 0 0 0 0 0 0 0 0 0 0 0 0 0 0 0 0 0 1000 0 1000 0 0 -30.6
0 0 0 0 0 0 0 0 0 0 0 0 0 0 0 0 0 0 0 0 0 0 0 0 0 0 1000 0 1000 0 0 -31.5
0 0 0 0 0 0 0 0 0 0 0 0 0 0 0 0 0 0 0 0 0 0 0 0 0 0 1000 0 1000 0 0 -32.4
0 0 0 0 0 0 0 0 0 0 0 0 0 0 0 0 0 0 0 0 0 0 0 0 0 0 1000 0 1000 0 0 -33.3
0 0 0 0 0 0 0 0 0 0 0 0 0 0 0 0 0 0 0 0 0 0 0 0 0 0 1000 0 1000 0 0 -34.2
