50
0 0 0 0 0 0 0 0 0 0 0 0 999 0 0 0 0 0 0 0 0 0 0 0 0 0 1 0 1000 0 0 9.9
0 0 0 0 0 0 0 1 0 0 0 0 998 0 0 0 0 0 0 0 0 0 0 0 0 0 1 0 1000 0 0 9
0 0 0 0 0 0 0 0 0 0 0 0 1000 0 0 0 0 0 0 0 0 0 0 0 0 0 0 0 1000 0 0 8.1
0 0 0 0 0 0 0 0 0 0 0 0 1000 0 0 0 0 0 0 0 0 0 0 0 0 0 0 0 1000 0 0 7.2
0 0 0 0 0 0 0 1 0 0 0 0 999 0 0 0 0 0 0 0 0 0 0 0 0 0 0 0 1000 0 0 6.3
0 0 0 0 0 0 0 1 1 0 0 0 991 6 0 0 0 0 0 0 0 0 0 0 0 0 1 0 1000 0 0 5.4
0 0 0 0 0 0 0 23 3 0 0 0 949 22 0 0 0 0 0 0 0 0 0 0 0 0 3 0 1000 0 0 4.5
0 0 0 0 0 0 0 49 14 0 0 0 873 52 0 0 0 0 0 0 0 0 0 0 0 0 12 0 1000 0 0 3.6
0 0 0 0 0 0 0 76 14 0 0 0 855 46 0 0 0 0 0 0 0 0 0 0 0 0 9 0 1000 0 0 2.7
0 0 0 0 0 0 0 86 13 0 0 0 850 44 0 0 0 0 0 0 0 0 0 0 0 0 7 0 1000 0 0 1.8
0 0 0 0 0 0 0 106 21 0 0 0 790 70 0 0 0 0 0 0 0 0 0 0 0 0 13 0 1000 0 0 0.9
0 0 0 0 0 0 0 113 19 0 0 0 662 63 0 0 0 0 0 0 0 0 0 0 0 0 143 0 1000 0 0 0
0 0 0 0 0 0 0 94 18 0 0 1 484 81 0 0 0 0 0 0 0 0 0 0 0 0 322 0 1000 0 0 -0.9
0 0 0 0 0 0 0 94 17 0 0 0 386 50 0 0 0 0 0 0 0 0 0 0 0 0 453 0 1000 0 0 -1.8
0 0 0 0 0 0 0 78 18 0 0 1 284 60 0 0 0 0 0 0 0 0 0 0 0 0 559 0 1000 0 0 -2.7
0 0 0 0 0 0 0 53 13 0 0 0 202 42 0 0 0 0 1 0 0 0 0 0 0 0 689 0 1000 0 0 -3.6
0 0 0 0 0 0 0 40 10 0 0 1 133 30 0 0 0 0 0 0 0 0 0 0 0 0 786 0 1000 0 0 -4.5
0 0 0 0 0 0 0 23 8 0 0 1 104 19 0 0 0 0 0 0 0 0 0 0 0 0 845 0 1000 0 0 -5.4
0 0 0 0 0 0 0 19 5 0 0 0 75 12 0 0 0 1 0 0 0 0 0 0 0 0 888 0 1000 0 0 -6.3
0 0 0 0 0 0 0 19 2 0 0 0 42 9 0 0 0 0 0 0 0 0 0 0 0 0 928 0 1000 0 0 -7.2
0 0 0 0 0 0 0 6 4 0 0 1 27 5 0 0 0 0 0 0 0 0 0 0 0 0 957 0 1000 0 0 -8.1
0 0 0 0 0 0 0 6 1 0 0 0 14 4 0 0 0 0 0 0 0 0 0 0 0 0 975 0 1000 0 0 -9
0 0 0 0 0 0 0 3 3 0 0 0 4 2 0 0 0 0 0 0 0 0 0 0 0 0 988 0 1000 0 0 -9.9
0 0 0 0 0 0 0 1 1 0 0 0 2 3 0 0 0 0 0 0 0 0 0 0 0 0 993 0 1000 0 0 -10.8
0 0 0 0 0 0 0 2 0 0 0 0 3 0 0 0 0 0 0 0 0 0 0 0 0 0 995 0 1000 0 0 -11.7
0 0 0 0 0 0 0 0 1 0 0 0 3 0 0 0 0 0 0 0 0 0 0 0 0 0 996 0 1000 0 0 -12.6
0 0 0 0 0 0 0 0 0 0 0 0 0 0 0 0 0 0 0 0 0 0 0 0 0 0 1000 0 1000 0 0 -13.5
0 0 0 0 0 0 0 0 0 0 0 0 2 0 0 0 0 0 0 0 0 0 0 0 0 0 998 0 1000 0 0 -14.4
0 0 0 0 0 0 0 0 0 0 0 0 0 0 0 0 0 0 0 0 0 0 0 0 0 0 1000 0 1000 0 0 -15.3
0 0 0 0 0 0 0 0 0 0 0 0 0 0 0 0 0 0 0 0 0 0 0 0 0 0 1000 0 1000 0 0 -16.2
0 0 0 0 0 0 0 0 0 0 0 0 0 0 0 0 0 0 0 0 0 0 0 0 0 0 1000 0 1000 0 0 -17.1
0 0 0 0 0 0 0 0 0 0 0 0 0 0 0 0 0 0 0 0 0 0 0 0 0 0 1000 0 1000 0 0 -18
0 0 0 0 0 0 0 0 0 0 0 0 0 0 0 0 0 0 0 0 0 0 0 0 0 0 1000 0 1000 0 0 -18.9
0 0 0 0 0 0 0 0 0 0 0 0 0 0 0 0 0 0 0 0 0 0 0 0 0 0 1000 0 1000 0 0 -19.8
0 0 0 0 0 0 0 0 0 0 0 0 0 0 0 0 0 0 0 0 0 0 0 0 0 0 1000 0 1000 0 0 -20.7
0 0 0 0 0 0 0 0 0 0 0 0 0 0 0 0 0 0 0 0 0 0 0 0 0 0 1000 0 1000 0 0 -21.6
0 0 0 0 0 0 0 0 0 0 0 0 0 0 0 0 0 0 0 0 0 0 0 0 0 0 1000 0 1000 0 0 -22.5
0 0 0 0 0 0 0 0 0 0 0 0 0 0 0 0 0 0 0 0 0 0 0 0 0 0 1000 0 1000 0 0 -23.4
0 0 0 0 0 0 0 0 0 0 0 0 0 0 0 0 0 0 0 0 0 0 0 0 0 0 1000 0 1000 0 0 -24.3
0 0 0 0 0 0 0 0 0 0 0 0 0 0 0 0 0 0 0 0 0 0 0 0 0 0 1000 0 1000 0 0 -25.2
0 0 0 0 0 0 0 0 0 0 0 0 0 0 0 0 0 0 0 0 0 0 0 0 0 0 1000 0 1000 0 0 -26.1
0 0 0 0 0 0 0 0 0 0 0 0 0 0 0 0 0 0 0 0 0 0 0 0 0 0 1000 0 1000 0 0 -27
0 0 0 0 0 0 0 0 0 0 0 0 0 0 0 0 0 0 0 0 0 0 0 0 0 0 1000 0 1000 0 0 -27.9
0 0 0 0 0 0 0 0 0 0 0 0 0 0 0 0 0 0 0 0 0 0 0 0 0 0 1000 0 1000 0 0 -28.8
0 0 0 0 0 0 0 0 0 0 0 0 0 0 0 0 0 0 0 0 0 0 0 0 0 0 1000 0 1000 0 0 -29.7
0 0 0 0 0 0 0 0 0 0 0 0 0 0 0 0 0 0 0 0 0 0 0 0 0 0 1000 0 1000 0 0 -30.6
0 0 0 0 0 0 0 0 0 0 0 0 0 0 0 0 0 0 0 0 0 0 0 0 0 0 1000 0 1000 0 0 -31.5
0 0 0 0 0 0 0 0 0 0 0 0 0 0 0 0 0 0 0 0 0 0 0 0 0 0 1000 0 1000 0 0 -32.4
0 0 0 0 0 0 0 0 0 0 0 0 0 0 0 0 0 0 0 0 0 0 0 0 0 0 1000 0 1000 0 0 -33.3
0 0 0 0 0 0 0 0 0 0 0 0 0 0 0 0 0 0 0 0 0 0 0 0 0 0 1000 0 1000 0 0 -34.2
