50
0 0 0 0 0 0 0 0 0 0 0 0 1000 0 0 0 0 0 0 0 0 0 0 0 0 0 0 0 1000 0 0 9.9
0 0 0 0 0 0 0 0 0 0 0 0 997 1 0 0 0 0 0 0 0 0 0 0 0 0 2 0 1000 0 0 9
0 0 0 0 0 0 0 0 0 0 0 0 1000 0 0 0 0 0 0 0 0 0 0 0 0 0 0 0 1000 0 0 8.1
0 0 0 0 0 0 0 0 0 0 0 0 1000 0 0 0 0 0 0 0 0 0 0 0 0 0 0 0 1000 0 0 7.2
0 0 0 0 0 0 0 0 0 0 0 0 999 1 0 0 0 0 0 0 0 0 0 0 0 0 0 0 1000 0 0 6.3
0 0 0 0 0 0 0 0 0 0 0 0 997 3 0 0 0 0 0 0 0 0 0 0 0 0 0 0 1000 0 0 5.4
0 0 0 0 0 0 0 3 2 0 0 0 965 30 0 0 0 0 0 0 0 0 0 0 0 0 0 0 1000 0 0 4.5
0 0 0 0 0 0 0 8 2 0 0 0 919 67 0 0 0 1 0 0 0 0 0 0 0 0 3 0 1000 0 0 3.6
0 0 0 0 0 0 0 10 4 0 0 0 896 83 0 0 0 0 0 0 0 0 0 0 0 0 7 0 1000 0 0 2.7
0 0 0 0 0 0 0 16 8 0 0 0 863 109 0 0 0 0 0 0 0 0 0 0 0 0 4 0 1000 0 0 1.8
0 0 0 0 0 0 0 12 8 0 0 0 839 123 0 0 0 1 0 0 0 0 0 0 0 0 17 0 1000 0 0 0.9
0 0 0 0 0 0 0 17 7 0 0 0 709 143 0 0 0 1 0 0 0 0 0 0 0 0 123 0 1000 0 0 0
0 0 0 0 0 0 0 27 10 0 0 0 567 115 0 0 0 0 0 0 0 0 0 0 0 0 281 0 1000 0 0 -0.9
0 0 0 0 0 0 0 25 10 0 0 2 384 125 0 0 0 2 1 0 0 0 0 0 0 0 451 0 1000 0 0 -1.8
0 0 0 0 0 0 0 19 7 0 0 0 284 98 0 0 0 4 0 0 0 0 0 0 0 0 588 0 1000 0 0 -2.7
0 0 0 0 0 0 0 24 12 0 0 0 215 59 0 0 0 0 0 0 0 0 0 0 0 0 690 0 1000 0 0 -3.6
0 0 0 0 0 0 0 16 3 0 0 0 159 45 0 0 0 2 0 0 0 0 0 0 0 0 775 0 1000 0 0 -4.5
0 0 0 0 0 0 0 10 2 0 0 0 100 44 0 0 0 0 0 0 0 0 0 0 0 0 844 0 1000 0 0 -5.4
0 0 0 0 0 0 0 7 1 0 0 0 67 22 0 0 0 2 1 0 0 0 0 0 0 0 900 0 1000 0 0 -6.3
0 0 0 0 0 0 0 4 2 0 0 0 44 12 0 0 0 0 0 0 0 0 0 0 0 0 938 0 1000 0 0 -7.2
0 0 0 0 0 0 0 2 1 0 0 0 27 9 0 0 0 0 0 0 0 0 0 0 0 0 961 0 1000 0 0 -8.1
0 0 0 0 0 0 0 1 0 0 0 0 17 7 0 0 0 0 0 0 0 0 0 0 0 0 975 0 1000 0 0 -9
0 0 0 0 0 0 0 0 0 0 0 1 7 3 0 0 0 0 0 0 0 0 0 0 0 0 989 0 1000 0 0 -9.9
0 0 0 0 0 0 0 0 1 0 0 0 6 1 0 0 0 0 0 0 0 0 0 0 0 0 992 0 1000 0 0 -10.8
0 0 0 0 0 0 0 0 1 0 0 0 2 1 0 0 0 0 0 0 0 0 0 0 0 0 996 0 1000 0 0 -11.7
0 0 0 0 0 0 0 0 0 0 0 0 2 0 0 0 0 0 0 0 0 0 0 0 0 0 998 0 1000 0 0 -12.6
0 0 0 0 0 0 0 0 0 0 0 0 0 1 0 0 0 0 0 0 0 0 0 0 0 0 999 0 1000 0 0 -13.5
0 0 0 0 0 0 0 0 0 0 0 0 0 0 0 0 0 0 0 0 0 0 0 0 0 0 1000 0 1000 0 0 -14.4
0 0 0 0 0 0 0 0 0 0 0 0 1 0 0 0 0 0 0 0 0 0 0 0 0 0 999 0 1000 0 0 -15.3
0 0 0 0 0 0 0 0 0 0 0 0 1 0 0 0 0 0 0 0 0 0 0 0 0 0 999 0 1000 0 0 -16.2
0 0 0 0 0 0 0 0 0 0 0 0 0 0 0 0 0 0 0 0 0 0 0 0 0 0 1000 0 1000 0 0 -17.1
0 0 0 0 0 0 0 0 0 0 0 0 0 0 0 0 0 0 0 0 0 0 0 0 0 0 1000 0 1000 0 0 -18
0 0 0 0 0 0 0 0 0 0 0 0 0 0 0 0 0 0 0 0 0 0 0 0 0 0 1000 0 1000 0 0 -18.9
0 0 0 0 0 0 0 0 0 0 0 0 0 0 0 0 0 0 0 0 0 0 0 0 0 0 1000 0 1000 0 0 -19.8
0 0 0 0 0 0 0 0 0 0 0 0 0 0 0 0 0 0 0 0 0 0 0 0 0 0 1000 0 1000 0 0 -20.7
0 0 0 0 0 0 0 0 0 0 0 0 0 0 0 0 0 0 0 0 0 0 0 0 0 0 1000 0 1000 0 0 -21.6
0 0 0 0 0 0 0 0 0 0 0 0 0 0 0 0 0 0 0 0 0 0 0 0 0 0 1000 0 1000 0 0 -22.5
0 0 0 0 0 0 0 0 0 0 0 0 0 0 0 0 0 0 0 0 0 0 0 0 0 0 1000 0 1000 0 0 -23.4
0 0 0 0 0 0 0 0 0 0 0 0 0 0 0 0 0 0 0 0 0 0 0 0 0 0 1000 0 1000 0 0 -24.3
0 0 0 0 0 0 0 0 0 0 0 0 0 0 0 0 0 0 0 0 0 0 0 0 0 0 1000 0 1000 0 0 -25.2
0 0 0 0 0 0 0 0 0 0 0 0 0 0 0 0 0 0 0 0 0 0 0 0 0 0 1000 0 1000 0 0 -26.1
0 0 0 0 0 0 0 0 0 0 0 0 0 0 0 0 0 0 0 0 0 0 0 0 0 0 1000 0 1000 0 0 -27
0 0 0 0 0 0 0 0 0 0 0 0 0 0 0 0 0 0 0 0 0 0 0 0 0 0 1000 0 1000 0 0 -27.9
0 0 0 0 0 0 0 0 0 0 0 0 0 0 0 0 0 0 0 0 0 0 0 0 0 0 1000 0 1000 0 0 -28.8
0 0 0 0 0 0 0 0 0 0 0 0 0 0 0 0 0 0 0 0 0 0 0 0 0 0 1000 0 1000 0 0 -29.7
0 0 0 0 0 0 0 0 0 0 0 0 0 0 0 0 0 0 0 0 0 0 0 0 0 0 1000 0 1000 0 0 -30.6
0 0 0 0 0 0 0 0 0 0 0 0 0 0 0 0 0 0 0 0 0 0 0 0 0 0 1000 0 1000 0 0 -31.5
0 0 0 0 0 0 0 0 0 0 0 0 0 0 0 0 0 0 0 0 0 0 0 0 0 0 1000 0 1000 0 0 -32.4
0 0 0 0 0 0 0 0 0 0 0 0 0 0 0 0 0 0 0 0 0 0 0 0 0 0 1000 0 1000 0 0 -33.3
0 0 0 0 0 0 0 0 0 0 0 0 0 0 0 0 0 0 0 0 0 0 0 0 0 0 1000 0 1000 0 0 -34.2
