50
0 0 0 0 0 0 0 1 0 0 0 0 999 0 0 0 0 0 0 0 0 0 0 0 0 0 0 0 1000 0 0 9.9
0 0 0 0 0 0 0 4 0 0 0 0 991 0 0 0 0 0 0 0 0 0 0 0 0 0 5 0 1000 0 0 9
0 0 0 0 0 0 0 0 0 0 0 0 1000 0 0 0 0 0 0 0 0 0 0 0 0 0 0 0 1000 0 0 8.1
0 0 0 0 0 0 0 0 0 0 0 0 1000 0 0 0 0 0 0 0 0 0 0 0 0 0 0 0 1000 0 0 7.2
0 0 0 0 0 0 0 2 0 0 0 0 997 1 0 0 0 0 0 0 0 0 0 0 0 0 0 0 1000 0 0 6.3
0 0 0 0 0 0 0 28 0 0 0 0 969 1 0 0 0 0 0 0 0 0 0 0 0 0 2 0 1000 0 0 5.4
0 0 0 0 0 0 0 66 2 0 0 1 929 2 0 0 0 0 0 0 0 0 0 0 0 0 0 0 1000 0 0 4.5
0 0 0 0 0 0 0 124 8 0 0 0 855 6 0 0 0 0 0 0 0 0 0 0 0 0 7 0 1000 0 0 3.6
0 0 0 0 0 0 0 150 9 0 0 0 821 15 0 0 0 0 0 0 0 0 0 0 0 0 5 0 1000 0 0 2.7
0 0 0 0 0 0 0 143 6 0 0 1 822 18 0 0 0 0 0 0 0 0 0 0 0 0 10 0 1000 0 0 1.8
0 0 0 0 0 0 1 190 8 0 0 0 769 20 0 0 0 0 0 0 0 0 0 0 0 0 12 0 1000 0 0 0.9
0 0 0 0 0 0 0 177 9 0 0 2 671 19 0 0 0 0 0 0 0 0 0 0 0 0 122 0 1000 0 0 0
0 0 0 0 0 0 1 150 15 0 0 2 492 26 0 0 0 0 0 0 0 0 0 0 0 0 314 0 1000 0 0 -0.9
0 0 0 0 0 0 1 162 11 0 0 0 363 26 0 0 0 0 0 0 0 0 0 0 0 0 437 0 1000 0 0 -1.8
0 0 0 0 0 0 1 89 10 0 0 0 292 15 0 0 0 0 0 0 0 0 0 0 0 0 593 0 1000 0 0 -2.7
0 0 0 0 0 0 0 91 9 0 0 1 189 15 0 0 0 1 0 0 0 0 0 0 0 0 694 0 1000 0 0 -3.6
0 0 0 0 0 0 1 55 5 0 0 2 132 11 0 0 0 0 0 0 0 0 0 0 0 0 794 0 1000 0 0 -4.5
0 0 0 0 0 0 0 52 3 0 0 0 93 10 0 0 0 0 0 0 0 0 0 0 0 0 842 0 1000 0 0 -5.4
0 0 0 0 0 0 1 26 1 0 0 2 88 5 0 0 0 0 0 0 0 0 0 0 0 0 877 0 1000 0 0 -6.3
0 0 0 0 0 0 0 22 1 0 0 1 48 5 0 0 0 0 0 0 0 0 0 0 0 0 923 0 1000 0 0 -7.2
0 0 0 0 0 0 0 13 0 0 0 0 28 2 0 0 0 0 0 0 0 0 0 0 0 0 957 0 1000 0 0 -8.1
0 0 0 0 0 0 0 5 0 0 0 0 19 1 0 0 0 0 0 0 0 0 0 0 0 0 975 0 1000 0 0 -9
0 0 0 0 0 0 0 5 0 0 0 0 8 1 0 0 0 0 0 0 0 0 0 0 0 0 986 0 1000 0 0 -9.9
0 0 0 0 0 0 0 2 0 0 0 0 5 0 0 0 0 0 0 0 0 0 0 0 0 0 993 0 1000 0 0 -10.8
0 0 0 0 0 0 0 0 0 0 0 0 6 0 0 0 0 0 0 0 0 0 0 0 0 0 994 0 1000 0 0 -11.7
0 0 0 0 0 0 0 1 0 0 0 0 1 0 0 0 0 0 0 0 0 0 0 0 0 0 998 0 1000 0 0 -12.6
0 0 0 0 0 0 0 0 0 0 0 0 0 0 0 0 0 0 0 0 0 0 0 0 0 0 1000 0 1000 0 0 -13.5
0 0 0 0 0 0 0 0 0 0 0 0 1 0 0 0 0 0 0 0 0 0 0 0 0 0 999 0 1000 0 0 -14.4
0 0 0 0 0 0 0 0 0 0 0 0 0 0 0 0 0 0 0 0 0 0 0 0 0 0 1000 0 1000 0 0 -15.3
0 0 0 0 0 0 0 0 0 0 0 0 0 0 0 0 0 0 0 0 0 0 0 0 0 0 1000 0 1000 0 0 -16.2
0 0 0 0 0 0 0 0 0 0 0 0 0 0 0 0 0 0 0 0 0 0 0 0 0 0 1000 0 1000 0 0 -17.1
0 0 0 0 0 0 0 0 0 0 0 0 0 0 0 0 0 0 0 0 0 0 0 0 0 0 1000 0 1000 0 0 -18
0 0 0 0 0 0 0 0 0 0 0 0 0 0 0 0 0 0 0 0 0 0 0 0 0 0 1000 0 1000 0 0 -18.9
0 0 0 0 0 0 0 0 0 0 0 0 0 0 0 0 0 0 0 0 0 0 0 0 0 0 1000 0 1000 0 0 -19.8
0 0 0 0 0 0 0 0 0 0 0 0 0 0 0 0 0 0 0 0 0 0 0 0 0 0 1000 0 1000 0 0 -20.7
0 0 0 0 0 0 0 0 0 0 0 0 0 0 0 0 0 0 0 0 0 0 0 0 0 0 1000 0 1000 0 0 -21.6
0 0 0 0 0 0 0 0 0 0 0 0 0 0 0 0 0 0 0 0 0 0 0 0 0 0 1000 0 1000 0 0 -22.5
0 0 0 0 0 0 0 0 0 0 0 0 0 0 0 0 0 0 0 0 0 0 0 0 0 0 1000 0 1000 0 0 -23.4
0 0 0 0 0 0 0 0 0 0 0 0 0 0 0 0 0 0 0 0 0 0 0 0 0 0 1000 0 1000 0 0 -24.3
0 0 0 0 0 0 0 0 0 0 0 0 0 0 0 0 0 0 0 0 0 0 0 0 0 0 1000 0 1000 0 0 -25.2
0 0 0 0 0 0 0 0 0 0 0 0 0 0 0 0 0 0 0 0 0 0 0 0 0 0 1000 0 1000 0 0 -26.1
0 0 0 0 0 0 0 0 0 0 0 0 0 0 0 0 0 0 0 0 0 0 0 0 0 0 1000 0 1000 0 0 -27
0 0 0 0 0 0 0 0 0 0 0 0 0 0 0 0 0 0 0 0 0 0 0 0 0 0 1000 0 1000 0 0 -27.9
0 0 0 0 0 0 0 0 0 0 0 0 0 0 0 0 0 0 0 0 0 0 0 0 0 0 1000 0 1000 0 0 -28.8
0 0 0 0 0 0 0 0 0 0 0 0 0 0 0 0 0 0 0 0 0 0 0 0 0 0 1000 0 1000 0 0 -29.7
0 0 0 0 0 0 0 0 0 0 0 0 0 0 0 0 0 0 0 0 0 0 0 0 0 0 1000 0 1000 0 0 -30.6
0 0 0 0 0 0 0 0 0 0 0 0 0 0 0 0 0 0 0 0 0 0 0 0 0 0 1000 0 1000 0 0 -31.5
0 0 0 0 0 0 0 0 0 0 0 0 0 0 0 0 0 0 0 0 0 0 0 0 0 0 1000 0 1000 0 0 -32.4
0 0 0 0 0 0 0 0 0 0 0 0 0 0 0 0 0 0 0 0 0 0 0 0 0 0 1000 0 1000 0 0 -33.3
0 0 0 0 0 0 0 0 0 0 0 0 0 0 0 0 0 0 0 0 0 0 0 0 0 0 1000 0 1000 0 0 -34.2
