50
0 0 0 0 0 0 0 0 0 0 0 0 991 5 0 0 0 0 0 0 0 0 0 0 0 0 4 0 1000 0 0 9.9
0 0 0 0 0 0 0 0 0 0 0 0 961 29 0 0 0 0 0 0 0 0 0 0 0 0 10 0 1000 0 0 9
0 0 0 0 0 0 0 0 0 0 0 0 1000 0 0 0 0 0 0 0 0 0 0 0 0 0 0 0 1000 0 0 8.1
0 0 0 0 0 0 0 0 0 0 0 0 996 4 0 0 0 0 0 0 0 0 0 0 0 0 0 0 1000 0 0 7.2
0 0 0 0 0 0 0 4 1 0 0 0 963 32 0 0 0 0 0 0 0 0 0 0 0 0 0 0 1000 0 0 6.3
0 0 0 0 0 0 0 12 6 0 0 0 903 76 0 0 0 0 0 0 0 0 0 0 0 0 3 0 1000 0 0 5.4
0 0 0 0 0 0 0 22 15 0 0 1 815 139 0 0 0 0 0 0 0 0 0 0 0 0 8 0 1000 0 0 4.5
0 0 0 0 0 0 0 32 15 0 0 0 756 187 0 0 0 0 0 0 0 0 0 0 0 0 10 0 1000 0 0 3.6
0 0 0 0 0 0 0 31 22 0 0 0 690 247 0 0 0 0 0 0 0 0 0 0 0 0 10 0 1000 0 0 2.7
0 0 0 0 0 0 0 35 24 0 0 0 697 228 0 0 0 0 0 0 0 0 0 0 0 0 16 0 1000 0 0 1.8
0 0 0 0 0 0 0 54 22 0 0 0 674 226 0 0 0 1 0 0 0 0 0 0 0 0 23 0 1000 0 0 0.9
0 0 0 0 0 0 0 51 36 0 0 0 552 231 0 0 0 0 0 0 0 0 0 0 0 0 130 0 1000 0 0 0
0 0 0 0 0 0 0 58 24 0 0 0 434 176 0 0 0 0 0 0 0 0 0 0 0 0 308 0 1000 0 0 -0.9
0 0 0 0 0 0 0 40 25 0 0 0 334 141 0 0 0 1 0 0 0 0 0 0 0 0 459 0 1000 0 0 -1.8
0 0 0 0 0 0 0 33 16 0 0 0 239 130 0 0 0 0 1 0 0 0 0 0 0 0 581 0 1000 0 0 -2.7
0 0 0 0 0 0 0 32 17 0 0 0 163 92 0 0 0 0 4 0 0 0 0 0 0 0 692 0 1000 0 0 -3.6
0 0 0 0 0 0 0 14 12 0 0 0 135 79 0 0 0 0 0 0 0 0 0 0 0 0 760 0 1000 0 0 -4.5
0 0 0 0 0 0 0 18 11 0 0 0 88 43 0 0 0 0 1 0 0 0 0 0 0 0 839 0 1000 0 0 -5.4
0 0 0 0 0 0 0 11 4 0 0 1 62 24 0 0 0 1 0 0 0 0 0 0 0 0 897 0 1000 0 0 -6.3
0 0 0 0 0 0 0 7 6 0 0 0 39 19 0 0 0 0 0 0 0 0 0 0 0 0 929 0 1000 0 0 -7.2
0 0 0 0 0 0 0 5 1 0 0 0 28 7 0 0 0 0 0 0 0 0 0 0 0 0 959 0 1000 0 0 -8.1
0 0 0 0 0 0 0 2 2 0 0 0 14 6 0 0 0 0 0 0 0 0 0 0 0 0 976 0 1000 0 0 -9
0 0 0 0 0 0 0 1 0 0 0 0 10 8 0 0 0 0 0 0 0 0 0 0 0 0 981 0 1000 0 0 -9.9
0 0 0 0 0 0 0 0 1 0 0 0 4 3 0 0 0 0 0 0 0 0 0 0 0 0 992 0 1000 0 0 -10.8
0 0 0 0 0 0 0 1 0 0 0 0 3 2 0 0 0 0 0 0 0 0 0 0 0 0 994 0 1000 0 0 -11.7
0 0 0 0 0 0 0 0 1 0 0 0 3 1 0 0 0 0 0 0 0 0 0 0 0 0 995 0 1000 0 0 -12.6
0 0 0 0 0 0 0 0 0 0 0 0 0 0 0 0 0 0 0 0 0 0 0 0 0 0 1000 0 1000 0 0 -13.5
0 0 0 0 0 0 0 0 0 0 0 0 0 0 0 0 0 0 0 0 0 0 0 0 0 0 1000 0 1000 0 0 -14.4
0 0 0 0 0 0 0 0 0 0 0 0 1 0 0 0 0 0 0 0 0 0 0 0 0 0 999 0 1000 0 0 -15.3
0 0 0 0 0 0 0 0 0 0 0 0 0 0 0 0 0 0 0 0 0 0 0 0 0 0 1000 0 1000 0 0 -16.2
0 0 0 0 0 0 0 0 1 0 0 0 0 0 0 0 0 0 0 0 0 0 0 0 0 0 999 0 1000 0 0 -17.1
0 0 0 0 0 0 0 0 0 0 0 0 0 0 0 0 0 0 0 0 0 0 0 0 0 0 1000 0 1000 0 0 -18
0 0 0 0 0 0 0 0 0 0 0 0 0 0 0 0 0 0 0 0 0 0 0 0 0 0 1000 0 1000 0 0 -18.9
0 0 0 0 0 0 0 0 0 0 0 0 0 0 0 0 0 0 0 0 0 0 0 0 0 0 1000 0 1000 0 0 -19.8
0 0 0 0 0 0 0 0 0 0 0 0 0 0 0 0 0 0 0 0 0 0 0 0 0 0 1000 0 1000 0 0 -20.7
0 0 0 0 0 0 0 0 0 0 0 0 0 0 0 0 0 0 0 0 0 0 0 0 0 0 1000 0 1000 0 0 -21.6
0 0 0 0 0 0 0 0 0 0 0 0 0 0 0 0 0 0 0 0 0 0 0 0 0 0 1000 0 1000 0 0 -22.5
0 0 0 0 0 0 0 0 0 0 0 0 0 0 0 0 0 0 0 0 0 0 0 0 0 0 1000 0 1000 0 0 -23.4
0 0 0 0 0 0 0 0 0 0 0 0 0 0 0 0 0 0 0 0 0 0 0 0 0 0 1000 0 1000 0 0 -24.3
0 0 0 0 0 0 0 0 0 0 0 0 0 0 0 0 0 0 0 0 0 0 0 0 0 0 1000 0 1000 0 0 -25.2
0 0 0 0 0 0 0 0 0 0 0 0 0 0 0 0 0 0 0 0 0 0 0 0 0 0 1000 0 1000 0 0 -26.1
0 0 0 0 0 0 0 0 0 0 0 0 0 0 0 0 0 0 0 0 0 0 0 0 0 0 1000 0 1000 0 0 -27
0 0 0 0 0 0 0 0 0 0 0 0 0 0 0 0 0 0 0 0 0 0 0 0 0 0 1000 0 1000 0 0 -27.9
0 0 0 0 0 0 0 0 0 0 0 0 0 0 0 0 0 0 0 0 0 0 0 0 0 0 1000 0 1000 0 0 -28.8
0 0 0 0 0 0 0 0 0 0 0 0 0 0 0 0 0 0 0 0 0 0 0 0 0 0 1000 0 1000 0 0 -29.7
0 0 0 0 0 0 0 0 0 0 0 0 0 0 0 0 0 0 0 0 0 0 0 0 0 0 1000 0 1000 0 0 -30.6
0 0 0 0 0 0 0 0 0 0 0 0 0 0 0 0 0 0 0 0 0 0 0 0 0 0 1000 0 1000 0 0 -31.5
0 0 0 0 0 0 0 0 0 0 0 0 0 0 0 0 0 0 0 0 0 0 0 0 0 0 1000 0 1000 0 0 -32.4
0 0 0 0 0 0 0 0 0 0 0 0 0 0 0 0 0 0 0 0 0 0 0 0 0 0 1000 0 1000 0 0 -33.3
0 0 0 0 0 0 0 0 0 0 0 0 0 0 0 0 0 0 0 0 0 0 0 0 0 0 1000 0 1000 0 0 -34.2
