50
0 0 0 0 0 0 0 6 1 0 0 0 987 0 0 0 0 0 0 0 0 0 0 0 0 0 6 0 1000 0 0 9.9
0 0 0 0 0 0 0 22 2 0 0 0 965 0 0 0 0 0 0 0 0 0 0 0 0 0 11 0 1000 0 0 9
0 0 0 0 0 0 0 0 1 0 0 0 997 1 0 0 0 0 0 0 0 0 0 0 0 0 1 0 1000 0 0 8.1
0 0 0 0 0 0 0 9 0 0 0 0 990 1 0 0 0 0 0 0 0 0 0 0 0 0 0 0 1000 0 0 7.2
0 0 0 0 0 0 0 40 4 0 0 0 950 5 0 0 0 0 0 0 0 0 0 0 0 0 1 0 1000 0 0 6.3
0 0 0 0 0 0 0 88 14 0 0 0 862 33 0 0 0 0 0 0 0 0 0 0 0 0 3 0 1000 0 0 5.4
0 0 0 0 0 0 0 175 33 0 0 0 740 43 0 0 0 0 0 0 0 0 0 0 0 0 9 0 1000 0 0 4.5
0 0 0 0 0 0 0 189 52 0 0 0 677 72 0 0 0 0 0 0 0 0 0 0 0 0 10 0 1000 0 0 3.6
0 0 0 0 0 0 0 212 49 0 0 0 633 84 0 0 0 0 0 0 0 0 0 0 0 0 22 0 1000 0 0 2.7
0 0 0 0 0 0 0 219 39 0 0 0 619 104 0 0 0 0 0 0 0 0 0 0 0 0 19 0 1000 0 0 1.8
0 0 0 0 0 0 1 236 49 0 0 0 596 87 0 0 0 0 0 0 0 0 0 0 0 0 31 0 1000 0 0 0.9
0 0 0 0 0 0 0 199 39 0 0 0 536 85 0 0 0 0 0 0 0 0 0 0 0 0 141 0 1000 0 0 0
0 0 0 0 0 0 0 178 40 0 0 1 382 79 0 0 0 0 0 0 0 0 0 0 0 0 320 0 1000 0 0 -0.9
0 0 0 0 0 0 0 152 32 0 0 1 340 54 0 0 0 0 0 0 0 0 0 0 0 0 421 0 1000 0 0 -1.8
0 0 0 0 0 0 0 105 41 0 0 0 220 57 0 0 0 0 0 0 0 0 0 0 0 0 577 0 1000 0 0 -2.7
0 0 0 0 0 0 0 81 19 0 0 0 178 38 0 0 0 0 0 0 0 0 0 0 0 0 684 0 1000 0 0 -3.6
0 0 0 0 0 0 0 66 13 0 0 0 121 41 0 0 0 0 0 0 0 0 0 0 0 0 759 0 1000 0 0 -4.5
0 0 0 0 0 0 0 43 11 0 0 0 85 22 0 0 0 1 0 0 0 0 0 0 0 0 838 0 1000 0 0 -5.4
0 0 0 0 0 0 1 25 8 0 0 0 46 17 0 0 0 0 0 0 0 0 0 0 0 0 903 0 1000 0 0 -6.3
0 0 0 0 0 0 0 20 7 0 0 0 34 8 0 0 0 0 0 0 0 0 0 0 0 0 931 0 1000 0 0 -7.2
0 0 0 0 0 0 0 15 7 0 0 0 26 6 0 0 0 0 0 0 0 0 0 0 0 0 946 0 1000 0 0 -8.1
0 0 0 0 0 0 0 8 5 0 0 0 12 6 0 0 0 0 0 0 0 0 0 0 0 0 969 0 1000 0 0 -9
0 0 0 0 0 0 0 3 0 0 0 0 4 2 0 0 0 0 0 0 0 0 0 0 0 0 991 0 1000 0 0 -9.9
0 0 0 0 0 0 0 2 0 0 0 0 3 1 0 0 0 0 0 0 0 0 0 0 0 0 994 0 1000 0 0 -10.8
0 0 0 0 0 0 0 1 0 0 0 0 5 1 0 0 0 0 0 0 0 0 0 0 0 0 993 0 1000 0 0 -11.7
0 0 0 0 0 0 0 1 0 0 0 0 2 1 0 0 0 0 0 0 0 0 0 0 0 0 996 0 1000 0 0 -12.6
0 0 0 0 0 0 0 1 1 0 0 0 1 0 0 0 0 0 0 0 0 0 0 0 0 0 997 0 1000 0 0 -13.5
0 0 0 0 0 0 0 2 0 0 0 0 1 0 0 0 0 0 0 0 0 0 0 0 0 0 997 0 1000 0 0 -14.4
0 0 0 0 0 0 0 0 0 0 0 0 0 0 0 0 0 0 0 0 0 0 0 0 0 0 1000 0 1000 0 0 -15.3
0 0 0 0 0 0 0 0 0 0 0 0 0 0 0 0 0 0 0 0 0 0 0 0 0 0 1000 0 1000 0 0 -16.2
0 0 0 0 0 0 0 0 0 0 0 0 0 0 0 0 0 0 0 0 0 0 0 0 0 0 1000 0 1000 0 0 -17.1
0 0 0 0 0 0 0 0 0 0 0 0 0 0 0 0 0 0 0 0 0 0 0 0 0 0 1000 0 1000 0 0 -18
0 0 0 0 0 0 0 0 0 0 0 0 0 0 0 0 0 0 0 0 0 0 0 0 0 0 1000 0 1000 0 0 -18.9
0 0 0 0 0 0 0 0 0 0 0 0 0 0 0 0 0 0 0 0 0 0 0 0 0 0 1000 0 1000 0 0 -19.8
0 0 0 0 0 0 0 0 0 0 0 0 0 0 0 0 0 0 0 0 0 0 0 0 0 0 1000 0 1000 0 0 -20.7
0 0 0 0 0 0 0 0 0 0 0 0 0 0 0 0 0 0 0 0 0 0 0 0 0 0 1000 0 1000 0 0 -21.6
0 0 0 0 0 0 0 0 0 0 0 0 0 0 0 0 0 0 0 0 0 0 0 0 0 0 1000 0 1000 0 0 -22.5
0 0 0 0 0 0 0 0 0 0 0 0 0 0 0 0 0 0 0 0 0 0 0 0 0 0 1000 0 1000 0 0 -23.4
0 0 0 0 0 0 0 0 0 0 0 0 0 0 0 0 0 0 0 0 0 0 0 0 0 0 1000 0 1000 0 0 -24.3
0 0 0 0 0 0 0 0 0 0 0 0 0 0 0 0 0 0 0 0 0 0 0 0 0 0 1000 0 1000 0 0 -25.2
0 0 0 0 0 0 0 0 0 0 0 0 0 0 0 0 0 0 0 0 0 0 0 0 0 0 1000 0 1000 0 0 -26.1
0 0 0 0 0 0 0 0 0 0 0 0 0 0 0 0 0 0 0 0 0 0 0 0 0 0 1000 0 1000 0 0 -27
0 0 0 0 0 0 0 0 0 0 0 0 0 0 0 0 0 0 0 0 0 0 0 0 0 0 1000 0 1000 0 0 -27.9
0 0 0 0 0 0 0 0 0 0 0 0 0 0 0 0 0 0 0 0 0 0 0 0 0 0 1000 0 1000 0 0 -28.8
0 0 0 0 0 0 0 0 0 0 0 0 0 0 0 0 0 0 0 0 0 0 0 0 0 0 1000 0 1000 0 0 -29.7
0 0 0 0 0 0 0 0 0 0 0 0 0 0 0 0 0 0 0 0 0 0 0 0 0 0 1000 0 1000 0 0 -30.6
0 0 0 0 0 0 0 0 0 0 0 0 0 0 0 0 0 0 0 0 0 0 0 0 0 0 1000 0 1000 0 0 -31.5
0 0 0 0 0 0 0 0 0 0 0 0 0 0 0 0 0 0 0 0 0 0 0 0 0 0 1000 0 1000 0 0 -32.4
0 0 0 0 0 0 0 0 0 0 0 0 0 0 0 0 0 0 0 0 0 0 0 0 0 0 1000 0 1000 0 0 -33.3
0 0 0 0 0 0 0 0 0 0 0 0 0 0 0 0 0 0 0 0 0 0 0 0 0 0 1000 0 1000 0 0 -34.2
