50
0 0 0 0 0 0 0 3 0 0 0 0 964 12 0 0 0 0 0 0 0 0 0 0 0 0 21 0 1000 0 0 9.9
0 0 0 0 0 0 0 6 11 0 0 0 865 72 0 0 0 0 0 0 0 0 0 0 0 0 46 0 1000 0 0 9
0 0 0 0 0 0 0 6 2 0 0 0 967 24 0 0 0 0 0 0 0 0 0 0 0 0 1 0 1000 0 0 8.1
0 0 0 0 0 0 0 13 10 0 0 0 914 62 0 0 0 0 0 0 0 0 0 0 0 0 1 0 1000 0 0 7.2
0 0 0 0 0 0 0 29 13 0 0 0 823 132 0 0 0 0 0 0 0 0 0 0 0 0 3 0 1000 0 0 6.3
0 0 0 0 0 0 0 56 28 0 0 0 679 220 0 0 0 0 0 0 0 0 0 0 0 0 17 0 1000 0 0 5.4
0 0 0 0 0 0 0 62 57 0 0 0 624 249 0 0 0 0 0 0 0 0 0 0 0 0 8 0 1000 0 0 4.5
0 0 0 0 0 0 0 103 65 0 0 0 570 246 0 0 0 0 0 0 0 0 0 0 0 0 16 0 1000 0 0 3.6
0 0 0 0 0 0 0 109 68 0 0 0 522 269 0 0 0 0 0 0 0 0 0 0 0 0 32 0 1000 0 0 2.7
0 0 0 0 0 0 0 104 64 0 0 0 525 286 0 0 0 0 0 0 0 0 0 0 0 0 21 0 1000 0 0 1.8
0 0 0 0 0 0 0 109 68 0 0 0 529 269 0 0 0 0 0 0 0 0 0 0 0 0 25 0 1000 0 0 0.9
0 0 0 0 0 0 1 103 74 0 0 0 440 226 0 0 0 0 0 0 0 0 0 0 0 0 156 0 1000 0 0 0
0 0 0 0 0 0 0 84 51 0 0 0 352 198 0 0 0 0 0 0 0 0 0 0 0 0 315 0 1000 0 0 -0.9
0 0 0 0 0 0 0 76 53 0 0 0 241 168 0 0 0 0 0 0 0 0 0 0 0 0 462 0 1000 0 0 -1.8
0 0 0 0 0 0 0 55 60 0 0 0 211 107 0 0 0 0 0 0 0 0 0 0 0 0 567 0 1000 0 0 -2.7
0 0 0 0 0 0 0 52 33 0 0 0 120 93 0 0 0 1 0 0 0 0 0 0 0 0 701 0 1000 0 0 -3.6
0 0 0 0 0 0 0 37 17 0 0 0 89 73 0 0 0 0 0 0 0 0 0 0 0 0 784 0 1000 0 0 -4.5
0 0 0 0 0 0 0 27 14 0 0 0 65 43 0 0 0 0 0 0 0 0 0 0 0 0 851 0 1000 0 0 -5.4
0 0 0 0 0 0 0 12 14 0 0 1 49 30 0 0 0 0 0 0 0 0 0 0 0 0 894 0 1000 0 0 -6.3
0 0 0 0 0 0 0 7 5 0 0 0 27 25 0 0 0 0 0 0 0 0 0 0 0 0 936 0 1000 0 0 -7.2
0 0 0 0 0 0 0 5 5 0 0 0 12 16 0 0 0 0 0 0 0 0 0 0 0 0 962 0 1000 0 0 -8.1
0 0 0 0 0 0 0 6 2 0 0 0 10 5 0 0 0 0 0 0 0 0 0 0 0 0 977 0 1000 0 0 -9
0 0 0 0 0 0 0 4 2 0 0 0 5 6 0 0 0 0 0 0 0 0 0 0 0 0 983 0 1000 0 0 -9.9
0 0 0 0 0 0 0 2 1 0 0 0 5 1 0 0 0 0 0 0 0 0 0 0 0 0 991 0 1000 0 0 -10.8
0 0 0 0 0 0 0 0 1 0 0 0 3 2 0 0 0 0 0 0 0 0 0 0 0 0 994 0 1000 0 0 -11.7
0 0 0 0 0 0 0 1 1 0 0 0 0 0 0 0 0 0 0 0 0 0 0 0 0 0 998 0 1000 0 0 -12.6
0 0 0 0 0 0 0 1 0 0 0 0 0 1 0 0 0 0 0 0 0 0 0 0 0 0 998 0 1000 0 0 -13.5
0 0 0 0 0 0 0 0 0 0 0 0 0 0 0 0 0 0 0 0 0 0 0 0 0 0 1000 0 1000 0 0 -14.4
0 0 0 0 0 0 0 0 0 0 0 0 0 0 0 0 0 0 0 0 0 0 0 0 0 0 1000 0 1000 0 0 -15.3
0 0 0 0 0 0 0 0 0 0 0 0 1 0 0 0 0 0 0 0 0 0 0 0 0 0 999 0 1000 0 0 -16.2
0 0 0 0 0 0 0 0 0 0 0 0 0 0 0 0 0 0 0 0 0 0 0 0 0 0 1000 0 1000 0 0 -17.1
0 0 0 0 0 0 0 0 0 0 0 0 0 0 0 0 0 0 0 0 0 0 0 0 0 0 1000 0 1000 0 0 -18
0 0 0 0 0 0 0 0 0 0 0 0 0 0 0 0 0 0 0 0 0 0 0 0 0 0 1000 0 1000 0 0 -18.9
0 0 0 0 0 0 0 0 0 0 0 0 0 0 0 0 0 0 0 0 0 0 0 0 0 0 1000 0 1000 0 0 -19.8
0 0 0 0 0 0 0 0 0 0 0 0 0 0 0 0 0 0 0 0 0 0 0 0 0 0 1000 0 1000 0 0 -20.7
0 0 0 0 0 0 0 0 0 0 0 0 0 0 0 0 0 0 0 0 0 0 0 0 0 0 1000 0 1000 0 0 -21.6
0 0 0 0 0 0 0 0 0 0 0 0 0 0 0 0 0 0 0 0 0 0 0 0 0 0 1000 0 1000 0 0 -22.5
0 0 0 0 0 0 0 0 0 0 0 0 0 0 0 0 0 0 0 0 0 0 0 0 0 0 1000 0 1000 0 0 -23.4
0 0 0 0 0 0 0 0 0 0 0 0 0 0 0 0 0 0 0 0 0 0 0 0 0 0 1000 0 1000 0 0 -24.3
0 0 0 0 0 0 0 0 0 0 0 0 0 0 0 0 0 0 0 0 0 0 0 0 0 0 1000 0 1000 0 0 -25.2
0 0 0 0 0 0 0 0 0 0 0 0 0 0 0 0 0 0 0 0 0 0 0 0 0 0 1000 0 1000 0 0 -26.1
0 0 0 0 0 0 0 0 0 0 0 0 0 0 0 0 0 0 0 0 0 0 0 0 0 0 1000 0 1000 0 0 -27
0 0 0 0 0 0 0 0 0 0 0 0 0 0 0 0 0 0 0 0 0 0 0 0 0 0 1000 0 1000 0 0 -27.9
0 0 0 0 0 0 0 0 0 0 0 0 0 0 0 0 0 0 0 0 0 0 0 0 0 0 1000 0 1000 0 0 -28.8
0 0 0 0 0 0 0 0 0 0 0 0 0 0 0 0 0 0 0 0 0 0 0 0 0 0 1000 0 1000 0 0 -29.7
0 0 0 0 0 0 0 0 0 0 0 0 0 0 0 0 0 0 0 0 0 0 0 0 0 0 1000 0 1000 0 0 -30.6
0 0 0 0 0 0 0 0 0 0 0 0 0 0 0 0 0 0 0 0 0 0 0 0 0 0 1000 0 1000 0 0 -31.5
0 0 0 0 0 0 0 0 0 0 0 0 0 0 0 0 0 0 0 0 0 0 0 0 0 0 1000 0 1000 0 0 -32.4
0 0 0 0 0 0 0 0 0 0 0 0 0 0 0 0 0 0 0 0 0 0 0 0 0 0 1000 0 1000 0 0 -33.3
0 0 0 0 0 0 0 0 0 0 0 0 0 0 0 0 0 0 0 0 0 0 0 0 0 0 1000 0 1000 0 0 -34.2
