50
0 0 0 0 0 0 0 27 7 0 0 0 476 14 0 0 0 0 0 0 0 0 0 0 0 0 476 0 1000 0 0 9.9
0 0 0 0 0 0 0 227 73 0 0 0 505 111 0 0 0 0 0 0 0 0 0 0 0 0 84 0 1000 0 0 9
0 0 0 0 0 0 0 225 80 0 0 0 578 112 0 0 0 0 0 0 0 0 0 0 0 0 5 0 1000 0 0 8.1
0 0 0 0 0 0 0 217 96 0 0 0 545 136 0 0 0 0 0 0 0 0 0 0 0 0 6 0 1000 0 0 7.2
0 0 0 0 0 0 0 254 119 0 0 0 476 145 0 0 0 0 0 0 0 0 0 0 0 0 6 0 1000 0 0 6.3
0 0 0 0 0 0 0 279 124 0 0 0 434 150 0 0 0 0 0 0 0 0 0 0 0 0 13 0 1000 0 0 5.4
0 0 0 0 0 0 0 280 135 0 0 0 371 192 0 0 0 0 0 0 0 0 0 0 0 0 22 0 1000 0 0 4.5
0 0 0 0 0 0 0 255 125 0 0 0 369 216 0 0 0 0 0 0 0 0 0 0 0 0 35 0 1000 0 0 3.6
0 0 0 0 0 0 0 278 139 0 0 0 359 180 0 0 0 0 0 0 0 0 0 0 0 0 44 0 1000 0 0 2.7
0 0 0 0 0 0 0 260 168 0 0 0 374 172 0 0 0 0 0 0 0 0 0 0 0 0 26 0 1000 0 0 1.8
0 0 0 0 0 0 0 257 141 0 0 0 359 205 0 0 0 0 0 0 0 0 0 0 0 0 38 0 1000 0 0 0.9
0 0 0 0 0 0 0 210 140 0 0 0 313 185 0 0 0 0 0 0 0 0 0 0 0 0 152 0 1000 0 0 0
0 0 0 0 0 0 0 202 97 0 0 0 259 141 0 0 0 0 0 0 0 0 0 0 0 0 301 0 1000 0 0 -0.9
0 0 0 0 0 0 0 133 90 0 0 0 189 109 0 0 0 0 0 0 0 0 0 0 0 0 479 0 1000 0 0 -1.8
0 0 0 0 0 0 0 109 72 0 0 0 146 80 0 0 0 0 0 0 0 0 0 0 0 0 593 0 1000 0 0 -2.7
0 0 0 0 0 0 0 88 59 0 0 0 88 54 0 0 0 0 0 0 0 0 0 0 0 0 711 0 1000 0 0 -3.6
0 0 0 0 0 0 0 53 27 0 0 0 52 49 0 0 0 0 0 0 0 0 0 0 0 0 819 0 1000 0 0 -4.5
0 0 0 0 0 0 0 40 34 0 0 0 40 36 0 0 0 0 0 0 0 0 0 0 0 0 850 0 1000 0 0 -5.4
0 0 0 0 0 0 0 27 17 0 0 0 38 21 0 0 0 0 0 0 0 0 0 0 0 0 897 0 1000 0 0 -6.3
0 0 0 0 0 0 0 18 13 0 0 0 25 13 0 0 0 0 0 0 0 0 0 0 0 0 931 0 1000 0 0 -7.2
0 0 0 0 0 0 0 11 14 0 0 0 15 14 0 0 0 0 0 0 0 0 0 0 0 0 946 0 1000 0 0 -8.1
0 0 0 0 0 0 0 7 3 0 0 0 9 5 0 0 0 0 0 0 0 0 0 0 0 0 976 0 1000 0 0 -9
0 0 0 0 0 0 0 2 2 0 0 0 10 3 0 0 0 0 0 0 0 0 0 0 0 0 983 0 1000 0 0 -9.9
0 0 0 0 0 0 0 4 1 0 0 0 3 1 0 0 0 0 0 0 0 0 0 0 0 0 991 0 1000 0 0 -10.8
0 0 0 0 0 0 0 3 1 0 0 0 1 1 0 0 0 0 0 0 0 0 0 0 0 0 994 0 1000 0 0 -11.7
0 0 0 0 0 0 0 0 2 0 0 0 1 2 0 0 0 0 0 0 0 0 0 0 0 0 995 0 1000 0 0 -12.6
0 0 0 0 0 0 0 0 0 0 0 0 0 0 0 0 0 0 0 0 0 0 0 0 0 0 1000 0 1000 0 0 -13.5
0 0 0 0 0 0 0 0 0 0 0 0 0 0 0 0 0 0 0 0 0 0 0 0 0 0 1000 0 1000 0 0 -14.4
0 0 0 0 0 0 0 0 0 0 0 0 0 0 0 0 0 0 0 0 0 0 0 0 0 0 1000 0 1000 0 0 -15.3
0 0 0 0 0 0 0 0 0 0 0 0 0 0 0 0 0 0 0 0 0 0 0 0 0 0 1000 0 1000 0 0 -16.2
0 0 0 0 0 0 0 0 0 0 0 0 0 0 0 0 0 0 0 0 0 0 0 0 0 0 1000 0 1000 0 0 -17.1
0 0 0 0 0 0 0 0 0 0 0 0 0 0 0 0 0 0 0 0 0 0 0 0 0 0 1000 0 1000 0 0 -18
0 0 0 0 0 0 0 0 0 0 0 0 0 0 0 0 0 0 0 0 0 0 0 0 0 0 1000 0 1000 0 0 -18.9
0 0 0 0 0 0 0 0 0 0 0 0 0 0 0 0 0 0 0 0 0 0 0 0 0 0 1000 0 1000 0 0 -19.8
0 0 0 0 0 0 0 0 0 0 0 0 0 0 0 0 0 0 0 0 0 0 0 0 0 0 1000 0 1000 0 0 -20.7
0 0 0 0 0 0 0 0 0 0 0 0 0 0 0 0 0 0 0 0 0 0 0 0 0 0 1000 0 1000 0 0 -21.6
0 0 0 0 0 0 0 0 0 0 0 0 0 0 0 0 0 0 0 0 0 0 0 0 0 0 1000 0 1000 0 0 -22.5
0 0 0 0 0 0 0 0 0 0 0 0 0 0 0 0 0 0 0 0 0 0 0 0 0 0 1000 0 1000 0 0 -23.4
0 0 0 0 0 0 0 0 0 0 0 0 0 0 0 0 0 0 0 0 0 0 0 0 0 0 1000 0 1000 0 0 -24.3
0 0 0 0 0 0 0 0 0 0 0 0 0 0 0 0 0 0 0 0 0 0 0 0 0 0 1000 0 1000 0 0 -25.2
0 0 0 0 0 0 0 0 0 0 0 0 0 0 0 0 0 0 0 0 0 0 0 0 0 0 1000 0 1000 0 0 -26.1
0 0 0 0 0 0 0 0 0 0 0 0 0 0 0 0 0 0 0 0 0 0 0 0 0 0 1000 0 1000 0 0 -27
0 0 0 0 0 0 0 0 0 0 0 0 0 0 0 0 0 0 0 0 0 0 0 0 0 0 1000 0 1000 0 0 -27.9
0 0 0 0 0 0 0 0 0 0 0 0 0 0 0 0 0 0 0 0 0 0 0 0 0 0 1000 0 1000 0 0 -28.8
0 0 0 0 0 0 0 0 0 0 0 0 0 0 0 0 0 0 0 0 0 0 0 0 0 0 1000 0 1000 0 0 -29.7
0 0 0 0 0 0 0 0 0 0 0 0 0 0 0 0 0 0 0 0 0 0 0 0 0 0 1000 0 1000 0 0 -30.6
0 0 0 0 0 0 0 0 0 0 0 0 0 0 0 0 0 0 0 0 0 0 0 0 0 0 1000 0 1000 0 0 -31.5
0 0 0 0 0 0 0 0 0 0 0 0 0 0 0 0 0 0 0 0 0 0 0 0 0 0 1000 0 1000 0 0 -32.4
0 0 0 0 0 0 0 0 0 0 0 0 0 0 0 0 0 0 0 0 0 0 0 0 0 0 1000 0 1000 0 0 -33.3
0 0 0 0 0 0 0 0 0 0 0 0 0 0 0 0 0 0 0 0 0 0 0 0 0 0 1000 0 1000 0 0 -34.2
