50
0 0 0 0 0 0 0 20 0 0 0 0 529 0 0 0 0 0 0 0 0 0 0 0 0 0 451 0 1000 0 0 9.9
0 0 0 0 0 0 0 227 1 0 0 0 708 2 0 0 0 0 0 0 0 0 0 0 0 0 62 0 1000 0 0 9
0 0 0 0 0 0 0 171 4 0 0 0 825 0 0 0 0 0 0 0 0 0 0 0 0 0 0 0 1000 0 0 8.1
0 0 0 0 0 0 0 201 1 0 0 0 791 6 0 0 0 0 0 0 0 0 0 0 0 0 1 0 1000 0 0 7.2
0 0 0 0 0 0 0 244 8 0 0 0 736 8 0 0 0 0 0 0 0 0 0 0 0 0 4 0 1000 0 0 6.3
0 0 0 0 0 0 0 297 15 0 0 0 666 18 0 0 0 0 0 0 0 0 0 0 0 0 4 0 1000 0 0 5.4
0 0 0 0 0 0 1 329 21 0 0 0 609 31 0 0 0 0 0 0 0 0 0 0 0 0 9 0 1000 0 0 4.5
0 0 0 0 0 0 0 327 32 0 0 0 596 31 0 0 0 0 0 0 0 0 0 0 0 0 14 0 1000 0 0 3.6
0 0 0 0 0 0 0 361 38 0 0 0 550 36 0 0 0 0 0 0 0 0 0 0 0 0 15 0 1000 0 0 2.7
0 0 0 0 0 0 0 380 38 0 0 0 533 36 0 0 0 0 0 0 0 0 0 0 0 0 13 0 1000 0 0 1.8
0 0 0 0 0 0 0 363 44 0 0 0 524 47 0 0 0 0 0 0 0 0 0 0 0 0 22 0 1000 0 0 0.9
0 0 0 0 0 0 0 371 32 0 0 0 433 48 0 0 0 0 0 0 0 0 0 0 0 0 116 0 1000 0 0 0
0 0 0 0 0 0 0 269 35 0 0 1 346 51 0 0 0 0 0 0 0 0 0 0 0 0 298 0 1000 0 0 -0.9
0 0 0 0 0 0 0 192 28 0 0 2 285 35 0 0 0 0 0 0 0 0 0 0 0 0 458 0 1000 0 0 -1.8
0 0 0 0 0 0 1 147 29 0 0 0 199 23 0 0 0 0 0 0 0 0 0 0 0 0 601 0 1000 0 0 -2.7
0 0 0 0 0 0 0 117 18 0 0 0 143 29 0 0 0 0 0 0 0 0 0 0 0 0 693 0 1000 0 0 -3.6
0 0 0 0 0 0 0 97 8 0 0 0 113 19 0 0 0 0 0 0 0 0 0 0 0 0 763 0 1000 0 0 -4.5
0 0 0 0 0 0 0 59 5 0 0 0 70 12 0 0 0 0 0 0 0 0 0 0 0 0 854 0 1000 0 0 -5.4
0 0 0 0 0 0 0 34 4 0 0 0 51 6 0 0 0 0 0 0 0 0 0 0 0 0 905 0 1000 0 0 -6.3
0 0 0 0 0 0 0 31 2 0 0 0 28 4 0 0 0 0 0 0 0 0 0 0 0 0 935 0 1000 0 0 -7.2
0 0 0 0 0 0 0 18 3 0 0 0 18 7 0 0 0 0 0 0 0 0 0 0 0 0 954 0 1000 0 0 -8.1
0 0 0 0 0 0 0 8 2 0 0 0 8 1 0 0 0 0 0 0 0 0 0 0 0 0 981 0 1000 0 0 -9
0 0 0 0 0 0 0 10 2 0 0 1 5 2 0 0 0 0 0 0 0 0 0 0 0 0 980 0 1000 0 0 -9.9
0 0 0 0 0 0 0 3 0 0 0 0 3 1 0 0 0 0 0 0 0 0 0 0 0 0 993 0 1000 0 0 -10.8
0 0 0 0 0 0 0 0 0 0 0 0 3 1 0 0 0 0 0 0 0 0 0 0 0 0 996 0 1000 0 0 -11.7
0 0 0 0 0 0 0 0 0 0 0 0 3 0 0 0 0 0 0 0 0 0 0 0 0 0 997 0 1000 0 0 -12.6
0 0 0 0 0 0 0 1 0 0 0 0 0 0 0 0 0 0 0 0 0 0 0 0 0 0 999 0 1000 0 0 -13.5
0 0 0 0 0 0 0 0 0 0 0 0 0 0 0 0 0 0 0 0 0 0 0 0 0 0 1000 0 1000 0 0 -14.4
0 0 0 0 0 0 0 1 0 0 0 0 0 0 0 0 0 0 0 0 0 0 0 0 0 0 999 0 1000 0 0 -15.3
0 0 0 0 0 0 0 0 0 0 0 0 0 0 0 0 0 0 0 0 0 0 0 0 0 0 1000 0 1000 0 0 -16.2
0 0 0 0 0 0 0 0 0 0 0 0 0 0 0 0 0 0 0 0 0 0 0 0 0 0 1000 0 1000 0 0 -17.1
0 0 0 0 0 0 0 0 0 0 0 0 0 0 0 0 0 0 0 0 0 0 0 0 0 0 1000 0 1000 0 0 -18
0 0 0 0 0 0 0 0 0 0 0 0 0 0 0 0 0 0 0 0 0 0 0 0 0 0 1000 0 1000 0 0 -18.9
0 0 0 0 0 0 0 0 0 0 0 0 0 0 0 0 0 0 0 0 0 0 0 0 0 0 1000 0 1000 0 0 -19.8
0 0 0 0 0 0 0 0 0 0 0 0 0 0 0 0 0 0 0 0 0 0 0 0 0 0 1000 0 1000 0 0 -20.7
0 0 0 0 0 0 0 0 0 0 0 0 0 0 0 0 0 0 0 0 0 0 0 0 0 0 1000 0 1000 0 0 -21.6
0 0 0 0 0 0 0 0 0 0 0 0 0 0 0 0 0 0 0 0 0 0 0 0 0 0 1000 0 1000 0 0 -22.5
0 0 0 0 0 0 0 0 0 0 0 0 0 0 0 0 0 0 0 0 0 0 0 0 0 0 1000 0 1000 0 0 -23.4
0 0 0 0 0 0 0 0 0 0 0 0 0 0 0 0 0 0 0 0 0 0 0 0 0 0 1000 0 1000 0 0 -24.3
0 0 0 0 0 0 0 0 0 0 0 0 0 0 0 0 0 0 0 0 0 0 0 0 0 0 1000 0 1000 0 0 -25.2
0 0 0 0 0 0 0 0 0 0 0 0 0 0 0 0 0 0 0 0 0 0 0 0 0 0 1000 0 1000 0 0 -26.1
0 0 0 0 0 0 0 0 0 0 0 0 0 0 0 0 0 0 0 0 0 0 0 0 0 0 1000 0 1000 0 0 -27
0 0 0 0 0 0 0 0 0 0 0 0 0 0 0 0 0 0 0 0 0 0 0 0 0 0 1000 0 1000 0 0 -27.9
0 0 0 0 0 0 0 0 0 0 0 0 0 0 0 0 0 0 0 0 0 0 0 0 0 0 1000 0 1000 0 0 -28.8
0 0 0 0 0 0 0 0 0 0 0 0 0 0 0 0 0 0 0 0 0 0 0 0 0 0 1000 0 1000 0 0 -29.7
0 0 0 0 0 0 0 0 0 0 0 0 0 0 0 0 0 0 0 0 0 0 0 0 0 0 1000 0 1000 0 0 -30.6
0 0 0 0 0 0 0 0 0 0 0 0 0 0 0 0 0 0 0 0 0 0 0 0 0 0 1000 0 1000 0 0 -31.5
0 0 0 0 0 0 0 0 0 0 0 0 0 0 0 0 0 0 0 0 0 0 0 0 0 0 1000 0 1000 0 0 -32.4
0 0 0 0 0 0 0 0 0 0 0 0 0 0 0 0 0 0 0 0 0 0 0 0 0 0 1000 0 1000 0 0 -33.3
0 0 0 0 0 0 0 0 0 0 0 0 0 0 0 0 0 0 0 0 0 0 0 0 0 0 1000 0 1000 0 0 -34.2
