50
0 0 0 0 0 0 0 0 0 0 0 0 965 11 0 0 0 0 0 0 0 0 0 0 0 0 24 0 1000 0 0 9.9
0 0 0 0 0 0 0 0 0 0 0 0 898 68 0 0 0 0 0 0 0 0 0 0 0 0 34 0 1000 0 0 9
0 0 0 0 0 0 0 0 0 0 0 0 993 7 0 0 0 0 0 0 0 0 0 0 0 0 0 0 1000 0 0 8.1
0 0 0 0 0 0 0 0 0 0 0 0 972 28 0 0 0 0 0 0 0 0 0 0 0 0 0 0 1000 0 0 7.2
0 0 0 0 0 0 0 1 0 0 0 0 927 72 0 0 0 0 0 0 0 0 0 0 0 0 0 0 1000 0 0 6.3
0 0 0 0 0 0 0 0 0 0 0 0 857 142 0 0 0 0 0 0 0 0 0 0 0 0 1 0 1000 0 0 5.4
0 0 0 0 0 0 0 2 2 0 0 0 792 201 0 0 0 1 1 0 0 0 0 0 0 0 1 0 1000 0 0 4.5
0 0 0 0 0 0 0 5 3 0 0 0 714 271 0 0 0 3 1 0 0 0 0 0 0 0 3 0 1000 0 0 3.6
0 0 0 0 0 0 0 3 5 0 0 0 676 310 0 0 0 1 0 0 0 0 0 0 0 0 5 0 1000 0 0 2.7
0 0 0 0 0 0 0 3 6 0 0 0 695 284 0 0 0 1 3 0 0 0 0 0 0 0 8 0 1000 0 0 1.8
0 0 0 0 0 0 0 1 5 0 0 0 671 301 0 0 0 5 3 0 0 0 0 0 0 0 14 0 1000 0 0 0.9
0 0 0 0 0 0 0 9 4 0 0 0 563 298 0 0 0 5 2 0 0 0 0 0 0 0 119 0 1000 0 0 0
0 0 0 0 0 0 0 7 4 0 0 0 450 241 0 0 1 3 1 0 0 0 0 0 0 0 293 0 1000 0 0 -0.9
0 0 0 0 0 0 0 5 9 0 0 0 359 180 0 0 0 7 3 0 0 0 0 0 0 0 437 0 1000 0 0 -1.8
0 0 0 0 0 0 0 8 3 0 0 0 279 144 0 0 0 1 2 0 0 0 0 0 0 0 563 0 1000 0 0 -2.7
0 0 0 0 0 0 0 6 4 0 0 0 201 109 0 0 0 5 1 0 0 0 0 0 0 0 674 0 1000 0 0 -3.6
0 0 0 0 0 0 0 5 3 0 0 0 129 96 0 0 0 4 3 0 0 0 0 0 0 0 760 0 1000 0 0 -4.5
0 0 0 0 0 0 0 3 5 0 0 2 73 64 0 0 0 3 1 0 0 0 0 0 0 0 849 0 1000 0 0 -5.4
0 0 0 0 0 0 0 1 1 0 0 0 62 42 0 0 0 2 0 0 0 0 0 0 0 0 892 0 1000 0 0 -6.3
0 0 0 0 0 0 0 1 0 0 0 0 37 30 0 0 0 2 4 0 0 0 0 0 0 0 926 0 1000 0 0 -7.2
0 0 0 0 0 0 0 0 0 0 0 0 19 15 0 0 0 0 2 0 0 0 0 0 0 0 964 0 1000 0 0 -8.1
0 0 0 0 0 0 0 1 2 0 0 0 18 6 0 0 0 1 0 0 0 0 0 0 0 0 972 0 1000 0 0 -9
0 0 0 0 0 0 0 1 0 0 0 0 7 5 0 0 0 0 1 0 0 0 0 0 0 0 986 0 1000 0 0 -9.9
0 0 0 0 0 0 0 0 0 0 0 0 2 2 0 0 0 0 0 0 0 0 0 0 0 0 996 0 1000 0 0 -10.8
0 0 0 0 0 0 0 0 1 0 0 0 3 1 0 0 0 0 0 0 0 0 0 0 0 0 995 0 1000 0 0 -11.7
0 0 0 0 0 0 0 0 0 0 0 0 0 0 0 0 0 0 0 0 0 0 0 0 0 0 1000 0 1000 0 0 -12.6
0 0 0 0 0 0 0 0 0 0 0 0 0 1 0 0 0 0 0 0 0 0 0 0 0 0 999 0 1000 0 0 -13.5
0 0 0 0 0 0 0 0 0 0 0 0 1 0 0 0 0 0 0 0 0 0 0 0 0 0 999 0 1000 0 0 -14.4
0 0 0 0 0 0 0 0 0 0 0 0 0 0 0 0 0 0 0 0 0 0 0 0 0 0 1000 0 1000 0 0 -15.3
0 0 0 0 0 0 0 0 0 0 0 0 0 0 0 0 0 0 0 0 0 0 0 0 0 0 1000 0 1000 0 0 -16.2
0 0 0 0 0 0 0 0 0 0 0 0 0 0 0 0 0 0 0 0 0 0 0 0 0 0 1000 0 1000 0 0 -17.1
0 0 0 0 0 0 0 0 0 0 0 0 0 0 0 0 0 0 0 0 0 0 0 0 0 0 1000 0 1000 0 0 -18
0 0 0 0 0 0 0 0 0 0 0 0 0 0 0 0 0 0 0 0 0 0 0 0 0 0 1000 0 1000 0 0 -18.9
0 0 0 0 0 0 0 0 0 0 0 0 0 0 0 0 0 0 0 0 0 0 0 0 0 0 1000 0 1000 0 0 -19.8
0 0 0 0 0 0 0 0 0 0 0 0 0 0 0 0 0 0 0 0 0 0 0 0 0 0 1000 0 1000 0 0 -20.7
0 0 0 0 0 0 0 0 0 0 0 0 0 0 0 0 0 0 0 0 0 0 0 0 0 0 1000 0 1000 0 0 -21.6
0 0 0 0 0 0 0 0 0 0 0 0 0 0 0 0 0 0 0 0 0 0 0 0 0 0 1000 0 1000 0 0 -22.5
0 0 0 0 0 0 0 0 0 0 0 0 0 0 0 0 0 0 0 0 0 0 0 0 0 0 1000 0 1000 0 0 -23.4
0 0 0 0 0 0 0 0 0 0 0 0 0 0 0 0 0 0 0 0 0 0 0 0 0 0 1000 0 1000 0 0 -24.3
0 0 0 0 0 0 0 0 0 0 0 0 0 0 0 0 0 0 0 0 0 0 0 0 0 0 1000 0 1000 0 0 -25.2
0 0 0 0 0 0 0 0 0 0 0 0 0 0 0 0 0 0 0 0 0 0 0 0 0 0 1000 0 1000 0 0 -26.1
0 0 0 0 0 0 0 0 0 0 0 0 0 0 0 0 0 0 0 0 0 0 0 0 0 0 1000 0 1000 0 0 -27
0 0 0 0 0 0 0 0 0 0 0 0 0 0 0 0 0 0 0 0 0 0 0 0 0 0 1000 0 1000 0 0 -27.9
0 0 0 0 0 0 0 0 0 0 0 0 0 0 0 0 0 0 0 0 0 0 0 0 0 0 1000 0 1000 0 0 -28.8
0 0 0 0 0 0 0 0 0 0 0 0 0 0 0 0 0 0 0 0 0 0 0 0 0 0 1000 0 1000 0 0 -29.7
0 0 0 0 0 0 0 0 0 0 0 0 0 0 0 0 0 0 0 0 0 0 0 0 0 0 1000 0 1000 0 0 -30.6
0 0 0 0 0 0 0 0 0 0 0 0 0 0 0 0 0 0 0 0 0 0 0 0 0 0 1000 0 1000 0 0 -31.5
0 0 0 0 0 0 0 0 0 0 0 0 0 0 0 0 0 0 0 0 0 0 0 0 0 0 1000 0 1000 0 0 -32.4
0 0 0 0 0 0 0 0 0 0 0 0 0 0 0 0 0 0 0 0 0 0 0 0 0 0 1000 0 1000 0 0 -33.3
0 0 0 0 0 0 0 0 0 0 0 0 0 0 0 0 0 0 0 0 0 0 0 0 0 0 1000 0 1000 0 0 -34.2
