50
0 0 0 0 0 0 0 8 0 0 0 0 980 0 0 0 0 0 0 0 0 0 0 0 0 0 12 0 1000 0 0 9.9
0 0 0 0 0 0 0 24 0 0 0 0 964 1 0 0 0 0 0 0 0 0 0 0 0 0 11 0 1000 0 0 9
0 0 0 0 0 0 0 1 0 0 0 0 999 0 0 0 0 0 0 0 0 0 0 0 0 0 0 0 1000 0 0 8.1
0 0 0 0 0 0 0 3 0 0 0 0 997 0 0 0 0 0 0 0 0 0 0 0 0 0 0 0 1000 0 0 7.2
0 0 0 0 0 0 0 22 1 0 0 0 975 2 0 0 0 0 0 0 0 0 0 0 0 0 0 0 1000 0 0 6.3
0 0 0 0 0 0 0 79 8 0 0 0 905 6 0 0 0 0 0 0 0 0 0 0 0 0 2 0 1000 0 0 5.4
0 0 0 0 0 0 0 135 10 0 0 0 840 11 0 0 0 0 0 0 0 0 0 0 0 0 4 0 1000 0 0 4.5
0 0 0 0 0 0 1 181 9 0 0 0 781 21 0 0 0 0 0 0 0 0 0 0 0 0 7 0 1000 0 0 3.6
0 0 0 0 0 0 0 209 18 0 0 0 723 40 0 0 0 0 0 0 0 0 0 0 0 0 10 0 1000 0 0 2.7
0 0 0 0 0 0 0 212 25 0 0 0 706 40 0 0 0 0 0 0 0 0 0 0 0 0 17 0 1000 0 0 1.8
0 0 0 0 0 0 0 232 27 0 0 1 678 38 0 0 0 0 0 0 0 0 0 0 0 0 24 0 1000 0 0 0.9
0 0 0 0 0 0 0 212 14 0 0 0 584 49 0 0 0 0 0 0 0 0 0 0 0 0 141 0 1000 0 0 0
0 0 0 0 0 0 0 192 30 0 0 2 433 28 0 0 0 0 0 0 0 0 0 0 0 0 315 0 1000 0 0 -0.9
0 0 0 0 0 0 0 169 11 0 0 2 325 27 0 0 0 0 1 0 0 0 0 0 0 0 465 0 1000 0 0 -1.8
0 0 0 0 0 0 1 125 14 0 0 1 252 37 0 0 0 0 0 0 0 0 0 0 0 0 570 0 1000 0 0 -2.7
0 0 0 0 0 0 1 82 12 0 0 0 178 23 0 0 0 0 0 0 0 0 0 0 0 0 704 0 1000 0 0 -3.6
0 0 0 0 0 0 1 65 7 0 0 0 130 13 0 0 0 0 0 0 0 0 0 0 0 0 784 0 1000 0 0 -4.5
0 0 0 0 0 0 0 49 8 0 0 0 91 16 0 0 0 0 0 0 0 0 0 0 0 0 836 0 1000 0 0 -5.4
0 0 0 0 0 0 0 32 7 0 0 0 53 11 0 0 0 0 0 0 0 0 0 0 0 0 897 0 1000 0 0 -6.3
0 0 0 0 0 0 0 20 0 0 0 1 34 7 0 0 0 0 0 0 0 0 0 0 0 0 938 0 1000 0 0 -7.2
0 0 0 0 0 0 0 15 3 0 0 0 22 4 0 0 0 0 0 0 0 0 0 0 0 0 956 0 1000 0 0 -8.1
0 0 0 0 0 0 0 7 0 0 0 0 13 1 0 0 0 0 0 0 0 0 0 0 0 0 979 0 1000 0 0 -9
0 0 0 0 0 0 0 2 1 0 0 0 12 0 0 0 0 0 0 0 0 0 0 0 0 0 985 0 1000 0 0 -9.9
0 0 0 0 0 0 0 0 0 0 0 0 7 0 0 0 0 0 0 0 0 0 0 0 0 0 993 0 1000 0 0 -10.8
0 0 0 0 0 0 0 4 0 0 0 0 1 1 0 0 0 0 0 0 0 0 0 0 0 0 994 0 1000 0 0 -11.7
0 0 0 0 0 0 0 0 0 0 0 0 0 0 0 0 0 0 0 0 0 0 0 0 0 0 1000 0 1000 0 0 -12.6
0 0 0 0 0 0 0 0 0 0 0 0 1 0 0 0 0 0 0 0 0 0 0 0 0 0 999 0 1000 0 0 -13.5
0 0 0 0 0 0 0 0 0 0 0 0 1 0 0 0 0 0 0 0 0 0 0 0 0 0 999 0 1000 0 0 -14.4
0 0 0 0 0 0 0 0 0 0 0 0 0 0 0 0 0 0 0 0 0 0 0 0 0 0 1000 0 1000 0 0 -15.3
0 0 0 0 0 0 0 0 0 0 0 0 0 0 0 0 0 0 0 0 0 0 0 0 0 0 1000 0 1000 0 0 -16.2
0 0 0 0 0 0 0 0 0 0 0 0 0 0 0 0 0 0 0 0 0 0 0 0 0 0 1000 0 1000 0 0 -17.1
0 0 0 0 0 0 0 0 0 0 0 0 0 0 0 0 0 0 0 0 0 0 0 0 0 0 1000 0 1000 0 0 -18
0 0 0 0 0 0 0 0 0 0 0 0 0 0 0 0 0 0 0 0 0 0 0 0 0 0 1000 0 1000 0 0 -18.9
0 0 0 0 0 0 0 0 0 0 0 0 0 0 0 0 0 0 0 0 0 0 0 0 0 0 1000 0 1000 0 0 -19.8
0 0 0 0 0 0 0 0 0 0 0 0 0 0 0 0 0 0 0 0 0 0 0 0 0 0 1000 0 1000 0 0 -20.7
0 0 0 0 0 0 0 0 0 0 0 0 0 0 0 0 0 0 0 0 0 0 0 0 0 0 1000 0 1000 0 0 -21.6
0 0 0 0 0 0 0 0 0 0 0 0 0 0 0 0 0 0 0 0 0 0 0 0 0 0 1000 0 1000 0 0 -22.5
0 0 0 0 0 0 0 0 0 0 0 0 0 0 0 0 0 0 0 0 0 0 0 0 0 0 1000 0 1000 0 0 -23.4
0 0 0 0 0 0 0 0 0 0 0 0 0 0 0 0 0 0 0 0 0 0 0 0 0 0 1000 0 1000 0 0 -24.3
0 0 0 0 0 0 0 0 0 0 0 0 0 0 0 0 0 0 0 0 0 0 0 0 0 0 1000 0 1000 0 0 -25.2
0 0 0 0 0 0 0 0 0 0 0 0 0 0 0 0 0 0 0 0 0 0 0 0 0 0 1000 0 1000 0 0 -26.1
0 0 0 0 0 0 0 0 0 0 0 0 0 0 0 0 0 0 0 0 0 0 0 0 0 0 1000 0 1000 0 0 -27
0 0 0 0 0 0 0 0 0 0 0 0 0 0 0 0 0 0 0 0 0 0 0 0 0 0 1000 0 1000 0 0 -27.9
0 0 0 0 0 0 0 0 0 0 0 0 0 0 0 0 0 0 0 0 0 0 0 0 0 0 1000 0 1000 0 0 -28.8
0 0 0 0 0 0 0 0 0 0 0 0 0 0 0 0 0 0 0 0 0 0 0 0 0 0 1000 0 1000 0 0 -29.7
0 0 0 0 0 0 0 0 0 0 0 0 0 0 0 0 0 0 0 0 0 0 0 0 0 0 1000 0 1000 0 0 -30.6
0 0 0 0 0 0 0 0 0 0 0 0 0 0 0 0 0 0 0 0 0 0 0 0 0 0 1000 0 1000 0 0 -31.5
0 0 0 0 0 0 0 0 0 0 0 0 0 0 0 0 0 0 0 0 0 0 0 0 0 0 1000 0 1000 0 0 -32.4
0 0 0 0 0 0 0 0 0 0 0 0 0 0 0 0 0 0 0 0 0 0 0 0 0 0 1000 0 1000 0 0 -33.3
0 0 0 0 0 0 0 0 0 0 0 0 0 0 0 0 0 0 0 0 0 0 0 0 0 0 1000 0 1000 0 0 -34.2
