50
0 0 0 0 0 0 0 0 0 0 0 0 997 0 0 0 0 0 0 0 0 0 0 0 0 0 3 0 1000 0 0 9.9
0 0 0 0 0 0 0 4 0 0 0 0 989 0 0 0 0 0 0 0 0 0 0 0 0 0 7 0 1000 0 0 9
0 0 0 0 0 0 0 0 0 0 0 0 1000 0 0 0 0 0 0 0 0 0 0 0 0 0 0 0 1000 0 0 8.1
0 0 0 0 0 0 0 0 0 0 0 0 1000 0 0 0 0 0 0 0 0 0 0 0 0 0 0 0 1000 0 0 7.2
0 0 0 0 0 0 0 3 0 0 0 0 997 0 0 0 0 0 0 0 0 0 0 0 0 0 0 0 1000 0 0 6.3
0 0 0 0 0 0 1 15 0 0 0 0 983 0 0 0 0 0 0 0 0 0 0 0 0 0 1 0 1000 0 0 5.4
0 0 0 0 0 0 1 47 0 0 0 2 948 1 0 0 0 0 0 0 0 0 0 0 0 0 1 0 1000 0 0 4.5
0 0 0 0 0 0 2 119 1 0 0 0 874 1 0 0 0 0 0 0 0 0 0 0 0 0 3 0 1000 0 0 3.6
0 0 0 0 0 0 4 150 1 0 0 1 838 5 0 0 0 0 0 0 0 0 0 0 0 0 1 0 1000 0 0 2.7
0 0 0 0 0 0 1 144 3 0 0 5 838 1 0 0 0 0 0 0 0 0 0 0 0 0 8 0 1000 0 0 1.8
0 0 0 0 0 0 1 161 1 0 0 4 813 4 0 0 0 0 0 0 0 0 0 0 0 0 16 0 1000 0 0 0.9
0 0 0 0 0 0 2 193 1 0 0 11 673 5 0 0 0 0 0 0 0 0 0 0 0 0 115 0 1000 0 0 0
0 0 0 0 0 0 2 154 2 0 0 4 511 2 0 0 0 0 0 0 0 0 0 0 0 0 325 0 1000 0 0 -0.9
0 0 0 0 0 0 4 121 6 0 0 6 400 7 0 0 0 1 0 0 0 0 0 0 0 0 455 0 1000 0 0 -1.8
0 0 0 0 0 0 4 94 4 0 0 3 279 10 0 0 0 0 0 0 0 0 0 0 0 0 606 0 1000 0 0 -2.7
0 0 0 0 0 0 2 75 3 0 0 7 237 7 0 0 0 0 0 0 0 0 0 0 0 0 669 0 1000 0 0 -3.6
0 0 0 0 0 0 4 62 1 0 0 5 162 4 0 0 0 0 0 0 0 0 0 0 0 0 762 0 1000 0 0 -4.5
0 0 0 0 0 0 2 45 4 0 0 1 104 1 0 0 0 0 0 0 0 0 0 0 0 0 843 0 1000 0 0 -5.4
0 0 0 0 0 0 0 27 3 0 0 5 70 1 0 0 0 0 0 0 0 0 0 0 0 0 894 0 1000 0 0 -6.3
0 0 0 0 0 0 0 12 0 0 0 0 38 4 0 0 0 0 0 0 0 0 0 0 0 0 946 0 1000 0 0 -7.2
0 0 0 0 0 0 3 13 0 0 0 2 29 2 0 0 0 0 0 0 0 0 0 0 0 0 951 0 1000 0 0 -8.1
0 0 0 0 0 0 0 5 1 0 0 0 18 2 0 0 0 0 0 0 0 0 0 0 0 0 974 0 1000 0 0 -9
0 0 0 0 0 0 0 10 0 0 0 0 9 0 0 0 0 0 0 0 0 0 0 0 0 0 981 0 1000 0 0 -9.9
0 0 0 0 0 0 0 3 0 0 0 0 6 0 0 0 0 0 0 0 0 0 0 0 0 0 991 0 1000 0 0 -10.8
0 0 0 0 0 0 0 0 0 0 0 0 1 0 0 0 0 0 0 0 0 0 0 0 0 0 999 0 1000 0 0 -11.7
0 0 0 0 0 0 0 0 0 0 0 0 2 0 0 0 0 0 0 0 0 0 0 0 0 0 998 0 1000 0 0 -12.6
0 0 0 0 0 0 0 0 0 0 0 0 0 0 0 0 0 0 0 0 0 0 0 0 0 0 1000 0 1000 0 0 -13.5
0 0 0 0 0 0 0 0 0 0 0 0 0 0 0 0 0 0 0 0 0 0 0 0 0 0 1000 0 1000 0 0 -14.4
0 0 0 0 0 0 0 0 0 0 0 0 0 0 0 0 0 0 0 0 0 0 0 0 0 0 1000 0 1000 0 0 -15.3
0 0 0 0 0 0 0 0 0 0 0 0 0 0 0 0 0 0 0 0 0 0 0 0 0 0 1000 0 1000 0 0 -16.2
0 0 0 0 0 0 0 0 0 0 0 0 0 0 0 0 0 0 0 0 0 0 0 0 0 0 1000 0 1000 0 0 -17.1
0 0 0 0 0 0 0 0 0 0 0 0 0 0 0 0 0 0 0 0 0 0 0 0 0 0 1000 0 1000 0 0 -18
0 0 0 0 0 0 0 0 0 0 0 0 0 0 0 0 0 0 0 0 0 0 0 0 0 0 1000 0 1000 0 0 -18.9
0 0 0 0 0 0 0 0 0 0 0 0 0 0 0 0 0 0 0 0 0 0 0 0 0 0 1000 0 1000 0 0 -19.8
0 0 0 0 0 0 0 0 0 0 0 0 0 0 0 0 0 0 0 0 0 0 0 0 0 0 1000 0 1000 0 0 -20.7
0 0 0 0 0 0 0 0 0 0 0 0 0 0 0 0 0 0 0 0 0 0 0 0 0 0 1000 0 1000 0 0 -21.6
0 0 0 0 0 0 0 0 0 0 0 0 0 0 0 0 0 0 0 0 0 0 0 0 0 0 1000 0 1000 0 0 -22.5
0 0 0 0 0 0 0 0 0 0 0 0 0 0 0 0 0 0 0 0 0 0 0 0 0 0 1000 0 1000 0 0 -23.4
0 0 0 0 0 0 0 0 0 0 0 0 0 0 0 0 0 0 0 0 0 0 0 0 0 0 1000 0 1000 0 0 -24.3
0 0 0 0 0 0 0 0 0 0 0 0 0 0 0 0 0 0 0 0 0 0 0 0 0 0 1000 0 1000 0 0 -25.2
0 0 0 0 0 0 0 0 0 0 0 0 0 0 0 0 0 0 0 0 0 0 0 0 0 0 1000 0 1000 0 0 -26.1
0 0 0 0 0 0 0 0 0 0 0 0 0 0 0 0 0 0 0 0 0 0 0 0 0 0 1000 0 1000 0 0 -27
0 0 0 0 0 0 0 0 0 0 0 0 0 0 0 0 0 0 0 0 0 0 0 0 0 0 1000 0 1000 0 0 -27.9
0 0 0 0 0 0 0 0 0 0 0 0 0 0 0 0 0 0 0 0 0 0 0 0 0 0 1000 0 1000 0 0 -28.8
0 0 0 0 0 0 0 0 0 0 0 0 0 0 0 0 0 0 0 0 0 0 0 0 0 0 1000 0 1000 0 0 -29.7
0 0 0 0 0 0 0 0 0 0 0 0 0 0 0 0 0 0 0 0 0 0 0 0 0 0 1000 0 1000 0 0 -30.6
0 0 0 0 0 0 0 0 0 0 0 0 0 0 0 0 0 0 0 0 0 0 0 0 0 0 1000 0 1000 0 0 -31.5
0 0 0 0 0 0 0 0 0 0 0 0 0 0 0 0 0 0 0 0 0 0 0 0 0 0 1000 0 1000 0 0 -32.4
0 0 0 0 0 0 0 0 0 0 0 0 0 0 0 0 0 0 0 0 0 0 0 0 0 0 1000 0 1000 0 0 -33.3
0 0 0 0 0 0 0 0 0 0 0 0 0 0 0 0 0 0 0 0 0 0 0 0 0 0 1000 0 1000 0 0 -34.2
