50
0 0 0 0 0 0 0 1 0 0 0 0 989 0 0 0 0 0 0 0 0 0 0 0 0 0 10 0 1000 0 0 9.9
0 0 0 0 0 0 0 21 0 0 0 0 969 0 0 0 0 0 0 0 0 0 0 0 0 0 10 0 1000 0 0 9
0 0 0 0 0 0 0 0 0 0 0 0 1000 0 0 0 0 0 0 0 0 0 0 0 0 0 0 0 1000 0 0 8.1
0 0 0 0 0 0 0 2 0 0 0 0 998 0 0 0 0 0 0 0 0 0 0 0 0 0 0 0 1000 0 0 7.2
0 0 0 0 0 0 0 14 0 0 0 0 986 0 0 0 0 0 0 0 0 0 0 0 0 0 0 0 1000 0 0 6.3
0 0 0 0 0 0 0 57 0 0 0 0 943 0 0 0 0 0 0 0 0 0 0 0 0 0 0 0 1000 0 0 5.4
0 0 0 0 0 0 0 101 1 0 0 0 896 2 0 0 0 0 0 0 0 0 0 0 0 0 0 0 1000 0 0 4.5
0 0 0 0 0 0 0 145 1 0 0 2 849 1 0 0 0 0 0 0 0 0 0 0 0 0 2 0 1000 0 0 3.6
0 0 0 0 0 0 2 212 3 0 0 4 770 4 0 0 0 0 0 0 0 0 0 0 0 0 5 0 1000 0 0 2.7
0 0 0 0 0 0 1 227 3 0 0 1 760 3 0 0 0 0 0 0 0 0 0 0 0 0 5 0 1000 0 0 1.8
0 0 0 0 0 0 7 263 1 0 0 8 709 3 0 0 0 0 0 0 0 0 0 0 0 0 9 0 1000 0 0 0.9
0 0 0 0 0 0 2 212 3 0 0 5 649 6 0 0 0 0 0 0 0 0 0 0 0 0 123 0 1000 0 0 0
0 0 0 0 0 0 3 183 5 0 0 10 496 8 0 0 0 0 0 0 0 0 0 0 0 0 295 0 1000 0 0 -0.9
0 0 0 0 0 0 5 161 9 0 0 4 384 4 0 0 0 0 0 0 0 0 0 0 0 0 433 0 1000 0 0 -1.8
0 0 0 0 0 0 9 145 2 0 0 3 277 4 0 0 0 1 0 0 0 0 0 0 0 0 559 0 1000 0 0 -2.7
0 0 0 0 0 0 2 92 5 0 0 4 223 3 0 0 0 0 0 0 0 0 0 0 0 0 671 0 1000 0 0 -3.6
0 0 0 0 0 0 2 63 2 0 0 4 128 5 0 0 0 0 0 0 0 0 0 0 0 0 796 0 1000 0 0 -4.5
0 0 0 0 0 0 4 50 3 0 0 3 90 3 0 0 0 0 0 0 0 0 0 0 0 0 847 0 1000 0 0 -5.4
0 0 0 0 0 0 1 30 1 0 0 1 64 3 0 0 0 0 0 0 0 0 0 0 0 0 900 0 1000 0 0 -6.3
0 0 0 0 0 0 0 25 0 0 0 1 47 1 0 0 0 0 0 0 0 0 0 0 0 0 926 0 1000 0 0 -7.2
0 0 0 0 0 0 0 12 0 0 0 1 27 0 0 0 0 0 0 0 0 0 0 0 0 0 960 0 1000 0 0 -8.1
0 0 0 0 0 0 0 8 0 0 0 1 20 4 0 0 0 0 0 0 0 0 0 0 0 0 967 0 1000 0 0 -9
0 0 0 0 0 0 1 3 0 0 0 0 9 0 0 0 0 0 0 0 0 0 0 0 0 0 987 0 1000 0 0 -9.9
0 0 0 0 0 0 0 3 0 0 0 1 6 0 0 0 0 0 0 0 0 0 0 0 0 0 990 0 1000 0 0 -10.8
0 0 0 0 0 0 0 2 0 0 0 0 2 0 0 0 0 0 0 0 0 0 0 0 0 0 996 0 1000 0 0 -11.7
0 0 0 0 0 0 0 3 0 0 0 0 4 1 0 0 0 0 0 0 0 0 0 0 0 0 992 0 1000 0 0 -12.6
0 0 0 0 0 0 0 0 0 0 0 0 1 0 0 0 0 0 0 0 0 0 0 0 0 0 999 0 1000 0 0 -13.5
0 0 0 0 0 0 0 0 0 0 0 0 1 0 0 0 0 0 0 0 0 0 0 0 0 0 999 0 1000 0 0 -14.4
0 0 0 0 0 0 0 0 0 0 0 0 0 0 0 0 0 0 0 0 0 0 0 0 0 0 1000 0 1000 0 0 -15.3
0 0 0 0 0 0 0 0 0 0 0 0 0 0 0 0 0 0 0 0 0 0 0 0 0 0 1000 0 1000 0 0 -16.2
0 0 0 0 0 0 0 0 0 0 0 0 0 0 0 0 0 0 0 0 0 0 0 0 0 0 1000 0 1000 0 0 -17.1
0 0 0 0 0 0 0 0 0 0 0 0 0 0 0 0 0 0 0 0 0 0 0 0 0 0 1000 0 1000 0 0 -18
0 0 0 0 0 0 0 0 0 0 0 0 1 0 0 0 0 0 0 0 0 0 0 0 0 0 999 0 1000 0 0 -18.9
0 0 0 0 0 0 0 0 0 0 0 0 0 0 0 0 0 0 0 0 0 0 0 0 0 0 1000 0 1000 0 0 -19.8
0 0 0 0 0 0 0 0 0 0 0 0 0 0 0 0 0 0 0 0 0 0 0 0 0 0 1000 0 1000 0 0 -20.7
0 0 0 0 0 0 0 0 0 0 0 0 0 0 0 0 0 0 0 0 0 0 0 0 0 0 1000 0 1000 0 0 -21.6
0 0 0 0 0 0 0 0 0 0 0 0 0 0 0 0 0 0 0 0 0 0 0 0 0 0 1000 0 1000 0 0 -22.5
0 0 0 0 0 0 0 0 0 0 0 0 0 0 0 0 0 0 0 0 0 0 0 0 0 0 1000 0 1000 0 0 -23.4
0 0 0 0 0 0 0 0 0 0 0 0 0 0 0 0 0 0 0 0 0 0 0 0 0 0 1000 0 1000 0 0 -24.3
0 0 0 0 0 0 0 0 0 0 0 0 0 0 0 0 0 0 0 0 0 0 0 0 0 0 1000 0 1000 0 0 -25.2
0 0 0 0 0 0 0 0 0 0 0 0 0 0 0 0 0 0 0 0 0 0 0 0 0 0 1000 0 1000 0 0 -26.1
0 0 0 0 0 0 0 0 0 0 0 0 0 0 0 0 0 0 0 0 0 0 0 0 0 0 1000 0 1000 0 0 -27
0 0 0 0 0 0 0 0 0 0 0 0 0 0 0 0 0 0 0 0 0 0 0 0 0 0 1000 0 1000 0 0 -27.9
0 0 0 0 0 0 0 0 0 0 0 0 0 0 0 0 0 0 0 0 0 0 0 0 0 0 1000 0 1000 0 0 -28.8
0 0 0 0 0 0 0 0 0 0 0 0 0 0 0 0 0 0 0 0 0 0 0 0 0 0 1000 0 1000 0 0 -29.7
0 0 0 0 0 0 0 0 0 0 0 0 0 0 0 0 0 0 0 0 0 0 0 0 0 0 1000 0 1000 0 0 -30.6
0 0 0 0 0 0 0 0 0 0 0 0 0 0 0 0 0 0 0 0 0 0 0 0 0 0 1000 0 1000 0 0 -31.5
0 0 0 0 0 0 0 0 0 0 0 0 0 0 0 0 0 0 0 0 0 0 0 0 0 0 1000 0 1000 0 0 -32.4
0 0 0 0 0 0 0 0 0 0 0 0 0 0 0 0 0 0 0 0 0 0 0 0 0 0 1000 0 1000 0 0 -33.3
0 0 0 0 0 0 0 0 0 0 0 0 0 0 0 0 0 0 0 0 0 0 0 0 0 0 1000 0 1000 0 0 -34.2
