50
0 0 0 0 0 0 0 68 0 0 0 0 68 0 0 0 0 0 0 0 0 0 0 0 0 0 864 0 1000 0 0 9.9
0 0 0 0 0 0 0 480 4 0 0 0 447 1 0 0 0 0 0 0 0 0 0 0 0 0 68 0 1000 0 0 9
0 0 0 0 0 0 0 495 2 0 0 0 501 1 0 0 0 0 0 0 0 0 0 0 0 0 1 0 1000 0 0 8.1
0 0 0 0 0 0 0 480 6 0 0 0 511 3 0 0 0 0 0 0 0 0 0 0 0 0 0 0 1000 0 0 7.2
0 0 0 0 0 0 0 505 3 0 0 0 486 6 0 0 0 0 0 0 0 0 0 0 0 0 0 0 1000 0 0 6.3
0 0 0 0 0 0 0 483 13 0 0 0 496 5 0 0 0 0 0 0 0 0 0 0 0 0 3 0 1000 0 0 5.4
0 0 0 0 0 0 0 473 10 0 0 0 500 9 0 0 0 0 0 0 0 0 0 0 0 0 8 0 1000 0 0 4.5
0 0 0 0 0 0 0 494 15 0 0 0 469 14 0 0 0 0 0 0 0 0 0 0 0 0 8 0 1000 0 0 3.6
0 0 0 0 0 0 0 458 26 0 0 0 482 27 0 0 0 0 0 0 0 0 0 0 0 0 7 0 1000 0 0 2.7
0 0 0 0 0 0 0 487 20 0 0 0 464 13 0 0 0 0 0 0 0 0 0 0 0 0 16 0 1000 0 0 1.8
0 0 0 0 0 0 1 482 17 0 0 0 455 24 0 0 0 0 0 0 0 0 0 0 0 0 21 0 1000 0 0 0.9
0 0 0 0 0 0 0 402 41 0 0 1 402 23 0 0 0 0 0 0 0 0 0 0 0 0 131 0 1000 0 0 0
0 0 0 0 0 0 1 354 24 0 0 0 314 22 0 0 0 0 0 0 0 0 0 0 0 0 285 0 1000 0 0 -0.9
0 0 0 0 0 0 1 273 22 0 0 1 237 15 0 0 0 0 0 0 0 0 0 0 0 0 451 0 1000 0 0 -1.8
0 0 0 0 0 0 1 175 24 0 0 0 190 21 0 0 0 0 0 0 0 0 0 0 0 0 589 0 1000 0 0 -2.7
0 0 0 0 0 0 2 127 25 0 0 3 135 17 0 0 0 0 0 0 0 0 0 0 0 0 691 0 1000 0 0 -3.6
0 0 0 0 0 0 1 96 13 0 0 0 109 17 0 0 0 0 0 0 0 0 0 0 0 0 764 0 1000 0 0 -4.5
0 0 0 0 0 0 2 72 11 0 0 0 92 6 0 0 0 0 0 0 0 0 0 0 0 0 817 0 1000 0 0 -5.4
0 0 0 0 0 0 0 45 8 0 0 0 40 3 0 0 0 0 0 0 0 0 0 0 0 0 904 0 1000 0 0 -6.3
0 0 0 0 0 0 1 26 1 0 0 0 25 3 0 0 0 0 0 0 0 0 0 0 0 0 944 0 1000 0 0 -7.2
0 0 0 0 0 0 0 10 1 0 0 2 18 3 0 0 0 0 0 0 0 0 0 0 0 0 966 0 1000 0 0 -8.1
0 0 0 0 0 0 0 11 2 0 0 0 17 2 0 0 0 0 0 0 0 0 0 0 0 0 968 0 1000 0 0 -9
0 0 0 0 0 0 0 4 1 0 0 1 3 0 0 0 0 0 0 0 0 0 0 0 0 0 991 0 1000 0 0 -9.9
0 0 0 0 0 0 0 3 1 0 0 0 2 0 0 0 0 0 0 0 0 0 0 0 0 0 994 0 1000 0 0 -10.8
0 0 0 0 0 0 0 4 0 0 0 0 3 0 0 0 0 0 0 0 0 0 0 0 0 0 993 0 1000 0 0 -11.7
0 0 0 0 0 0 0 1 0 0 0 0 1 0 0 0 0 0 0 0 0 0 0 0 0 0 998 0 1000 0 0 -12.6
0 0 0 0 0 0 0 0 0 0 0 0 1 0 0 0 0 0 0 0 0 0 0 0 0 0 999 0 1000 0 0 -13.5
0 0 0 0 0 0 0 0 0 0 0 0 0 0 0 0 0 0 0 0 0 0 0 0 0 0 1000 0 1000 0 0 -14.4
0 0 0 0 0 0 0 0 0 0 0 0 0 0 0 0 0 0 0 0 0 0 0 0 0 0 1000 0 1000 0 0 -15.3
0 0 0 0 0 0 0 0 0 0 0 0 1 0 0 0 0 0 0 0 0 0 0 0 0 0 999 0 1000 0 0 -16.2
0 0 0 0 0 0 0 0 0 0 0 0 0 0 0 0 0 0 0 0 0 0 0 0 0 0 1000 0 1000 0 0 -17.1
0 0 0 0 0 0 0 0 0 0 0 0 0 0 0 0 0 0 0 0 0 0 0 0 0 0 1000 0 1000 0 0 -18
0 0 0 0 0 0 0 0 0 0 0 0 0 0 0 0 0 0 0 0 0 0 0 0 0 0 1000 0 1000 0 0 -18.9
0 0 0 0 0 0 0 0 0 0 0 0 0 0 0 0 0 0 0 0 0 0 0 0 0 0 1000 0 1000 0 0 -19.8
0 0 0 0 0 0 0 0 0 0 0 0 0 0 0 0 0 0 0 0 0 0 0 0 0 0 1000 0 1000 0 0 -20.7
0 0 0 0 0 0 0 0 0 0 0 0 0 0 0 0 0 0 0 0 0 0 0 0 0 0 1000 0 1000 0 0 -21.6
0 0 0 0 0 0 0 0 0 0 0 0 0 0 0 0 0 0 0 0 0 0 0 0 0 0 1000 0 1000 0 0 -22.5
0 0 0 0 0 0 0 0 0 0 0 0 0 0 0 0 0 0 0 0 0 0 0 0 0 0 1000 0 1000 0 0 -23.4
0 0 0 0 0 0 0 0 0 0 0 0 0 0 0 0 0 0 0 0 0 0 0 0 0 0 1000 0 1000 0 0 -24.3
0 0 0 0 0 0 0 0 0 0 0 0 0 0 0 0 0 0 0 0 0 0 0 0 0 0 1000 0 1000 0 0 -25.2
0 0 0 0 0 0 0 0 0 0 0 0 0 0 0 0 0 0 0 0 0 0 0 0 0 0 1000 0 1000 0 0 -26.1
0 0 0 0 0 0 0 0 0 0 0 0 0 0 0 0 0 0 0 0 0 0 0 0 0 0 1000 0 1000 0 0 -27
0 0 0 0 0 0 0 0 0 0 0 0 0 0 0 0 0 0 0 0 0 0 0 0 0 0 1000 0 1000 0 0 -27.9
0 0 0 0 0 0 0 0 0 0 0 0 0 0 0 0 0 0 0 0 0 0 0 0 0 0 1000 0 1000 0 0 -28.8
0 0 0 0 0 0 0 0 0 0 0 0 0 0 0 0 0 0 0 0 0 0 0 0 0 0 1000 0 1000 0 0 -29.7
0 0 0 0 0 0 0 0 0 0 0 0 0 0 0 0 0 0 0 0 0 0 0 0 0 0 1000 0 1000 0 0 -30.6
0 0 0 0 0 0 0 0 0 0 0 0 0 0 0 0 0 0 0 0 0 0 0 0 0 0 1000 0 1000 0 0 -31.5
0 0 0 0 0 0 0 0 0 0 0 0 0 0 0 0 0 0 0 0 0 0 0 0 0 0 1000 0 1000 0 0 -32.4
0 0 0 0 0 0 0 0 0 0 0 0 0 0 0 0 0 0 0 0 0 0 0 0 0 0 1000 0 1000 0 0 -33.3
0 0 0 0 0 0 0 0 0 0 0 0 0 0 0 0 0 0 0 0 0 0 0 0 0 0 1000 0 1000 0 0 -34.2
