50
0 0 0 0 0 0 0 11 17 0 0 0 58 56 0 0 0 0 0 0 0 0 0 0 0 0 858 0 1000 0 0 9.9
0 0 0 0 0 0 0 86 104 0 0 0 328 364 0 0 0 0 0 0 0 0 0 0 0 0 118 0 1000 0 0 9
0 0 0 0 0 0 0 123 117 0 0 0 384 372 0 0 0 0 0 0 0 0 0 0 0 0 4 0 1000 0 0 8.1
0 0 0 0 0 0 0 116 138 0 0 0 373 368 0 0 0 0 0 0 0 0 0 0 0 0 5 0 1000 0 0 7.2
0 0 0 0 0 0 0 127 155 0 0 0 370 336 0 0 0 0 0 0 0 0 0 0 0 0 12 0 1000 0 0 6.3
0 0 0 0 0 0 0 146 157 0 0 0 354 332 0 0 0 0 0 0 0 0 0 0 0 0 11 0 1000 0 0 5.4
0 0 0 0 0 0 0 166 166 0 0 0 336 310 0 0 0 0 0 0 0 0 0 0 0 0 22 0 1000 0 0 4.5
0 0 0 0 0 0 0 165 157 0 0 0 321 336 0 0 0 0 0 0 0 0 0 0 0 0 21 0 1000 0 0 3.6
0 0 0 0 0 0 0 173 182 0 0 0 302 311 0 0 0 0 1 0 0 0 0 0 0 0 31 0 1000 0 0 2.7
0 0 0 0 0 0 0 152 205 0 0 0 311 296 0 0 0 0 0 0 0 0 0 0 0 0 36 0 1000 0 0 1.8
0 0 0 0 0 0 0 195 173 0 0 0 298 296 0 0 0 0 0 0 0 0 0 0 0 0 38 0 1000 0 0 0.9
0 0 0 0 0 0 0 147 140 0 0 0 270 284 0 0 0 0 0 0 0 0 0 0 0 0 159 0 1000 0 0 0
0 0 0 0 0 0 0 138 150 0 0 0 215 201 0 0 0 0 0 0 0 0 0 0 0 0 296 0 1000 0 0 -0.9
0 0 0 0 0 0 0 101 103 0 0 0 159 185 0 0 0 0 0 0 0 0 0 0 0 0 452 0 1000 0 0 -1.8
0 0 0 0 0 0 0 97 79 0 0 0 132 124 0 0 0 0 1 0 0 0 0 0 0 0 567 0 1000 0 0 -2.7
0 0 0 0 0 0 0 67 53 0 0 0 80 96 0 0 0 0 0 0 0 0 0 0 0 0 704 0 1000 0 0 -3.6
0 0 0 0 0 0 0 48 49 0 0 0 50 71 0 0 0 0 0 0 0 0 0 0 0 0 782 0 1000 0 0 -4.5
0 0 0 0 0 0 0 34 20 1 0 0 49 49 0 0 0 0 1 0 0 0 0 0 0 0 846 0 1000 0 0 -5.4
0 0 0 0 0 0 0 23 14 0 0 0 31 22 0 0 0 0 0 0 0 0 0 0 0 0 910 0 1000 0 0 -6.3
0 0 0 0 0 0 0 10 19 0 0 1 15 20 0 0 0 0 0 0 0 0 0 0 0 0 935 0 1000 0 0 -7.2
0 0 0 0 0 0 0 8 6 0 0 0 15 10 0 0 0 0 0 0 0 0 0 0 0 0 961 0 1000 0 0 -8.1
0 0 0 0 0 0 0 5 3 0 0 0 5 9 0 0 0 0 0 0 0 0 0 0 0 0 978 0 1000 0 0 -9
0 0 0 0 0 0 0 5 1 0 0 0 4 3 0 0 0 0 0 0 0 0 0 0 0 0 987 0 1000 0 0 -9.9
0 0 0 0 0 0 0 0 2 0 0 0 5 3 0 0 0 0 0 0 0 0 0 0 0 0 990 0 1000 0 0 -10.8
0 0 0 0 0 0 0 1 1 0 0 0 0 3 0 0 0 0 0 0 0 0 0 0 0 0 995 0 1000 0 0 -11.7
0 0 0 0 0 0 0 0 0 0 0 0 1 1 0 0 0 0 0 0 0 0 0 0 0 0 998 0 1000 0 0 -12.6
0 0 0 0 0 0 0 1 0 0 0 0 1 1 0 0 0 0 0 0 0 0 0 0 0 0 997 0 1000 0 0 -13.5
0 0 0 0 0 0 0 0 1 0 0 0 1 0 0 0 0 0 0 0 0 0 0 0 0 0 998 0 1000 0 0 -14.4
0 0 0 0 0 0 0 0 0 0 0 0 0 0 0 0 0 0 0 0 0 0 0 0 0 0 1000 0 1000 0 0 -15.3
0 0 0 0 0 0 0 0 0 0 0 0 0 1 0 0 0 0 0 0 0 0 0 0 0 0 999 0 1000 0 0 -16.2
0 0 0 0 0 0 0 0 0 0 0 0 0 0 0 0 0 0 0 0 0 0 0 0 0 0 1000 0 1000 0 0 -17.1
0 0 0 0 0 0 0 0 0 0 0 0 0 0 0 0 0 0 0 0 0 0 0 0 0 0 1000 0 1000 0 0 -18
0 0 0 0 0 0 0 0 0 0 0 0 0 0 0 0 0 0 0 0 0 0 0 0 0 0 1000 0 1000 0 0 -18.9
0 0 0 0 0 0 0 0 0 0 0 0 0 0 0 0 0 0 0 0 0 0 0 0 0 0 1000 0 1000 0 0 -19.8
0 0 0 0 0 0 0 0 0 0 0 0 0 0 0 0 0 0 0 0 0 0 0 0 0 0 1000 0 1000 0 0 -20.7
0 0 0 0 0 0 0 0 0 0 0 0 0 0 0 0 0 0 0 0 0 0 0 0 0 0 1000 0 1000 0 0 -21.6
0 0 0 0 0 0 0 0 0 0 0 0 0 0 0 0 0 0 0 0 0 0 0 0 0 0 1000 0 1000 0 0 -22.5
0 0 0 0 0 0 0 0 0 0 0 0 0 0 0 0 0 0 0 0 0 0 0 0 0 0 1000 0 1000 0 0 -23.4
0 0 0 0 0 0 0 0 0 0 0 0 0 0 0 0 0 0 0 0 0 0 0 0 0 0 1000 0 1000 0 0 -24.3
0 0 0 0 0 0 0 0 0 0 0 0 0 0 0 0 0 0 0 0 0 0 0 0 0 0 1000 0 1000 0 0 -25.2
0 0 0 0 0 0 0 0 0 0 0 0 0 0 0 0 0 0 0 0 0 0 0 0 0 0 1000 0 1000 0 0 -26.1
0 0 0 0 0 0 0 0 0 0 0 0 0 0 0 0 0 0 0 0 0 0 0 0 0 0 1000 0 1000 0 0 -27
0 0 0 0 0 0 0 0 0 0 0 0 0 0 0 0 0 0 0 0 0 0 0 0 0 0 1000 0 1000 0 0 -27.9
0 0 0 0 0 0 0 0 0 0 0 0 0 0 0 0 0 0 0 0 0 0 0 0 0 0 1000 0 1000 0 0 -28.8
0 0 0 0 0 0 0 0 0 0 0 0 0 0 0 0 0 0 0 0 0 0 0 0 0 0 1000 0 1000 0 0 -29.7
0 0 0 0 0 0 0 0 0 0 0 0 0 0 0 0 0 0 0 0 0 0 0 0 0 0 1000 0 1000 0 0 -30.6
0 0 0 0 0 0 0 0 0 0 0 0 0 0 0 0 0 0 0 0 0 0 0 0 0 0 1000 0 1000 0 0 -31.5
0 0 0 0 0 0 0 0 0 0 0 0 0 0 0 0 0 0 0 0 0 0 0 0 0 0 1000 0 1000 0 0 -32.4
0 0 0 0 0 0 0 0 0 0 0 0 0 0 0 0 0 0 0 0 0 0 0 0 0 0 1000 0 1000 0 0 -33.3
0 0 0 0 0 0 0 0 0 0 0 0 0 0 0 0 0 0 0 0 0 0 0 0 0 0 1000 0 1000 0 0 -34.2
