50
0 0 0 0 0 0 0 14 8 0 0 0 473 29 0 0 0 0 0 0 0 0 0 0 0 0 476 0 1000 0 0 9.9
0 0 0 0 0 0 0 108 76 0 0 0 514 217 0 0 0 0 0 0 0 0 0 0 0 0 85 0 1000 0 0 9
0 0 0 0 0 0 0 117 80 0 0 0 584 212 0 0 0 0 0 0 0 0 0 0 0 0 7 0 1000 0 0 8.1
0 0 0 0 0 0 0 115 99 0 0 0 515 260 0 0 0 0 0 0 0 0 0 0 0 0 11 0 1000 0 0 7.2
0 0 0 0 0 0 0 149 110 0 0 0 484 245 0 0 0 0 0 0 0 0 0 0 0 0 12 0 1000 0 0 6.3
0 0 0 0 0 0 0 161 114 0 0 0 438 262 0 0 0 0 0 0 0 0 0 0 0 0 25 0 1000 0 0 5.4
0 0 0 0 0 0 1 188 129 0 0 0 399 262 0 0 0 0 0 0 0 0 0 0 0 0 21 0 1000 0 0 4.5
0 0 0 0 0 0 0 196 147 0 0 0 375 260 0 0 0 1 0 0 0 0 0 0 0 0 21 0 1000 0 0 3.6
0 0 0 1 0 0 0 205 159 0 0 0 344 271 0 0 0 0 0 0 0 0 0 0 0 0 20 0 1000 0 0 2.7
0 0 0 0 0 0 0 186 167 0 0 0 339 270 0 0 0 0 0 0 0 0 0 0 0 0 38 0 1000 0 0 1.8
0 0 0 0 0 0 0 175 158 0 0 0 378 253 0 0 0 0 0 0 0 0 0 0 0 0 36 0 1000 0 0 0.9
0 0 0 0 0 0 0 173 135 0 0 0 315 229 0 0 0 0 0 0 0 0 0 0 0 0 148 0 1000 0 0 0
0 0 0 0 0 0 0 162 123 0 0 0 215 186 0 0 0 0 0 0 0 0 0 0 0 0 314 0 1000 0 0 -0.9
0 0 0 0 0 0 0 126 91 0 0 0 184 146 0 0 0 0 0 0 0 0 0 0 0 0 453 0 1000 0 0 -1.8
0 0 0 0 0 0 1 85 79 0 0 0 137 132 0 0 0 0 0 0 0 0 0 0 0 0 566 0 1000 0 0 -2.7
0 0 0 0 0 0 0 71 61 0 0 0 96 71 0 0 0 1 0 0 0 0 0 0 0 0 700 0 1000 0 0 -3.6
0 0 0 0 0 0 0 50 23 0 0 0 57 49 0 0 0 0 0 0 0 0 0 0 0 0 821 0 1000 0 0 -4.5
0 0 0 0 0 0 0 36 30 0 0 0 50 43 0 0 0 0 0 0 0 0 0 0 0 0 841 0 1000 0 0 -5.4
0 0 0 0 0 0 0 17 21 0 0 0 33 21 0 0 0 0 0 0 0 0 0 0 0 0 908 0 1000 0 0 -6.3
0 0 0 0 0 0 0 17 13 0 0 0 24 25 0 0 0 0 0 0 0 0 0 0 0 0 921 0 1000 0 0 -7.2
0 0 0 0 0 0 0 10 8 0 0 0 14 12 0 0 0 0 0 0 0 0 0 0 0 0 956 0 1000 0 0 -8.1
0 0 0 0 0 0 0 8 5 0 0 0 8 5 0 0 0 0 0 0 0 0 0 0 0 0 974 0 1000 0 0 -9
0 0 0 0 0 0 0 5 1 0 0 0 4 5 0 0 0 0 0 0 0 0 0 0 0 0 985 0 1000 0 0 -9.9
0 0 0 0 0 0 0 2 3 0 0 0 2 0 0 0 0 0 0 0 0 0 0 0 0 0 993 0 1000 0 0 -10.8
0 0 0 0 0 0 0 3 1 0 0 0 1 4 0 0 0 0 0 0 0 0 0 0 0 0 991 0 1000 0 0 -11.7
0 0 0 0 0 0 0 1 1 0 0 0 1 1 0 0 0 0 0 0 0 0 0 0 0 0 996 0 1000 0 0 -12.6
0 0 0 0 0 0 0 1 0 0 0 0 2 0 0 0 0 0 0 0 0 0 0 0 0 0 997 0 1000 0 0 -13.5
0 0 0 0 0 0 0 2 0 0 0 0 0 0 0 0 0 0 0 0 0 0 0 0 0 0 998 0 1000 0 0 -14.4
0 0 0 0 0 0 0 0 0 0 0 0 0 0 0 0 0 0 0 0 0 0 0 0 0 0 1000 0 1000 0 0 -15.3
0 0 0 0 0 0 0 0 0 0 0 0 0 0 0 0 0 0 0 0 0 0 0 0 0 0 1000 0 1000 0 0 -16.2
0 0 0 0 0 0 0 0 0 0 0 0 0 0 0 0 0 0 0 0 0 0 0 0 0 0 1000 0 1000 0 0 -17.1
0 0 0 0 0 0 0 0 0 0 0 0 0 0 0 0 0 0 0 0 0 0 0 0 0 0 1000 0 1000 0 0 -18
0 0 0 0 0 0 0 0 0 0 0 0 0 0 0 0 0 0 0 0 0 0 0 0 0 0 1000 0 1000 0 0 -18.9
0 0 0 0 0 0 0 0 0 0 0 0 0 0 0 0 0 0 0 0 0 0 0 0 0 0 1000 0 1000 0 0 -19.8
0 0 0 0 0 0 0 0 0 0 0 0 0 0 0 0 0 0 0 0 0 0 0 0 0 0 1000 0 1000 0 0 -20.7
0 0 0 0 0 0 0 0 0 0 0 0 0 0 0 0 0 0 0 0 0 0 0 0 0 0 1000 0 1000 0 0 -21.6
0 0 0 0 0 0 0 0 0 0 0 0 0 0 0 0 0 0 0 0 0 0 0 0 0 0 1000 0 1000 0 0 -22.5
0 0 0 0 0 0 0 0 0 0 0 0 0 0 0 0 0 0 0 0 0 0 0 0 0 0 1000 0 1000 0 0 -23.4
0 0 0 0 0 0 0 0 0 0 0 0 0 0 0 0 0 0 0 0 0 0 0 0 0 0 1000 0 1000 0 0 -24.3
0 0 0 0 0 0 0 0 0 0 0 0 0 0 0 0 0 0 0 0 0 0 0 0 0 0 1000 0 1000 0 0 -25.2
0 0 0 0 0 0 0 0 0 0 0 0 0 0 0 0 0 0 0 0 0 0 0 0 0 0 1000 0 1000 0 0 -26.1
0 0 0 0 0 0 0 0 0 0 0 0 0 0 0 0 0 0 0 0 0 0 0 0 0 0 1000 0 1000 0 0 -27
0 0 0 0 0 0 0 0 0 0 0 0 0 0 0 0 0 0 0 0 0 0 0 0 0 0 1000 0 1000 0 0 -27.9
0 0 0 0 0 0 0 0 0 0 0 0 0 0 0 0 0 0 0 0 0 0 0 0 0 0 1000 0 1000 0 0 -28.8
0 0 0 0 0 0 0 0 0 0 0 0 0 0 0 0 0 0 0 0 0 0 0 0 0 0 1000 0 1000 0 0 -29.7
0 0 0 0 0 0 0 0 0 0 0 0 0 0 0 0 0 0 0 0 0 0 0 0 0 0 1000 0 1000 0 0 -30.6
0 0 0 0 0 0 0 0 0 0 0 0 0 0 0 0 0 0 0 0 0 0 0 0 0 0 1000 0 1000 0 0 -31.5
0 0 0 0 0 0 0 0 0 0 0 0 0 0 0 0 0 0 0 0 0 0 0 0 0 0 1000 0 1000 0 0 -32.4
0 0 0 0 0 0 0 0 0 0 0 0 0 0 0 0 0 0 0 0 0 0 0 0 0 0 1000 0 1000 0 0 -33.3
0 0 0 0 0 0 0 0 0 0 0 0 0 0 0 0 0 0 0 0 0 0 0 0 0 0 1000 0 1000 0 0 -34.2
