50
0 0 0 0 0 0 0 11 4 0 0 0 923 9 0 0 0 0 0 0 0 0 0 0 0 0 53 0 1000 0 0 9.9
0 0 0 0 0 0 0 112 52 0 0 0 669 121 0 0 0 0 0 0 0 0 0 0 0 0 46 0 1000 0 0 9
0 0 0 0 0 0 0 88 34 0 0 0 789 83 0 0 0 0 0 0 0 0 0 0 0 0 6 0 1000 0 0 8.1
0 0 0 0 0 0 0 115 55 0 0 0 685 140 0 0 0 0 0 0 0 0 0 0 0 0 5 0 1000 0 0 7.2
0 0 0 0 0 0 0 164 83 0 0 0 594 153 0 0 0 0 0 0 0 0 0 0 0 0 6 0 1000 0 0 6.3
0 0 0 0 0 0 0 198 95 1 0 0 497 193 0 0 0 0 0 0 0 0 0 0 0 0 16 0 1000 0 0 5.4
0 0 0 0 0 0 0 203 112 0 0 0 445 215 0 0 0 0 0 0 0 0 0 0 0 0 25 0 1000 0 0 4.5
0 0 0 0 0 0 0 213 114 0 0 0 420 233 0 0 0 0 0 0 0 0 0 0 0 0 20 0 1000 0 0 3.6
0 0 0 0 0 0 0 224 139 0 0 0 381 227 0 0 0 0 0 0 0 0 0 0 0 0 29 0 1000 0 0 2.7
0 0 0 0 0 0 0 232 133 0 0 0 393 218 0 0 0 0 0 0 0 0 0 0 0 0 24 0 1000 0 0 1.8
0 0 0 0 0 0 0 234 134 0 0 0 383 217 0 0 0 0 0 0 0 0 0 0 0 0 32 0 1000 0 0 0.9
0 0 0 0 0 0 0 197 129 0 0 0 309 215 0 0 0 0 0 0 0 0 0 0 0 0 150 0 1000 0 0 0
0 0 0 0 0 0 0 160 121 0 0 0 257 155 0 0 0 0 0 0 0 0 0 0 0 0 307 0 1000 0 0 -0.9
0 0 0 0 0 0 0 122 84 0 0 1 196 139 0 0 0 0 0 0 0 0 0 0 0 0 458 0 1000 0 0 -1.8
0 0 0 0 0 0 0 81 70 0 0 0 146 99 0 0 0 0 0 0 0 0 0 0 0 0 604 0 1000 0 0 -2.7
0 0 0 0 0 0 0 50 40 0 0 1 116 73 0 0 0 0 0 0 0 0 0 0 0 0 720 0 1000 0 0 -3.6
0 0 0 0 0 0 0 49 37 0 0 0 84 56 0 0 0 0 1 0 0 0 0 0 0 0 773 0 1000 0 0 -4.5
0 0 0 0 0 0 1 26 20 0 0 0 63 26 0 0 0 0 0 0 0 0 0 0 0 0 864 0 1000 0 0 -5.4
0 0 0 0 0 0 0 24 18 0 0 0 37 19 0 0 0 0 0 0 0 0 0 0 0 0 902 0 1000 0 0 -6.3
0 0 0 0 0 0 0 21 7 0 0 0 23 12 0 0 0 0 0 0 0 0 0 0 0 0 937 0 1000 0 0 -7.2
0 0 0 0 0 0 0 10 10 0 0 0 23 7 0 0 0 0 0 0 0 0 0 0 0 0 950 0 1000 0 0 -8.1
0 0 0 0 0 0 0 6 5 0 0 0 7 8 0 0 0 0 0 0 0 0 0 0 0 0 974 0 1000 0 0 -9
0 0 0 0 0 0 0 7 2 0 0 0 3 4 0 0 0 0 0 0 0 0 0 0 0 0 984 0 1000 0 0 -9.9
0 0 0 0 0 0 0 1 0 0 0 0 1 0 0 0 0 0 0 0 0 0 0 0 0 0 998 0 1000 0 0 -10.8
0 0 0 0 0 0 0 1 0 0 0 0 1 2 0 0 0 0 0 0 0 0 0 0 0 0 996 0 1000 0 0 -11.7
0 0 0 0 0 0 0 1 0 0 0 0 2 2 0 0 0 0 0 0 0 0 0 0 0 0 995 0 1000 0 0 -12.6
0 0 0 0 0 0 0 0 0 0 0 0 0 0 0 0 0 0 0 0 0 0 0 0 0 0 1000 0 1000 0 0 -13.5
0 0 0 0 0 0 0 0 0 0 0 0 0 0 0 0 0 0 0 0 0 0 0 0 0 0 1000 0 1000 0 0 -14.4
0 0 0 0 0 0 0 0 1 0 0 0 0 0 0 0 0 0 0 0 0 0 0 0 0 0 999 0 1000 0 0 -15.3
0 0 0 0 0 0 0 0 0 0 0 0 0 0 0 0 0 0 0 0 0 0 0 0 0 0 1000 0 1000 0 0 -16.2
0 0 0 0 0 0 0 1 0 0 0 0 0 0 0 0 0 0 0 0 0 0 0 0 0 0 999 0 1000 0 0 -17.1
0 0 0 0 0 0 0 0 0 0 0 0 0 0 0 0 0 0 0 0 0 0 0 0 0 0 1000 0 1000 0 0 -18
0 0 0 0 0 0 0 0 0 0 0 0 0 0 0 0 0 0 0 0 0 0 0 0 0 0 1000 0 1000 0 0 -18.9
0 0 0 0 0 0 0 0 0 0 0 0 0 0 0 0 0 0 0 0 0 0 0 0 0 0 1000 0 1000 0 0 -19.8
0 0 0 0 0 0 0 0 0 0 0 0 0 0 0 0 0 0 0 0 0 0 0 0 0 0 1000 0 1000 0 0 -20.7
0 0 0 0 0 0 0 0 0 0 0 0 0 0 0 0 0 0 0 0 0 0 0 0 0 0 1000 0 1000 0 0 -21.6
0 0 0 0 0 0 0 0 0 0 0 0 0 0 0 0 0 0 0 0 0 0 0 0 0 0 1000 0 1000 0 0 -22.5
0 0 0 0 0 0 0 0 0 0 0 0 0 0 0 0 0 0 0 0 0 0 0 0 0 0 1000 0 1000 0 0 -23.4
0 0 0 0 0 0 0 0 0 0 0 0 0 0 0 0 0 0 0 0 0 0 0 0 0 0 1000 0 1000 0 0 -24.3
0 0 0 0 0 0 0 0 0 0 0 0 0 0 0 0 0 0 0 0 0 0 0 0 0 0 1000 0 1000 0 0 -25.2
0 0 0 0 0 0 0 0 0 0 0 0 0 0 0 0 0 0 0 0 0 0 0 0 0 0 1000 0 1000 0 0 -26.1
0 0 0 0 0 0 0 0 0 0 0 0 0 0 0 0 0 0 0 0 0 0 0 0 0 0 1000 0 1000 0 0 -27
0 0 0 0 0 0 0 0 0 0 0 0 0 0 0 0 0 0 0 0 0 0 0 0 0 0 1000 0 1000 0 0 -27.9
0 0 0 0 0 0 0 0 0 0 0 0 0 0 0 0 0 0 0 0 0 0 0 0 0 0 1000 0 1000 0 0 -28.8
0 0 0 0 0 0 0 0 0 0 0 0 0 0 0 0 0 0 0 0 0 0 0 0 0 0 1000 0 1000 0 0 -29.7
0 0 0 0 0 0 0 0 0 0 0 0 0 0 0 0 0 0 0 0 0 0 0 0 0 0 1000 0 1000 0 0 -30.6
0 0 0 0 0 0 0 0 0 0 0 0 0 0 0 0 0 0 0 0 0 0 0 0 0 0 1000 0 1000 0 0 -31.5
0 0 0 0 0 0 0 0 0 0 0 0 0 0 0 0 0 0 0 0 0 0 0 0 0 0 1000 0 1000 0 0 -32.4
0 0 0 0 0 0 0 0 0 0 0 0 0 0 0 0 0 0 0 0 0 0 0 0 0 0 1000 0 1000 0 0 -33.3
0 0 0 0 0 0 0 0 0 0 0 0 0 0 0 0 0 0 0 0 0 0 0 0 0 0 1000 0 1000 0 0 -34.2
