50
0 0 0 0 0 0 0 0 0 0 0 0 956 13 0 0 0 0 0 0 0 0 0 0 0 0 31 0 1000 0 0 9.9
0 0 0 0 0 0 0 1 4 0 0 0 886 83 0 0 0 0 0 0 0 0 0 0 0 0 26 0 1000 0 0 9
0 0 0 0 0 0 0 0 0 0 0 0 985 15 0 0 0 0 0 0 0 0 0 0 0 0 0 0 1000 0 0 8.1
0 0 0 0 0 0 0 2 2 0 0 0 959 37 0 0 0 0 0 0 0 0 0 0 0 0 0 0 1000 0 0 7.2
0 0 0 0 0 0 0 10 7 0 0 0 874 106 0 0 0 0 0 0 0 0 0 0 0 0 3 0 1000 0 0 6.3
0 0 0 0 0 0 0 19 15 0 0 0 777 183 0 0 0 0 0 0 0 0 0 0 0 0 6 0 1000 0 0 5.4
0 0 0 0 0 0 0 35 23 0 0 0 690 243 0 0 0 0 0 0 0 0 0 0 0 0 9 0 1000 0 0 4.5
0 0 0 0 0 0 0 55 39 0 0 0 623 267 0 0 0 0 0 0 0 0 0 0 0 0 16 0 1000 0 0 3.6
0 0 0 0 0 0 0 44 36 0 0 0 616 283 0 0 0 0 0 0 0 0 0 0 0 0 21 0 1000 0 0 2.7
0 0 0 0 0 0 0 71 47 0 0 0 580 276 0 0 0 1 0 0 0 0 0 0 0 0 25 0 1000 0 0 1.8
0 0 0 0 0 0 0 63 49 0 0 0 607 254 0 0 0 0 0 0 0 0 0 0 0 0 27 0 1000 0 0 0.9
0 0 0 0 0 0 0 52 39 0 0 0 500 261 0 0 0 0 0 0 0 0 0 0 0 0 148 0 1000 0 0 0
0 0 0 0 0 0 0 50 44 0 0 0 361 225 0 0 0 0 0 0 0 0 0 0 0 0 320 0 1000 0 0 -0.9
0 0 0 0 0 0 0 56 31 0 0 0 261 187 0 0 0 1 0 0 0 0 0 0 0 0 464 0 1000 0 0 -1.8
0 0 0 0 0 0 0 56 27 0 0 0 219 128 0 0 0 0 0 0 0 0 0 0 0 0 570 0 1000 0 0 -2.7
0 0 0 0 0 0 0 33 37 0 0 0 141 107 0 0 0 0 0 0 0 0 0 0 0 0 682 0 1000 0 0 -3.6
0 0 0 0 0 0 0 28 13 0 0 0 110 54 0 0 0 0 0 0 0 0 0 0 0 0 795 0 1000 0 0 -4.5
0 0 0 0 0 0 0 21 10 0 0 0 64 38 0 0 0 0 0 0 0 0 0 0 0 0 867 0 1000 0 0 -5.4
0 0 0 0 0 0 0 14 4 0 0 0 42 32 0 0 0 0 0 0 0 0 0 0 0 0 908 0 1000 0 0 -6.3
0 0 0 0 0 0 0 4 5 0 0 0 34 22 0 0 0 0 0 0 0 0 0 0 0 0 935 0 1000 0 0 -7.2
0 0 0 0 0 0 0 3 3 0 0 0 21 13 0 0 0 0 0 0 0 0 0 0 0 0 960 0 1000 0 0 -8.1
0 0 0 0 0 0 0 3 3 0 0 0 12 11 0 0 0 0 0 0 0 0 0 0 0 0 971 0 1000 0 0 -9
0 0 0 0 0 0 0 4 2 0 0 0 3 6 0 0 0 0 0 0 0 0 0 0 0 0 985 0 1000 0 0 -9.9
0 0 0 0 0 0 0 0 0 0 0 0 5 2 0 0 0 0 0 0 0 0 0 0 0 0 993 0 1000 0 0 -10.8
0 0 0 0 0 0 0 0 1 0 0 0 4 0 0 0 0 0 0 0 0 0 0 0 0 0 995 0 1000 0 0 -11.7
0 0 0 0 0 0 0 1 0 0 0 0 3 2 0 0 0 0 0 0 0 0 0 0 0 0 994 0 1000 0 0 -12.6
0 0 0 0 0 0 0 1 0 0 0 0 1 0 0 0 0 0 0 0 0 0 0 0 0 0 998 0 1000 0 0 -13.5
0 0 0 0 0 0 0 1 0 0 0 0 1 0 0 0 0 0 0 0 0 0 0 0 0 0 998 0 1000 0 0 -14.4
0 0 0 0 0 0 0 0 0 0 0 0 0 0 0 0 0 0 0 0 0 0 0 0 0 0 1000 0 1000 0 0 -15.3
0 0 0 0 0 0 0 0 0 0 0 0 0 0 0 0 0 0 0 0 0 0 0 0 0 0 1000 0 1000 0 0 -16.2
0 0 0 0 0 0 0 0 0 0 0 0 0 0 0 0 0 0 0 0 0 0 0 0 0 0 1000 0 1000 0 0 -17.1
0 0 0 0 0 0 0 0 0 0 0 0 0 0 0 0 0 0 0 0 0 0 0 0 0 0 1000 0 1000 0 0 -18
0 0 0 0 0 0 0 0 0 0 0 0 0 0 0 0 0 0 0 0 0 0 0 0 0 0 1000 0 1000 0 0 -18.9
0 0 0 0 0 0 0 0 0 0 0 0 0 0 0 0 0 0 0 0 0 0 0 0 0 0 1000 0 1000 0 0 -19.8
0 0 0 0 0 0 0 0 0 0 0 0 0 0 0 0 0 0 0 0 0 0 0 0 0 0 1000 0 1000 0 0 -20.7
0 0 0 0 0 0 0 0 0 0 0 0 0 0 0 0 0 0 0 0 0 0 0 0 0 0 1000 0 1000 0 0 -21.6
0 0 0 0 0 0 0 0 0 0 0 0 0 0 0 0 0 0 0 0 0 0 0 0 0 0 1000 0 1000 0 0 -22.5
0 0 0 0 0 0 0 0 0 0 0 0 0 0 0 0 0 0 0 0 0 0 0 0 0 0 1000 0 1000 0 0 -23.4
0 0 0 0 0 0 0 0 0 0 0 0 0 0 0 0 0 0 0 0 0 0 0 0 0 0 1000 0 1000 0 0 -24.3
0 0 0 0 0 0 0 0 0 0 0 0 0 0 0 0 0 0 0 0 0 0 0 0 0 0 1000 0 1000 0 0 -25.2
0 0 0 0 0 0 0 0 0 0 0 0 0 0 0 0 0 0 0 0 0 0 0 0 0 0 1000 0 1000 0 0 -26.1
0 0 0 0 0 0 0 0 0 0 0 0 0 0 0 0 0 0 0 0 0 0 0 0 0 0 1000 0 1000 0 0 -27
0 0 0 0 0 0 0 0 0 0 0 0 0 0 0 0 0 0 0 0 0 0 0 0 0 0 1000 0 1000 0 0 -27.9
0 0 0 0 0 0 0 0 0 0 0 0 0 0 0 0 0 0 0 0 0 0 0 0 0 0 1000 0 1000 0 0 -28.8
0 0 0 0 0 0 0 0 0 0 0 0 0 0 0 0 0 0 0 0 0 0 0 0 0 0 1000 0 1000 0 0 -29.7
0 0 0 0 0 0 0 0 0 0 0 0 0 0 0 0 0 0 0 0 0 0 0 0 0 0 1000 0 1000 0 0 -30.6
0 0 0 0 0 0 0 0 0 0 0 0 0 0 0 0 0 0 0 0 0 0 0 0 0 0 1000 0 1000 0 0 -31.5
0 0 0 0 0 0 0 0 0 0 0 0 0 0 0 0 0 0 0 0 0 0 0 0 0 0 1000 0 1000 0 0 -32.4
0 0 0 0 0 0 0 0 0 0 0 0 0 0 0 0 0 0 0 0 0 0 0 0 0 0 1000 0 1000 0 0 -33.3
0 0 0 0 0 0 0 0 0 0 0 0 0 0 0 0 0 0 0 0 0 0 0 0 0 0 1000 0 1000 0 0 -34.2
