50
0 0 0 0 0 0 0 0 0 0 0 0 507 29 0 0 0 0 0 0 0 0 0 0 0 0 464 0 1000 0 0 9.9
0 0 0 0 0 0 0 0 0 0 0 0 723 220 0 0 0 0 0 0 0 0 0 0 0 0 57 0 1000 0 0 9
0 0 0 0 0 0 0 0 0 0 0 0 827 172 0 0 0 0 0 0 0 0 0 0 0 0 1 0 1000 0 0 8.1
0 0 0 0 0 0 0 0 1 0 0 0 835 163 0 0 0 0 0 0 0 0 0 0 0 0 1 0 1000 0 0 7.2
0 0 0 0 0 0 0 1 0 0 0 0 778 220 0 0 0 0 0 0 0 0 0 0 0 0 1 0 1000 0 0 6.3
0 0 0 0 0 0 0 2 2 0 0 0 697 296 0 0 0 1 0 0 0 0 0 0 0 0 2 0 1000 0 0 5.4
0 0 0 0 0 0 0 4 4 0 0 0 628 357 0 0 0 1 0 0 0 0 0 0 0 0 6 0 1000 0 0 4.5
0 0 0 0 0 0 0 10 3 0 0 0 614 366 0 0 0 0 0 0 0 0 0 0 0 0 7 0 1000 0 0 3.6
0 0 0 0 0 0 0 9 17 0 0 0 588 376 0 0 0 0 2 0 0 0 0 0 0 0 8 0 1000 0 0 2.7
0 0 0 0 0 0 0 12 12 0 0 0 568 395 0 0 0 1 1 0 0 0 0 0 0 0 11 0 1000 0 0 1.8
0 0 0 0 0 0 0 15 15 0 0 0 571 377 0 0 0 2 1 0 0 0 0 0 0 0 19 0 1000 0 0 0.9
0 0 0 0 0 0 0 14 15 0 0 0 478 359 0 0 0 2 3 0 0 0 0 0 0 0 129 0 1000 0 0 0
0 0 0 0 0 0 0 14 9 0 0 0 390 272 0 0 0 5 1 0 0 0 0 0 0 0 309 0 1000 0 0 -0.9
0 0 0 0 0 0 0 17 13 0 0 0 300 206 0 0 0 0 2 0 0 0 0 0 0 0 462 0 1000 0 0 -1.8
0 0 0 0 0 0 0 8 13 0 0 0 244 162 0 0 0 4 1 0 0 0 0 0 0 0 568 0 1000 0 0 -2.7
0 0 0 0 0 0 0 12 15 0 0 0 170 135 0 0 0 2 2 0 0 0 0 0 0 0 664 0 1000 0 0 -3.6
0 0 0 0 0 0 0 6 9 0 0 0 108 83 0 0 0 1 0 0 0 0 0 0 0 0 793 0 1000 0 0 -4.5
0 0 0 0 0 0 0 5 5 0 0 0 75 72 0 0 0 2 1 0 0 0 0 0 0 0 840 0 1000 0 0 -5.4
0 0 0 0 0 0 0 4 3 0 0 0 45 44 0 0 0 1 1 0 0 0 0 0 0 0 902 0 1000 0 0 -6.3
0 0 0 0 0 0 0 3 2 0 0 0 37 29 0 0 0 0 1 0 0 0 0 0 0 0 928 0 1000 0 0 -7.2
0 0 0 0 0 0 0 1 1 0 0 0 24 19 0 0 0 0 0 0 0 0 0 0 0 0 955 0 1000 0 0 -8.1
0 0 0 0 0 0 0 0 1 0 0 0 23 12 0 0 0 1 0 0 0 0 0 0 0 0 963 0 1000 0 0 -9
0 0 0 0 0 0 0 1 0 0 0 0 7 6 0 0 0 0 0 0 0 0 0 0 0 0 986 0 1000 0 0 -9.9
0 0 0 0 0 0 0 0 0 0 0 0 1 2 0 0 0 0 0 0 0 0 0 0 0 0 997 0 1000 0 0 -10.8
0 0 0 0 0 0 0 1 0 0 0 0 2 3 0 0 0 0 0 0 0 0 0 0 0 0 994 0 1000 0 0 -11.7
0 0 0 0 0 0 0 0 0 0 0 0 0 0 0 0 0 0 0 0 0 0 0 0 0 0 1000 0 1000 0 0 -12.6
0 0 0 0 0 0 0 0 0 0 0 0 1 0 0 0 0 0 0 0 0 0 0 0 0 0 999 0 1000 0 0 -13.5
0 0 0 0 0 0 0 0 0 0 0 0 1 1 0 0 0 0 0 0 0 0 0 0 0 0 998 0 1000 0 0 -14.4
0 0 0 0 0 0 0 0 0 0 0 0 0 0 0 0 0 0 0 0 0 0 0 0 0 0 1000 0 1000 0 0 -15.3
0 0 0 0 0 0 0 0 0 0 0 0 0 0 0 0 0 0 0 0 0 0 0 0 0 0 1000 0 1000 0 0 -16.2
0 0 0 0 0 0 0 0 0 0 0 0 1 0 0 0 0 0 0 0 0 0 0 0 0 0 999 0 1000 0 0 -17.1
0 0 0 0 0 0 0 0 0 0 0 0 0 0 0 0 0 0 0 0 0 0 0 0 0 0 1000 0 1000 0 0 -18
0 0 0 0 0 0 0 0 0 0 0 0 0 0 0 0 0 0 0 0 0 0 0 0 0 0 1000 0 1000 0 0 -18.9
0 0 0 0 0 0 0 0 0 0 0 0 0 0 0 0 0 0 0 0 0 0 0 0 0 0 1000 0 1000 0 0 -19.8
0 0 0 0 0 0 0 0 0 0 0 0 0 0 0 0 0 0 0 0 0 0 0 0 0 0 1000 0 1000 0 0 -20.7
0 0 0 0 0 0 0 0 0 0 0 0 0 0 0 0 0 0 0 0 0 0 0 0 0 0 1000 0 1000 0 0 -21.6
0 0 0 0 0 0 0 0 0 0 0 0 0 0 0 0 0 0 0 0 0 0 0 0 0 0 1000 0 1000 0 0 -22.5
0 0 0 0 0 0 0 0 0 0 0 0 0 0 0 0 0 0 0 0 0 0 0 0 0 0 1000 0 1000 0 0 -23.4
0 0 0 0 0 0 0 0 0 0 0 0 0 0 0 0 0 0 0 0 0 0 0 0 0 0 1000 0 1000 0 0 -24.3
0 0 0 0 0 0 0 0 0 0 0 0 0 0 0 0 0 0 0 0 0 0 0 0 0 0 1000 0 1000 0 0 -25.2
0 0 0 0 0 0 0 0 0 0 0 0 0 0 0 0 0 0 0 0 0 0 0 0 0 0 1000 0 1000 0 0 -26.1
0 0 0 0 0 0 0 0 0 0 0 0 0 0 0 0 0 0 0 0 0 0 0 0 0 0 1000 0 1000 0 0 -27
0 0 0 0 0 0 0 0 0 0 0 0 0 0 0 0 0 0 0 0 0 0 0 0 0 0 1000 0 1000 0 0 -27.9
0 0 0 0 0 0 0 0 0 0 0 0 0 0 0 0 0 0 0 0 0 0 0 0 0 0 1000 0 1000 0 0 -28.8
0 0 0 0 0 0 0 0 0 0 0 0 0 0 0 0 0 0 0 0 0 0 0 0 0 0 1000 0 1000 0 0 -29.7
0 0 0 0 0 0 0 0 0 0 0 0 0 0 0 0 0 0 0 0 0 0 0 0 0 0 1000 0 1000 0 0 -30.6
0 0 0 0 0 0 0 0 0 0 0 0 0 0 0 0 0 0 0 0 0 0 0 0 0 0 1000 0 1000 0 0 -31.5
0 0 0 0 0 0 0 0 0 0 0 0 0 0 0 0 0 0 0 0 0 0 0 0 0 0 1000 0 1000 0 0 -32.4
0 0 0 0 0 0 0 0 0 0 0 0 0 0 0 0 0 0 0 0 0 0 0 0 0 0 1000 0 1000 0 0 -33.3
0 0 0 0 0 0 0 0 0 0 0 0 0 0 0 0 0 0 0 0 0 0 0 0 0 0 1000 0 1000 0 0 -34.2
