50
0 0 0 0 0 0 0 0 1 0 0 0 999 0 0 0 0 0 0 0 0 0 0 0 0 0 0 0 1000 0 0 9.9
0 0 0 0 0 0 0 1 0 0 0 0 999 0 0 0 0 0 0 0 0 0 0 0 0 0 0 0 1000 0 0 9
0 0 0 0 0 0 0 0 0 0 0 0 999 1 0 0 0 0 0 0 0 0 0 0 0 0 0 0 1000 0 0 8.1
0 0 0 0 0 0 0 0 0 0 0 0 1000 0 0 0 0 0 0 0 0 0 0 0 0 0 0 0 1000 0 0 7.2
0 0 0 0 0 0 0 4 1 0 0 0 993 2 0 0 0 0 0 0 0 0 0 0 0 0 0 0 1000 0 0 6.3
0 0 0 0 0 0 0 15 6 0 0 0 949 26 0 0 0 0 0 0 0 0 0 0 0 0 4 0 1000 0 0 5.4
0 0 0 0 0 0 0 56 18 0 0 0 861 62 0 0 0 0 0 0 0 0 0 0 0 0 3 0 1000 0 0 4.5
0 0 0 0 0 0 0 61 22 0 0 0 803 99 0 0 0 1 0 0 0 0 0 0 0 0 14 0 1000 0 0 3.6
0 0 0 0 0 0 0 73 23 0 0 0 755 132 0 0 0 0 0 0 0 0 0 0 0 0 17 0 1000 0 0 2.7
0 0 0 0 0 0 0 88 28 0 0 0 723 144 0 0 0 1 0 0 0 0 0 0 0 0 16 0 1000 0 0 1.8
0 0 0 0 0 0 0 99 32 0 0 0 706 148 0 0 0 0 0 0 0 0 0 0 0 0 15 0 1000 0 0 0.9
0 0 0 0 0 0 0 86 48 0 0 0 579 138 0 0 0 0 1 0 0 0 0 0 0 0 148 0 1000 0 0 0
0 0 0 0 0 0 0 106 30 0 0 1 436 130 0 0 0 0 1 0 0 0 0 0 0 0 296 0 1000 0 0 -0.9
0 0 0 0 0 0 0 68 23 0 0 1 346 106 0 0 0 0 0 0 0 0 0 0 0 0 456 0 1000 0 0 -1.8
0 0 0 0 0 0 0 68 15 0 0 0 257 75 0 0 0 0 0 0 0 0 0 0 0 0 585 0 1000 0 0 -2.7
0 0 0 0 0 0 0 38 20 0 0 1 182 67 0 0 0 1 0 0 0 0 0 0 0 0 691 0 1000 0 0 -3.6
0 0 0 0 0 0 0 40 15 0 0 0 110 51 0 0 0 0 0 0 0 0 0 0 0 0 784 0 1000 0 0 -4.5
0 0 0 0 0 0 0 25 9 0 0 0 90 34 0 0 0 0 0 0 0 0 0 0 0 0 842 0 1000 0 0 -5.4
0 0 0 0 0 0 0 14 6 0 0 0 49 18 0 0 0 0 0 0 0 0 0 0 0 0 913 0 1000 0 0 -6.3
0 0 0 0 0 0 0 9 2 0 0 0 30 10 0 0 0 0 0 0 0 0 0 0 0 0 949 0 1000 0 0 -7.2
0 0 0 0 0 0 0 10 2 0 0 0 27 11 0 0 0 0 0 0 0 0 0 0 0 0 950 0 1000 0 0 -8.1
0 0 0 0 0 0 0 3 2 0 0 0 9 5 0 0 0 0 0 0 0 0 0 0 0 0 981 0 1000 0 0 -9
0 0 0 0 0 0 0 4 0 0 0 0 4 2 0 0 0 0 0 0 0 0 0 0 0 0 990 0 1000 0 0 -9.9
0 0 0 0 0 0 0 0 0 0 0 0 5 1 0 0 0 0 0 0 0 0 0 0 0 0 994 0 1000 0 0 -10.8
0 0 0 0 0 0 0 0 0 0 0 0 3 0 0 0 0 0 0 0 0 0 0 0 0 0 997 0 1000 0 0 -11.7
0 0 0 0 0 0 0 0 0 0 0 0 0 1 0 0 0 0 0 0 0 0 0 0 0 0 999 0 1000 0 0 -12.6
0 0 0 0 0 0 0 0 1 0 0 0 2 0 0 0 0 0 0 0 0 0 0 0 0 0 997 0 1000 0 0 -13.5
0 0 0 0 0 0 0 0 0 0 0 0 0 0 0 0 0 0 0 0 0 0 0 0 0 0 1000 0 1000 0 0 -14.4
0 0 0 0 0 0 0 0 0 0 0 0 0 0 0 0 0 0 0 0 0 0 0 0 0 0 1000 0 1000 0 0 -15.3
0 0 0 0 0 0 0 0 0 0 0 0 0 0 0 0 0 0 0 0 0 0 0 0 0 0 1000 0 1000 0 0 -16.2
0 0 0 0 0 0 0 0 0 0 0 0 0 0 0 0 0 0 0 0 0 0 0 0 0 0 1000 0 1000 0 0 -17.1
0 0 0 0 0 0 0 0 0 0 0 0 0 0 0 0 0 0 0 0 0 0 0 0 0 0 1000 0 1000 0 0 -18
0 0 0 0 0 0 0 0 0 0 0 0 0 0 0 0 0 0 0 0 0 0 0 0 0 0 1000 0 1000 0 0 -18.9
0 0 0 0 0 0 0 0 0 0 0 0 0 0 0 0 0 0 0 0 0 0 0 0 0 0 1000 0 1000 0 0 -19.8
0 0 0 0 0 0 0 0 0 0 0 0 0 0 0 0 0 0 0 0 0 0 0 0 0 0 1000 0 1000 0 0 -20.7
0 0 0 0 0 0 0 0 0 0 0 0 0 0 0 0 0 0 0 0 0 0 0 0 0 0 1000 0 1000 0 0 -21.6
0 0 0 0 0 0 0 0 0 0 0 0 0 0 0 0 0 0 0 0 0 0 0 0 0 0 1000 0 1000 0 0 -22.5
0 0 0 0 0 0 0 0 0 0 0 0 0 0 0 0 0 0 0 0 0 0 0 0 0 0 1000 0 1000 0 0 -23.4
0 0 0 0 0 0 0 0 0 0 0 0 0 0 0 0 0 0 0 0 0 0 0 0 0 0 1000 0 1000 0 0 -24.3
0 0 0 0 0 0 0 0 0 0 0 0 0 0 0 0 0 0 0 0 0 0 0 0 0 0 1000 0 1000 0 0 -25.2
0 0 0 0 0 0 0 0 0 0 0 0 0 0 0 0 0 0 0 0 0 0 0 0 0 0 1000 0 1000 0 0 -26.1
0 0 0 0 0 0 0 0 0 0 0 0 0 0 0 0 0 0 0 0 0 0 0 0 0 0 1000 0 1000 0 0 -27
0 0 0 0 0 0 0 0 0 0 0 0 0 0 0 0 0 0 0 0 0 0 0 0 0 0 1000 0 1000 0 0 -27.9
0 0 0 0 0 0 0 0 0 0 0 0 0 0 0 0 0 0 0 0 0 0 0 0 0 0 1000 0 1000 0 0 -28.8
0 0 0 0 0 0 0 0 0 0 0 0 0 0 0 0 0 0 0 0 0 0 0 0 0 0 1000 0 1000 0 0 -29.7
0 0 0 0 0 0 0 0 0 0 0 0 0 0 0 0 0 0 0 0 0 0 0 0 0 0 1000 0 1000 0 0 -30.6
0 0 0 0 0 0 0 0 0 0 0 0 0 0 0 0 0 0 0 0 0 0 0 0 0 0 1000 0 1000 0 0 -31.5
0 0 0 0 0 0 0 0 0 0 0 0 0 0 0 0 0 0 0 0 0 0 0 0 0 0 1000 0 1000 0 0 -32.4
0 0 0 0 0 0 0 0 0 0 0 0 0 0 0 0 0 0 0 0 0 0 0 0 0 0 1000 0 1000 0 0 -33.3
0 0 0 0 0 0 0 0 0 0 0 0 0 0 0 0 0 0 0 0 0 0 0 0 0 0 1000 0 1000 0 0 -34.2
