50
0 0 0 0 0 0 0 0 0 0 0 0 995 2 0 0 0 0 0 0 0 0 0 0 0 0 3 0 1000 0 0 9.9
0 0 0 0 0 0 0 0 0 0 0 0 965 24 0 0 0 0 0 0 0 0 0 0 0 0 11 0 1000 0 0 9
0 0 0 0 0 0 0 0 0 0 0 0 1000 0 0 0 0 0 0 0 0 0 0 0 0 0 0 0 1000 0 0 8.1
0 0 0 0 0 0 0 0 0 0 0 0 996 4 0 0 0 0 0 0 0 0 0 0 0 0 0 0 1000 0 0 7.2
0 0 0 0 0 0 0 0 0 0 0 0 978 21 0 0 0 0 0 0 0 0 0 0 0 0 1 0 1000 0 0 6.3
0 0 0 0 0 0 0 3 0 0 0 0 934 63 0 0 0 0 0 0 0 0 0 0 0 0 0 0 1000 0 0 5.4
0 0 0 0 0 0 0 3 3 0 0 0 854 139 0 0 0 0 0 0 0 0 0 0 0 0 1 0 1000 0 0 4.5
0 0 0 0 0 0 0 7 8 0 0 0 804 175 0 0 0 1 1 0 0 0 0 0 0 0 4 0 1000 0 0 3.6
0 0 0 0 0 0 0 17 7 0 0 0 718 245 0 0 0 1 1 0 0 0 0 0 0 0 11 0 1000 0 0 2.7
0 0 0 0 0 0 0 14 16 0 0 0 762 202 0 0 0 0 2 0 0 0 0 0 0 0 4 0 1000 0 0 1.8
0 0 0 0 0 0 0 20 8 0 0 0 707 251 0 0 0 0 1 0 0 0 0 0 0 0 13 0 1000 0 0 0.9
0 0 0 0 0 0 0 12 17 0 0 0 609 228 0 0 0 5 0 0 0 0 0 0 0 0 129 0 1000 0 0 0
0 0 0 0 0 0 0 27 17 0 0 0 454 208 0 0 0 2 3 0 0 0 0 0 0 0 289 0 1000 0 0 -0.9
0 0 0 0 0 0 0 23 10 0 0 0 369 164 0 0 0 2 1 0 0 0 0 0 0 0 431 0 1000 0 0 -1.8
0 0 0 0 0 0 0 14 11 0 0 0 239 142 0 0 0 2 2 0 0 0 0 0 0 0 590 0 1000 0 0 -2.7
0 0 0 0 0 0 0 17 6 0 0 0 191 96 0 0 0 3 1 0 0 0 0 0 0 0 686 0 1000 0 0 -3.6
0 0 0 0 0 0 0 11 5 0 0 0 142 60 0 0 0 2 0 0 0 0 0 0 0 0 780 0 1000 0 0 -4.5
0 0 0 0 0 0 0 7 4 0 0 0 86 47 0 0 0 1 1 0 0 0 0 0 0 0 854 0 1000 0 0 -5.4
0 0 0 0 0 0 0 5 3 0 0 0 50 37 0 0 0 0 2 0 0 0 0 0 0 0 903 0 1000 0 0 -6.3
0 0 0 0 0 0 0 5 2 0 0 0 34 29 0 0 0 0 0 0 0 0 0 0 0 0 930 0 1000 0 0 -7.2
0 0 0 0 0 0 0 2 2 0 0 0 29 17 0 0 0 1 0 0 0 0 0 0 0 0 949 0 1000 0 0 -8.1
0 0 0 0 0 0 0 3 2 0 0 0 12 11 0 0 0 1 0 0 0 0 0 0 0 0 971 0 1000 0 0 -9
0 0 0 0 0 0 0 0 1 0 0 0 9 5 0 0 0 0 0 0 0 0 0 0 0 0 985 0 1000 0 0 -9.9
0 0 0 0 0 0 0 1 1 0 0 0 5 1 0 0 0 0 0 0 0 0 0 0 0 0 992 0 1000 0 0 -10.8
0 0 0 0 0 0 0 0 0 0 0 0 2 3 0 0 0 0 0 0 0 0 0 0 0 0 995 0 1000 0 0 -11.7
0 0 0 0 0 0 0 0 0 0 0 0 1 0 0 0 0 0 0 0 0 0 0 0 0 0 999 0 1000 0 0 -12.6
0 0 0 0 0 0 0 1 0 0 0 0 1 0 0 0 0 0 0 0 0 0 0 0 0 0 998 0 1000 0 0 -13.5
0 0 0 0 0 0 0 0 0 0 0 0 0 0 0 0 0 0 0 0 0 0 0 0 0 0 1000 0 1000 0 0 -14.4
0 0 0 0 0 0 0 0 0 0 0 0 0 0 0 0 0 0 0 0 0 0 0 0 0 0 1000 0 1000 0 0 -15.3
0 0 0 0 0 0 0 0 0 0 0 0 0 0 0 0 0 0 0 0 0 0 0 0 0 0 1000 0 1000 0 0 -16.2
0 0 0 0 0 0 0 0 0 0 0 0 0 0 0 0 0 0 0 0 0 0 0 0 0 0 1000 0 1000 0 0 -17.1
0 0 0 0 0 0 0 0 0 0 0 0 0 0 0 0 0 0 0 0 0 0 0 0 0 0 1000 0 1000 0 0 -18
0 0 0 0 0 0 0 0 0 0 0 0 0 0 0 0 0 0 0 0 0 0 0 0 0 0 1000 0 1000 0 0 -18.9
0 0 0 0 0 0 0 0 0 0 0 0 0 0 0 0 0 0 0 0 0 0 0 0 0 0 1000 0 1000 0 0 -19.8
0 0 0 0 0 0 0 0 0 0 0 0 0 0 0 0 0 0 0 0 0 0 0 0 0 0 1000 0 1000 0 0 -20.7
0 0 0 0 0 0 0 0 0 0 0 0 0 0 0 0 0 0 0 0 0 0 0 0 0 0 1000 0 1000 0 0 -21.6
0 0 0 0 0 0 0 0 0 0 0 0 0 0 0 0 0 0 0 0 0 0 0 0 0 0 1000 0 1000 0 0 -22.5
0 0 0 0 0 0 0 0 0 0 0 0 0 0 0 0 0 0 0 0 0 0 0 0 0 0 1000 0 1000 0 0 -23.4
0 0 0 0 0 0 0 0 0 0 0 0 0 0 0 0 0 0 0 0 0 0 0 0 0 0 1000 0 1000 0 0 -24.3
0 0 0 0 0 0 0 0 0 0 0 0 0 0 0 0 0 0 0 0 0 0 0 0 0 0 1000 0 1000 0 0 -25.2
0 0 0 0 0 0 0 0 0 0 0 0 0 0 0 0 0 0 0 0 0 0 0 0 0 0 1000 0 1000 0 0 -26.1
0 0 0 0 0 0 0 0 0 0 0 0 0 0 0 0 0 0 0 0 0 0 0 0 0 0 1000 0 1000 0 0 -27
0 0 0 0 0 0 0 0 0 0 0 0 0 0 0 0 0 0 0 0 0 0 0 0 0 0 1000 0 1000 0 0 -27.9
0 0 0 0 0 0 0 0 0 0 0 0 0 0 0 0 0 0 0 0 0 0 0 0 0 0 1000 0 1000 0 0 -28.8
0 0 0 0 0 0 0 0 0 0 0 0 0 0 0 0 0 0 0 0 0 0 0 0 0 0 1000 0 1000 0 0 -29.7
0 0 0 0 0 0 0 0 0 0 0 0 0 0 0 0 0 0 0 0 0 0 0 0 0 0 1000 0 1000 0 0 -30.6
0 0 0 0 0 0 0 0 0 0 0 0 0 0 0 0 0 0 0 0 0 0 0 0 0 0 1000 0 1000 0 0 -31.5
0 0 0 0 0 0 0 0 0 0 0 0 0 0 0 0 0 0 0 0 0 0 0 0 0 0 1000 0 1000 0 0 -32.4
0 0 0 0 0 0 0 0 0 0 0 0 0 0 0 0 0 0 0 0 0 0 0 0 0 0 1000 0 1000 0 0 -33.3
0 0 0 0 0 0 0 0 0 0 0 0 0 0 0 0 0 0 0 0 0 0 0 0 0 0 1000 0 1000 0 0 -34.2
