50
0 0 0 0 0 0 0 20 18 0 0 0 24 21 0 0 0 0 0 0 0 0 0 0 0 0 917 0 1000 0 0 9.9
0 0 0 0 0 0 0 214 193 0 0 0 225 241 0 0 0 0 0 0 0 0 0 0 0 0 127 0 1000 0 0 9
0 0 0 0 0 0 0 249 241 0 0 0 239 263 0 0 0 0 0 0 0 0 0 0 0 0 8 0 1000 0 0 8.1
0 0 0 0 0 0 0 258 261 0 0 0 206 268 0 0 0 0 0 0 0 0 0 0 0 0 7 0 1000 0 0 7.2
0 0 0 0 0 0 0 268 247 0 0 0 234 241 0 0 0 0 0 0 0 0 0 0 0 0 10 0 1000 0 0 6.3
0 0 0 0 0 0 0 240 237 0 0 0 255 244 0 0 0 0 0 0 0 0 0 0 0 0 24 0 1000 0 0 5.4
0 0 0 0 0 0 0 251 248 0 0 0 250 230 0 0 0 0 0 0 0 0 0 0 0 0 21 0 1000 0 0 4.5
0 0 0 0 0 0 0 234 239 0 0 0 245 250 0 0 0 0 0 0 0 0 0 0 0 0 32 0 1000 0 0 3.6
0 0 0 0 0 0 0 247 240 0 0 0 233 252 0 0 0 0 0 0 0 0 0 0 0 0 28 0 1000 0 0 2.7
0 0 0 0 0 0 0 234 227 0 0 0 241 262 0 0 0 0 0 0 0 0 0 0 0 0 36 0 1000 0 0 1.8
0 0 0 0 0 0 0 243 217 0 0 0 246 253 0 0 0 0 0 0 0 0 0 0 0 0 41 0 1000 0 0 0.9
0 0 0 0 0 0 0 221 202 0 0 0 221 199 0 0 0 0 0 0 0 0 0 0 0 0 157 0 1000 0 0 0
0 0 0 0 0 0 0 154 166 0 0 0 162 168 0 0 0 0 0 0 0 0 0 0 0 0 350 0 1000 0 0 -0.9
0 0 0 0 0 0 0 127 119 0 0 0 135 135 0 0 0 0 0 0 0 0 0 0 0 0 484 0 1000 0 0 -1.8
0 0 0 0 0 0 0 106 84 0 0 0 110 93 0 0 0 0 0 0 0 0 0 0 0 0 607 0 1000 0 0 -2.7
0 0 0 1 0 0 0 87 61 0 0 0 84 65 0 0 0 0 0 0 0 0 0 0 0 0 702 0 1000 0 0 -3.6
0 0 0 0 0 0 0 55 58 0 0 0 55 72 0 0 0 0 0 0 0 0 0 0 0 0 760 0 1000 0 0 -4.5
0 0 0 0 0 0 0 42 39 0 0 0 39 42 0 0 0 0 0 0 0 0 0 0 0 0 838 0 1000 0 0 -5.4
0 0 0 0 0 0 0 20 23 0 0 0 25 20 0 0 0 0 0 0 0 0 0 0 0 0 912 0 1000 0 0 -6.3
0 0 0 0 0 0 0 16 16 0 0 0 17 24 0 0 0 0 0 0 0 0 0 0 0 0 927 0 1000 0 0 -7.2
0 0 0 0 0 0 0 9 8 0 0 0 9 13 0 0 0 0 0 0 0 0 0 0 0 0 961 0 1000 0 0 -8.1
0 0 0 0 0 0 0 7 9 0 0 0 10 7 0 0 0 0 0 0 0 0 0 0 0 0 967 0 1000 0 0 -9
0 0 0 0 0 0 0 1 3 0 0 0 6 2 0 0 0 0 0 0 0 0 0 0 0 0 988 0 1000 0 0 -9.9
0 0 0 0 0 0 0 3 3 0 0 0 1 1 0 0 0 0 0 0 0 0 0 0 0 0 992 0 1000 0 0 -10.8
0 0 0 0 0 0 0 0 1 0 0 0 2 1 0 0 0 0 0 0 0 0 0 0 0 0 996 0 1000 0 0 -11.7
0 0 0 0 0 0 0 0 0 0 0 0 1 0 0 0 0 0 0 0 0 0 0 0 0 0 999 0 1000 0 0 -12.6
0 0 0 0 0 0 0 0 0 0 0 0 0 0 0 0 0 0 0 0 0 0 0 0 0 0 1000 0 1000 0 0 -13.5
0 0 0 0 0 0 0 0 0 0 0 0 0 0 0 0 0 0 0 0 0 0 0 0 0 0 1000 0 1000 0 0 -14.4
0 0 0 0 0 0 0 0 0 0 0 0 0 0 0 0 0 0 0 0 0 0 0 0 0 0 1000 0 1000 0 0 -15.3
0 0 0 0 0 0 0 0 0 0 0 0 0 0 0 0 0 0 0 0 0 0 0 0 0 0 1000 0 1000 0 0 -16.2
0 0 0 0 0 0 0 0 0 0 0 0 0 0 0 0 0 0 0 0 0 0 0 0 0 0 1000 0 1000 0 0 -17.1
0 0 0 0 0 0 0 0 0 0 0 0 0 0 0 0 0 0 0 0 0 0 0 0 0 0 1000 0 1000 0 0 -18
0 0 0 0 0 0 0 0 0 0 0 0 0 0 0 0 0 0 0 0 0 0 0 0 0 0 1000 0 1000 0 0 -18.9
0 0 0 0 0 0 0 0 0 0 0 0 0 0 0 0 0 0 0 0 0 0 0 0 0 0 1000 0 1000 0 0 -19.8
0 0 0 0 0 0 0 0 0 0 0 0 0 0 0 0 0 0 0 0 0 0 0 0 0 0 1000 0 1000 0 0 -20.7
0 0 0 0 0 0 0 0 0 0 0 0 0 0 0 0 0 0 0 0 0 0 0 0 0 0 1000 0 1000 0 0 -21.6
0 0 0 0 0 0 0 0 0 0 0 0 0 0 0 0 0 0 0 0 0 0 0 0 0 0 1000 0 1000 0 0 -22.5
0 0 0 0 0 0 0 0 0 0 0 0 0 0 0 0 0 0 0 0 0 0 0 0 0 0 1000 0 1000 0 0 -23.4
0 0 0 0 0 0 0 0 0 0 0 0 0 0 0 0 0 0 0 0 0 0 0 0 0 0 1000 0 1000 0 0 -24.3
0 0 0 0 0 0 0 0 0 0 0 0 0 0 0 0 0 0 0 0 0 0 0 0 0 0 1000 0 1000 0 0 -25.2
0 0 0 0 0 0 0 0 0 0 0 0 0 0 0 0 0 0 0 0 0 0 0 0 0 0 1000 0 1000 0 0 -26.1
0 0 0 0 0 0 0 0 0 0 0 0 0 0 0 0 0 0 0 0 0 0 0 0 0 0 1000 0 1000 0 0 -27
0 0 0 0 0 0 0 0 0 0 0 0 0 0 0 0 0 0 0 0 0 0 0 0 0 0 1000 0 1000 0 0 -27.9
0 0 0 0 0 0 0 0 0 0 0 0 0 0 0 0 0 0 0 0 0 0 0 0 0 0 1000 0 1000 0 0 -28.8
0 0 0 0 0 0 0 0 0 0 0 0 0 0 0 0 0 0 0 0 0 0 0 0 0 0 1000 0 1000 0 0 -29.7
0 0 0 0 0 0 0 0 0 0 0 0 0 0 0 0 0 0 0 0 0 0 0 0 0 0 1000 0 1000 0 0 -30.6
0 0 0 0 0 0 0 0 0 0 0 0 0 0 0 0 0 0 0 0 0 0 0 0 0 0 1000 0 1000 0 0 -31.5
0 0 0 0 0 0 0 0 0 0 0 0 0 0 0 0 0 0 0 0 0 0 0 0 0 0 1000 0 1000 0 0 -32.4
0 0 0 0 0 0 0 0 0 0 0 0 0 0 0 0 0 0 0 0 0 0 0 0 0 0 1000 0 1000 0 0 -33.3
0 0 0 0 0 0 0 0 0 0 0 0 0 0 0 0 0 0 0 0 0 0 0 0 0 0 1000 0 1000 0 0 -34.2
