50
0 0 0 0 0 0 0 0 0 0 0 0 58 47 0 0 0 0 0 0 0 0 0 0 0 0 895 0 1000 0 0 9.9
0 0 0 0 0 0 0 1 1 0 0 0 466 461 0 0 0 0 0 0 0 0 0 0 0 0 71 0 1000 0 0 9
0 0 0 0 0 0 0 3 1 0 0 0 514 481 0 0 0 0 0 0 0 0 0 0 0 0 1 0 1000 0 0 8.1
0 0 0 0 0 0 0 2 0 0 0 0 523 475 0 0 0 0 0 0 0 0 0 0 0 0 0 0 1000 0 0 7.2
0 0 0 0 0 0 0 7 7 0 0 0 458 526 0 0 0 0 0 0 0 0 0 0 0 0 2 0 1000 0 0 6.3
0 0 0 0 0 0 0 15 11 0 0 0 488 484 0 0 0 0 0 0 0 0 0 0 0 0 2 0 1000 0 0 5.4
0 0 0 0 0 0 0 20 18 0 0 0 493 465 0 0 0 1 0 0 0 0 0 0 0 0 3 0 1000 0 0 4.5
0 0 0 0 0 0 0 19 20 0 0 0 461 491 0 0 0 0 1 0 0 0 0 0 0 0 8 0 1000 0 0 3.6
0 0 0 0 0 0 0 36 32 0 0 0 479 437 0 0 0 0 0 0 0 0 0 0 0 0 16 0 1000 0 0 2.7
0 0 0 0 0 0 0 15 33 0 0 0 476 458 0 0 0 1 0 0 0 0 0 0 0 0 17 0 1000 0 0 1.8
0 0 0 0 0 0 0 19 28 0 0 0 481 445 0 0 0 0 0 0 0 0 0 0 0 0 27 0 1000 0 0 0.9
0 0 0 0 0 0 0 29 32 0 0 0 420 401 0 0 0 0 0 0 0 0 0 0 0 0 118 0 1000 0 0 0
0 0 0 0 0 0 0 34 32 0 0 0 325 297 0 0 0 0 0 0 0 0 0 0 0 0 312 0 1000 0 0 -0.9
0 0 0 0 0 0 0 24 36 0 0 0 237 244 0 0 0 0 0 0 0 0 0 0 0 0 459 0 1000 0 0 -1.8
0 0 0 0 0 0 0 30 23 0 0 0 175 186 0 0 0 1 1 0 0 0 0 0 0 0 584 0 1000 0 0 -2.7
0 0 0 0 0 0 0 16 19 0 0 0 155 134 0 0 0 0 0 0 0 0 0 0 0 0 676 0 1000 0 0 -3.6
0 0 0 0 0 0 0 17 10 0 0 0 83 112 0 0 0 0 2 0 0 0 0 0 0 0 776 0 1000 0 0 -4.5
0 0 0 0 0 0 0 8 13 0 0 0 67 65 0 0 0 0 0 0 0 0 0 0 0 0 847 0 1000 0 0 -5.4
0 0 0 0 0 0 0 4 9 0 0 0 42 46 0 0 0 0 0 0 0 0 0 0 0 0 899 0 1000 0 0 -6.3
0 0 0 0 0 0 0 3 5 0 0 0 25 33 0 0 0 1 0 0 0 0 0 0 0 0 933 0 1000 0 0 -7.2
0 0 0 0 0 0 0 4 2 0 0 0 18 18 0 0 0 0 0 0 0 0 0 0 0 0 958 0 1000 0 0 -8.1
0 0 0 0 0 0 0 3 2 0 0 0 13 13 0 0 0 0 0 0 0 0 0 0 0 0 969 0 1000 0 0 -9
0 0 0 0 0 0 0 0 2 0 0 0 2 1 0 0 0 0 1 0 0 0 0 0 0 0 994 0 1000 0 0 -9.9
0 0 0 0 0 0 0 0 0 0 0 0 2 3 0 0 0 0 0 0 0 0 0 0 0 0 995 0 1000 0 0 -10.8
0 0 0 0 0 0 0 0 0 0 0 0 2 1 0 0 0 0 0 0 0 0 0 0 0 0 997 0 1000 0 0 -11.7
0 0 0 0 0 0 0 0 0 0 0 0 1 1 0 0 0 0 0 0 0 0 0 0 0 0 998 0 1000 0 0 -12.6
0 0 0 0 0 0 0 0 0 0 0 0 0 1 0 0 0 0 0 0 0 0 0 0 0 0 999 0 1000 0 0 -13.5
0 0 0 0 0 0 0 0 0 0 0 0 0 0 0 0 0 0 0 0 0 0 0 0 0 0 1000 0 1000 0 0 -14.4
0 0 0 0 0 0 0 0 0 0 0 0 0 0 0 0 0 0 0 0 0 0 0 0 0 0 1000 0 1000 0 0 -15.3
0 0 0 0 0 0 0 0 0 0 0 0 1 0 0 0 0 0 0 0 0 0 0 0 0 0 999 0 1000 0 0 -16.2
0 0 0 0 0 0 0 0 0 0 0 0 0 0 0 0 0 0 0 0 0 0 0 0 0 0 1000 0 1000 0 0 -17.1
0 0 0 0 0 0 0 0 0 0 0 0 0 0 0 0 0 0 0 0 0 0 0 0 0 0 1000 0 1000 0 0 -18
0 0 0 0 0 0 0 0 0 0 0 0 0 0 0 0 0 0 0 0 0 0 0 0 0 0 1000 0 1000 0 0 -18.9
0 0 0 0 0 0 0 0 0 0 0 0 0 0 0 0 0 0 0 0 0 0 0 0 0 0 1000 0 1000 0 0 -19.8
0 0 0 0 0 0 0 0 0 0 0 0 0 0 0 0 0 0 0 0 0 0 0 0 0 0 1000 0 1000 0 0 -20.7
0 0 0 0 0 0 0 0 0 0 0 0 0 0 0 0 0 0 0 0 0 0 0 0 0 0 1000 0 1000 0 0 -21.6
0 0 0 0 0 0 0 0 0 0 0 0 0 0 0 0 0 0 0 0 0 0 0 0 0 0 1000 0 1000 0 0 -22.5
0 0 0 0 0 0 0 0 0 0 0 0 0 0 0 0 0 0 0 0 0 0 0 0 0 0 1000 0 1000 0 0 -23.4
0 0 0 0 0 0 0 0 0 0 0 0 0 0 0 0 0 0 0 0 0 0 0 0 0 0 1000 0 1000 0 0 -24.3
0 0 0 0 0 0 0 0 0 0 0 0 0 0 0 0 0 0 0 0 0 0 0 0 0 0 1000 0 1000 0 0 -25.2
0 0 0 0 0 0 0 0 0 0 0 0 0 0 0 0 0 0 0 0 0 0 0 0 0 0 1000 0 1000 0 0 -26.1
0 0 0 0 0 0 0 0 0 0 0 0 0 0 0 0 0 0 0 0 0 0 0 0 0 0 1000 0 1000 0 0 -27
0 0 0 0 0 0 0 0 0 0 0 0 0 0 0 0 0 0 0 0 0 0 0 0 0 0 1000 0 1000 0 0 -27.9
0 0 0 0 0 0 0 0 0 0 0 0 0 0 0 0 0 0 0 0 0 0 0 0 0 0 1000 0 1000 0 0 -28.8
0 0 0 0 0 0 0 0 0 0 0 0 0 0 0 0 0 0 0 0 0 0 0 0 0 0 1000 0 1000 0 0 -29.7
0 0 0 0 0 0 0 0 0 0 0 0 0 0 0 0 0 0 0 0 0 0 0 0 0 0 1000 0 1000 0 0 -30.6
0 0 0 0 0 0 0 0 0 0 0 0 0 0 0 0 0 0 0 0 0 0 0 0 0 0 1000 0 1000 0 0 -31.5
0 0 0 0 0 0 0 0 0 0 0 0 0 0 0 0 0 0 0 0 0 0 0 0 0 0 1000 0 1000 0 0 -32.4
0 0 0 0 0 0 0 0 0 0 0 0 0 0 0 0 0 0 0 0 0 0 0 0 0 0 1000 0 1000 0 0 -33.3
0 0 0 0 0 0 0 0 0 0 0 0 0 0 0 0 0 0 0 0 0 0 0 0 0 0 1000 0 1000 0 0 -34.2
