50
0 0 0 0 0 0 0 30 0 0 0 0 505 0 0 0 0 0 0 0 0 0 0 0 0 0 465 0 1000 0 0 9.9
0 0 0 0 0 0 0 215 0 0 0 0 725 2 0 0 0 0 0 0 0 0 0 0 0 0 58 0 1000 0 0 9
0 0 0 0 0 0 0 163 1 0 0 0 836 0 0 0 0 0 0 0 0 0 0 0 0 0 0 0 1000 0 0 8.1
0 0 0 0 0 0 0 180 0 0 0 0 818 1 0 0 0 0 0 0 0 0 0 0 0 0 1 0 1000 0 0 7.2
0 0 0 0 0 0 0 244 0 0 0 0 752 2 0 0 0 0 0 0 0 0 0 0 0 0 2 0 1000 0 0 6.3
0 0 0 0 0 0 0 308 3 0 0 0 682 6 0 0 0 0 0 0 0 0 0 0 0 0 1 0 1000 0 0 5.4
0 0 0 0 0 0 1 344 6 0 0 1 635 7 0 0 0 0 0 0 0 0 0 0 0 0 6 0 1000 0 0 4.5
0 0 0 0 0 0 1 357 7 0 0 0 610 12 0 0 0 0 0 0 0 0 0 0 0 0 13 0 1000 0 0 3.6
0 0 0 0 0 0 1 394 12 0 0 3 560 15 0 0 0 0 0 0 0 0 0 0 0 0 15 0 1000 0 0 2.7
0 0 0 0 0 0 0 382 14 0 0 0 582 17 0 0 0 0 0 0 0 0 0 0 0 0 5 0 1000 0 0 1.8
0 0 0 0 0 0 1 404 12 0 0 1 556 15 0 0 0 0 0 0 0 0 0 0 0 0 11 0 1000 0 0 0.9
0 0 0 0 0 0 2 342 19 0 0 2 491 17 0 0 0 0 0 0 0 0 0 0 0 0 127 0 1000 0 0 0
0 0 0 0 0 0 1 267 13 0 0 3 373 26 0 0 0 0 0 0 0 0 0 0 0 0 317 0 1000 0 0 -0.9
0 0 0 0 0 0 3 261 17 0 0 2 283 10 0 0 0 0 0 0 0 0 0 0 0 0 424 0 1000 0 0 -1.8
0 0 1 0 0 0 5 175 15 0 0 1 216 24 0 0 0 0 0 0 0 0 0 0 0 0 563 0 1000 0 0 -2.7
0 0 0 0 0 0 2 128 14 0 0 2 173 12 0 0 0 0 0 0 0 0 0 0 0 0 669 0 1000 0 0 -3.6
0 0 0 0 0 0 0 82 6 0 0 2 107 18 0 0 0 0 0 0 0 0 0 0 0 0 785 0 1000 0 0 -4.5
0 0 0 0 0 0 1 77 10 0 0 0 81 4 0 0 0 0 0 0 0 0 0 0 0 0 827 0 1000 0 0 -5.4
0 0 0 0 0 0 1 44 4 0 0 2 63 3 0 0 0 0 0 0 0 0 0 0 0 0 883 0 1000 0 0 -6.3
0 0 0 0 0 0 0 20 2 0 0 1 37 5 0 0 0 0 0 0 0 0 0 0 0 0 935 0 1000 0 0 -7.2
0 0 0 0 0 0 1 17 4 0 0 0 20 4 0 0 0 0 0 0 0 0 0 0 0 0 954 0 1000 0 0 -8.1
0 0 0 0 0 0 0 15 1 0 0 0 6 3 0 0 0 0 0 0 0 0 0 0 0 0 975 0 1000 0 0 -9
0 0 0 0 0 0 0 8 0 0 0 0 10 0 0 0 0 0 0 0 0 0 0 0 0 0 982 0 1000 0 0 -9.9
0 0 0 0 0 0 0 6 0 0 0 0 0 0 0 0 0 0 0 0 0 0 0 0 0 0 994 0 1000 0 0 -10.8
0 0 0 0 0 0 0 3 0 0 0 0 3 0 0 0 0 0 0 0 0 0 0 0 0 0 994 0 1000 0 0 -11.7
0 0 0 0 0 0 0 1 0 0 0 0 1 0 0 0 0 0 0 0 0 0 0 0 0 0 998 0 1000 0 0 -12.6
0 0 0 0 0 0 0 0 0 0 0 0 0 0 0 0 0 0 0 0 0 0 0 0 0 0 1000 0 1000 0 0 -13.5
0 0 0 0 0 0 0 0 0 0 0 0 0 0 0 0 0 0 0 0 0 0 0 0 0 0 1000 0 1000 0 0 -14.4
0 0 0 0 0 0 0 0 0 0 0 0 0 0 0 0 0 0 0 0 0 0 0 0 0 0 1000 0 1000 0 0 -15.3
0 0 0 0 0 0 0 0 0 0 0 0 0 0 0 0 0 0 0 0 0 0 0 0 0 0 1000 0 1000 0 0 -16.2
0 0 0 0 0 0 0 0 0 0 0 0 0 0 0 0 0 0 0 0 0 0 0 0 0 0 1000 0 1000 0 0 -17.1
0 0 0 0 0 0 0 0 0 0 0 0 0 0 0 0 0 0 0 0 0 0 0 0 0 0 1000 0 1000 0 0 -18
0 0 0 0 0 0 0 0 0 0 0 0 0 0 0 0 0 0 0 0 0 0 0 0 0 0 1000 0 1000 0 0 -18.9
0 0 0 0 0 0 0 0 0 0 0 0 0 0 0 0 0 0 0 0 0 0 0 0 0 0 1000 0 1000 0 0 -19.8
0 0 0 0 0 0 0 0 0 0 0 0 0 0 0 0 0 0 0 0 0 0 0 0 0 0 1000 0 1000 0 0 -20.7
0 0 0 0 0 0 0 0 0 0 0 0 0 0 0 0 0 0 0 0 0 0 0 0 0 0 1000 0 1000 0 0 -21.6
0 0 0 0 0 0 0 0 0 0 0 0 0 0 0 0 0 0 0 0 0 0 0 0 0 0 1000 0 1000 0 0 -22.5
0 0 0 0 0 0 0 0 0 0 0 0 0 0 0 0 0 0 0 0 0 0 0 0 0 0 1000 0 1000 0 0 -23.4
0 0 0 0 0 0 0 0 0 0 0 0 0 0 0 0 0 0 0 0 0 0 0 0 0 0 1000 0 1000 0 0 -24.3
0 0 0 0 0 0 0 0 0 0 0 0 0 0 0 0 0 0 0 0 0 0 0 0 0 0 1000 0 1000 0 0 -25.2
0 0 0 0 0 0 0 0 0 0 0 0 0 0 0 0 0 0 0 0 0 0 0 0 0 0 1000 0 1000 0 0 -26.1
0 0 0 0 0 0 0 0 0 0 0 0 0 0 0 0 0 0 0 0 0 0 0 0 0 0 1000 0 1000 0 0 -27
0 0 0 0 0 0 0 0 0 0 0 0 0 0 0 0 0 0 0 0 0 0 0 0 0 0 1000 0 1000 0 0 -27.9
0 0 0 0 0 0 0 0 0 0 0 0 0 0 0 0 0 0 0 0 0 0 0 0 0 0 1000 0 1000 0 0 -28.8
0 0 0 0 0 0 0 0 0 0 0 0 0 0 0 0 0 0 0 0 0 0 0 0 0 0 1000 0 1000 0 0 -29.7
0 0 0 0 0 0 0 0 0 0 0 0 0 0 0 0 0 0 0 0 0 0 0 0 0 0 1000 0 1000 0 0 -30.6
0 0 0 0 0 0 0 0 0 0 0 0 0 0 0 0 0 0 0 0 0 0 0 0 0 0 1000 0 1000 0 0 -31.5
0 0 0 0 0 0 0 0 0 0 0 0 0 0 0 0 0 0 0 0 0 0 0 0 0 0 1000 0 1000 0 0 -32.4
0 0 0 0 0 0 0 0 0 0 0 0 0 0 0 0 0 0 0 0 0 0 0 0 0 0 1000 0 1000 0 0 -33.3
0 0 0 0 0 0 0 0 0 0 0 0 0 0 0 0 0 0 0 0 0 0 0 0 0 0 1000 0 1000 0 0 -34.2
