50
0 0 0 0 0 0 0 2 0 0 0 0 524 21 0 0 0 0 0 0 0 0 0 0 0 0 453 0 1000 0 0 9.9
0 0 0 0 0 0 0 7 10 0 0 0 704 206 0 0 0 0 0 0 0 0 0 0 0 0 73 0 1000 0 0 9
0 0 0 0 0 0 0 7 7 0 0 0 801 184 0 0 0 0 0 0 0 0 0 0 0 0 1 0 1000 0 0 8.1
0 0 0 0 0 0 0 12 6 0 0 0 779 200 0 0 0 0 0 0 0 0 0 0 0 0 3 0 1000 0 0 7.2
0 0 0 0 0 0 0 25 21 0 0 0 666 283 0 0 0 0 0 0 0 0 0 0 0 0 5 0 1000 0 0 6.3
0 0 0 0 0 0 0 35 31 0 0 0 610 313 0 0 0 0 0 0 0 0 0 0 0 0 11 0 1000 0 0 5.4
0 0 0 0 0 0 0 50 39 0 0 0 529 368 0 0 0 0 0 0 0 0 0 0 0 0 14 0 1000 0 0 4.5
0 0 0 0 0 0 0 60 66 0 0 0 497 366 0 0 0 0 0 0 0 0 0 0 0 0 11 0 1000 0 0 3.6
0 0 0 0 0 0 0 86 59 0 0 0 480 356 0 0 0 0 0 0 0 0 0 0 0 0 19 0 1000 0 0 2.7
0 0 0 0 0 0 0 83 62 0 0 0 508 317 0 0 0 1 0 0 0 0 0 0 0 0 29 0 1000 0 0 1.8
0 0 0 0 0 0 0 83 61 0 0 0 483 348 0 0 0 0 0 0 0 0 0 0 0 0 25 0 1000 0 0 0.9
0 0 0 0 0 0 0 75 63 0 0 0 426 297 0 0 0 0 1 0 0 0 0 0 0 0 138 0 1000 0 0 0
0 0 0 0 0 0 0 66 59 0 0 0 300 266 0 0 0 0 0 0 0 0 0 0 0 0 309 0 1000 0 0 -0.9
0 0 0 0 0 0 0 60 45 0 0 0 215 193 0 0 0 1 0 0 0 0 0 0 0 0 486 0 1000 0 0 -1.8
0 0 0 0 0 0 0 47 36 0 0 0 199 145 0 0 0 0 1 0 0 0 0 0 0 0 572 0 1000 0 0 -2.7
0 0 0 0 0 0 0 33 29 0 0 0 144 109 0 0 0 0 0 0 0 0 0 0 0 0 685 0 1000 0 0 -3.6
0 0 0 0 0 0 0 19 23 0 0 0 95 70 0 0 0 0 0 0 0 0 0 0 0 0 793 0 1000 0 0 -4.5
0 0 0 0 0 0 0 16 18 0 0 0 55 52 0 0 0 0 0 0 0 0 0 0 0 0 859 0 1000 0 0 -5.4
0 0 0 0 0 0 0 9 18 0 0 1 43 34 0 0 0 0 0 0 0 0 0 0 0 0 895 0 1000 0 0 -6.3
0 0 0 0 0 0 0 11 4 0 0 0 32 24 0 0 0 0 0 0 0 0 0 0 0 0 929 0 1000 0 0 -7.2
0 0 0 0 0 0 0 4 5 0 0 0 15 6 0 0 0 0 0 0 0 0 0 0 0 0 970 0 1000 0 0 -8.1
0 0 0 0 0 0 0 4 4 0 0 0 11 3 0 0 0 0 1 0 0 0 0 0 0 0 977 0 1000 0 0 -9
0 0 0 0 0 0 0 3 2 0 0 0 13 5 0 0 0 0 0 0 0 0 0 0 0 0 977 0 1000 0 0 -9.9
0 0 0 0 0 0 0 0 1 0 0 0 3 1 0 0 0 0 0 0 0 0 0 0 0 0 995 0 1000 0 0 -10.8
0 0 0 0 0 0 0 1 0 0 0 0 1 3 0 0 0 0 0 0 0 0 0 0 0 0 995 0 1000 0 0 -11.7
0 0 0 0 0 0 0 0 1 0 0 0 4 1 0 0 0 0 0 0 0 0 0 0 0 0 994 0 1000 0 0 -12.6
0 0 0 0 0 0 0 0 1 0 0 0 0 1 0 0 0 0 0 0 0 0 0 0 0 0 998 0 1000 0 0 -13.5
0 0 0 0 0 0 0 0 0 0 0 0 1 0 0 0 0 0 0 0 0 0 0 0 0 0 999 0 1000 0 0 -14.4
0 0 0 0 0 0 0 0 0 0 0 0 1 0 0 0 0 0 0 0 0 0 0 0 0 0 999 0 1000 0 0 -15.3
0 0 0 0 0 0 0 0 0 0 0 0 0 0 0 0 0 0 0 0 0 0 0 0 0 0 1000 0 1000 0 0 -16.2
0 0 0 0 0 0 0 0 0 0 0 0 0 0 0 0 0 0 0 0 0 0 0 0 0 0 1000 0 1000 0 0 -17.1
0 0 0 0 0 0 0 0 0 0 0 0 0 0 0 0 0 0 0 0 0 0 0 0 0 0 1000 0 1000 0 0 -18
0 0 0 0 0 0 0 0 0 0 0 0 0 0 0 0 0 0 0 0 0 0 0 0 0 0 1000 0 1000 0 0 -18.9
0 0 0 0 0 0 0 0 0 0 0 0 0 0 0 0 0 0 0 0 0 0 0 0 0 0 1000 0 1000 0 0 -19.8
0 0 0 0 0 0 0 0 0 0 0 0 0 0 0 0 0 0 0 0 0 0 0 0 0 0 1000 0 1000 0 0 -20.7
0 0 0 0 0 0 0 0 0 0 0 0 0 0 0 0 0 0 0 0 0 0 0 0 0 0 1000 0 1000 0 0 -21.6
0 0 0 0 0 0 0 0 0 0 0 0 0 0 0 0 0 0 0 0 0 0 0 0 0 0 1000 0 1000 0 0 -22.5
0 0 0 0 0 0 0 0 0 0 0 0 0 0 0 0 0 0 0 0 0 0 0 0 0 0 1000 0 1000 0 0 -23.4
0 0 0 0 0 0 0 0 0 0 0 0 0 0 0 0 0 0 0 0 0 0 0 0 0 0 1000 0 1000 0 0 -24.3
0 0 0 0 0 0 0 0 0 0 0 0 0 0 0 0 0 0 0 0 0 0 0 0 0 0 1000 0 1000 0 0 -25.2
0 0 0 0 0 0 0 0 0 0 0 0 0 0 0 0 0 0 0 0 0 0 0 0 0 0 1000 0 1000 0 0 -26.1
0 0 0 0 0 0 0 0 0 0 0 0 0 0 0 0 0 0 0 0 0 0 0 0 0 0 1000 0 1000 0 0 -27
0 0 0 0 0 0 0 0 0 0 0 0 0 0 0 0 0 0 0 0 0 0 0 0 0 0 1000 0 1000 0 0 -27.9
0 0 0 0 0 0 0 0 0 0 0 0 0 0 0 0 0 0 0 0 0 0 0 0 0 0 1000 0 1000 0 0 -28.8
0 0 0 0 0 0 0 0 0 0 0 0 0 0 0 0 0 0 0 0 0 0 0 0 0 0 1000 0 1000 0 0 -29.7
0 0 0 0 0 0 0 0 0 0 0 0 0 0 0 0 0 0 0 0 0 0 0 0 0 0 1000 0 1000 0 0 -30.6
0 0 0 0 0 0 0 0 0 0 0 0 0 0 0 0 0 0 0 0 0 0 0 0 0 0 1000 0 1000 0 0 -31.5
0 0 0 0 0 0 0 0 0 0 0 0 0 0 0 0 0 0 0 0 0 0 0 0 0 0 1000 0 1000 0 0 -32.4
0 0 0 0 0 0 0 0 0 0 0 0 0 0 0 0 0 0 0 0 0 0 0 0 0 0 1000 0 1000 0 0 -33.3
0 0 0 0 0 0 0 0 0 0 0 0 0 0 0 0 0 0 0 0 0 0 0 0 0 0 1000 0 1000 0 0 -34.2
