0 0 0 0 0 0 0 0 0 0 0 0 54 18 0 0 0 0 0 0 0 0 0 0 0 0 928 0 1000 0 0 9.9
0 0 0 0 0 0 0 0 0 0 0 0 648 210 0 0 0 0 0 0 0 0 0 0 0 0 142 0 1000 0 0 9
0 0 0 0 0 0 0 0 0 0 0 0 837 159 0 0 0 0 0 0 0 0 0 0 0 0 4 0 1000 0 0 8.1
0 0 0 0 0 0 0 1 0 0 0 0 813 184 0 0 0 0 0 0 0 0 0 0 0 0 2 0 1000 0 0 7.2
0 0 0 0 0 0 0 0 0 0 0 0 734 263 0 0 0 0 0 0 0 0 0 0 0 0 3 0 1000 0 0 6.3
0 0 0 0 0 0 0 0 1 0 0 0 668 324 0 0 0 1 0 0 0 0 0 0 0 0 6 0 1000 0 0 5.4
0 0 0 0 0 0 0 0 1 0 0 0 598 397 0 0 0 1 1 0 0 0 0 0 0 0 2 0 1000 0 0 4.5
0 0 0 0 0 0 0 1 2 0 0 0 595 397 0 0 0 1 2 0 0 0 0 0 0 0 2 0 1000 0 0 3.6
0 0 0 0 0 0 0 2 2 0 0 0 564 427 0 0 0 1 0 0 0 0 0 0 0 0 4 0 1000 0 0 2.7
0 0 0 0 0 0 0 0 3 0 0 0 573 417 0 0 0 3 2 0 0 0 0 0 0 0 2 0 1000 0 0 1.8
0 0 0 0 0 0 0 4 2 0 0 0 535 441 0 0 0 3 2 0 0 0 0 0 0 0 13 0 1000 0 0 0.9
0 0 0 0 0 0 0 2 3 0 0 0 473 363 0 0 0 1 2 0 0 0 0 0 0 0 156 0 1000 0 0 0
0 0 0 0 0 0 0 2 1 0 0 0 324 271 0 0 0 4 3 0 0 0 0 0 0 0 395 0 1000 0 0 -0.9
0 0 0 0 0 0 0 1 1 0 0 0 239 177 0 0 0 2 3 0 0 0 0 0 0 0 577 0 1000 0 0 -1.8
0 0 0 0 0 0 0 1 1 0 0 0 179 130 0 0 0 2 4 0 0 0 0 0 0 0 683 0 1000 0 0 -2.7
0 0 0 0 0 0 0 2 0 0 0 0 106 95 0 0 0 2 3 0 0 0 0 0 0 0 792 0 1000 0 0 -3.6
0 0 0 0 0 0 0 2 0 0 0 0 74 60 0 0 0 0 2 0 0 0 0 0 0 0 862 0 1000 0 0 -4.5
0 0 0 0 0 0 0 2 0 0 0 0 55 61 0 0 0 5 2 0 0 0 0 0 0 0 875 0 1000 0 0 -5.4
0 0 0 0 0 0 0 3 0 0 0 0 40 40 0 0 0 3 3 0 0 0 0 0 0 0 911 0 1000 0 0 -6.3
0 0 0 0 0 0 0 2 0 0 0 0 24 27 0 0 0 1 1 0 0 0 0 0 0 0 945 0 1000 0 0 -7.2
0 0 0 0 0 0 0 0 0 0 0 0 13 18 0 0 0 1 1 0 0 0 0 0 0 0 967 0 1000 0 0 -8.1
0 0 0 0 0 0 0 1 0 0 0 0 15 14 0 0 0 2 1 0 0 0 0 0 0 0 967 0 1000 0 0 -9
0 0 0 0 0 0 0 1 0 0 0 0 13 9 0 0 0 2 1 0 0 0 0 0 0 0 974 0 1000 0 0 -9.9
0 0 0 0 0 0 0 1 0 0 0 0 7 6 0 0 0 0 0 0 0 0 0 0 0 0 986 0 1000 0 0 -10.8
0 0 0 0 0 0 0 2 0 0 0 0 3 6 0 0 0 0 0 0 0 0 0 0 0 0 989 0 1000 0 0 -11.7
0 0 0 0 0 0 0 0 1 0 0 0 3 0 0 0 0 0 0 0 0 0 0 0 0 0 996 0 1000 0 0 -12.6
0 0 0 0 0 0 0 0 0 0 0 0 1 2 0 0 0 0 0 0 0 0 0 0 0 0 997 0 1000 0 0 -13.5
0 0 0 0 0 0 0 0 0 0 0 0 1 1 0 0 0 0 0 0 0 0 0 0 0 0 998 0 1000 0 0 -14.4
0 0 0 0 0 0 0 0 0 0 0 0 1 2 0 0 0 0 0 0 0 0 0 0 0 0 997 0 1000 0 0 -15.3
0 0 0 0 0 0 0 0 0 0 0 0 0 0 0 0 0 0 0 0 0 0 0 0 0 0 1000 0 1000 0 0 -16.2
0 0 0 0 0 0 0 0 0 0 0 0 0 0 0 0 0 0 0 0 0 0 0 0 0 0 1000 0 1000 0 0 -17.1
0 0 0 0 0 0 0 0 0 0 0 0 0 0 0 0 0 1 0 0 0 0 0 0 0 0 999 0 1000 0 0 -18
0 0 0 0 0 0 0 0 0 0 0 0 0 1 0 0 0 0 0 0 0 0 0 0 0 0 999 0 1000 0 0 -18.9
0 0 0 0 0 0 0 0 0 0 0 0 1 0 0 0 0 0 0 0 0 0 0 0 0 0 999 0 1000 0 0 -19.8
0 0 0 0 0 0 0 0 0 0 0 0 0 1 0 0 0 0 0 0 0 0 0 0 0 0 999 0 1000 0 0 -20.7
0 0 0 0 0 0 0 0 0 0 0 0 0 0 0 0 0 0 0 0 0 0 0 0 0 0 1000 0 1000 0 0 -21.6
0 0 0 0 0 0 0 0 0 0 0 0 0 0 0 0 0 0 0 0 0 0 0 0 0 0 1000 0 1000 0 0 -22.5
0 0 0 0 0 0 0 0 0 0 0 0 0 1 0 0 0 0 0 0 0 0 0 0 0 0 999 0 1000 0 0 -23.4
0 0 0 0 0 0 0 0 0 0 0 0 0 0 0 0 0 0 0 0 0 0 0 0 0 0 1000 0 1000 0 0 -24.3
0 0 0 0 0 0 0 0 0 0 0 0 0 0 0 0 0 0 0 0 0 0 0 0 0 0 1000 0 1000 0 0 -25.2
0 0 0 0 0 0 0 0 0 0 0 0 0 0 0 0 0 0 0 0 0 0 0 0 0 0 1000 0 1000 0 0 -26.1
0 0 0 0 0 0 0 0 0 0 0 0 0 0 0 0 0 0 0 0 0 0 0 0 0 0 1000 0 1000 0 0 -27
0 0 0 0 0 0 0 0 0 0 0 0 0 0 0 0 0 0 0 0 0 0 0 0 0 0 1000 0 1000 0 0 -27.9
0 0 0 0 0 0 0 0 0 0 0 0 0 0 0 0 0 0 0 0 0 0 0 0 0 0 1000 0 1000 0 0 -28.8
0 0 0 0 0 0 0 0 0 0 0 0 0 0 0 0 0 0 0 0 0 0 0 0 0 0 1000 0 1000 0 0 -29.7
0 0 0 0 0 0 0 0 0 0 0 0 0 0 0 0 0 0 0 0 0 0 0 0 0 0 1000 0 1000 0 0 -30.6
0 0 0 0 0 0 0 0 0 0 0 0 0 0 0 0 0 0 0 0 0 0 0 0 0 0 1000 0 1000 0 0 -31.5
0 0 0 0 0 0 0 0 0 0 0 0 0 0 0 0 0 0 0 0 0 0 0 0 0 0 1000 0 1000 0 0 -32.4
0 0 0 0 0 0 0 0 0 0 0 0 0 0 0 0 0 0 0 0 0 0 0 0 0 0 1000 0 1000 0 0 -33.3
0 0 0 0 0 0 0 0 0 0 0 0 0 0 0 0 0 0 0 0 0 0 0 0 0 0 1000 0 1000 0 0 -34.2
