0 0 0 0 0 0 0 1 0 0 0 0 109 0 0 0 0 0 0 0 0 0 0 0 0 0 890 0 1000 0 0 9.9
0 0 0 0 0 0 0 2 0 0 0 0 863 0 0 0 0 0 0 0 0 0 0 0 0 0 135 0 1000 0 0 9
0 0 0 0 0 0 0 0 0 0 0 0 997 0 0 0 0 0 0 0 0 0 0 0 0 0 3 0 1000 0 0 8.1
0 0 0 0 0 0 0 0 0 0 0 0 998 0 0 0 0 0 0 0 0 0 0 0 0 0 2 0 1000 0 0 7.2
0 0 0 0 0 0 0 1 0 0 0 0 993 0 0 0 0 0 0 0 0 0 0 0 0 0 6 0 1000 0 0 6.3
0 0 0 0 0 0 0 26 2 0 0 0 969 0 0 0 0 0 0 0 0 0 0 0 0 0 3 0 1000 0 0 5.4
0 0 0 0 0 0 0 67 3 0 0 0 924 4 0 0 0 0 0 0 0 0 0 0 0 0 2 0 1000 0 0 4.5
0 0 0 0 0 0 0 122 8 0 0 0 861 8 0 0 0 0 0 0 0 0 0 0 0 0 1 0 1000 0 0 3.6
0 0 0 0 0 0 0 148 6 0 0 0 825 18 0 0 0 0 0 0 0 0 0 0 0 0 3 0 1000 0 0 2.7
0 0 0 0 0 0 0 135 14 0 0 0 831 20 0 0 0 0 0 0 0 0 0 0 0 0 0 0 1000 0 0 1.8
0 0 0 0 0 0 0 156 4 0 0 0 810 19 0 0 0 0 0 0 0 0 0 0 0 0 11 0 1000 0 0 0.9
0 0 0 0 0 0 0 139 10 0 0 0 661 26 0 0 0 0 0 0 0 0 0 0 0 0 164 0 1000 0 0 0
0 0 0 0 0 0 0 145 13 0 0 0 444 23 0 0 0 0 0 0 0 0 0 0 0 0 375 0 1000 0 0 -0.9
0 0 0 0 0 0 1 96 9 0 0 0 326 19 0 0 0 0 0 0 0 0 0 0 0 0 549 0 1000 0 0 -1.8
0 0 0 0 0 0 0 65 7 0 0 0 239 18 0 0 0 0 0 0 0 0 0 0 0 0 671 0 1000 0 0 -2.7
0 0 0 0 0 0 0 68 5 0 0 0 139 14 0 0 0 0 0 0 0 0 0 0 0 0 774 0 1000 0 0 -3.6
0 0 0 0 0 0 1 33 8 0 0 0 105 10 0 0 0 0 0 0 0 0 0 0 0 0 843 0 1000 0 0 -4.5
0 0 0 0 0 0 0 26 3 0 0 0 69 10 0 0 0 0 0 0 0 0 0 0 0 0 892 0 1000 0 0 -5.4
0 0 0 0 0 0 0 16 2 0 0 0 50 6 0 0 0 1 0 0 0 0 0 0 0 0 925 0 1000 0 0 -6.3
0 0 0 0 0 0 1 14 5 0 0 1 25 5 0 0 0 0 0 0 0 0 0 0 0 0 949 0 1000 0 0 -7.2
0 0 0 0 0 0 0 9 0 0 0 0 23 2 0 0 0 0 0 0 0 0 0 0 0 0 966 0 1000 0 0 -8.1
0 0 0 0 0 0 0 6 3 0 0 0 20 4 0 0 0 0 0 0 0 0 0 0 0 0 967 0 1000 0 0 -9
0 0 0 0 0 0 0 1 1 0 0 1 9 4 0 0 0 0 0 0 0 0 0 0 0 0 984 0 1000 0 0 -9.9
0 0 0 0 0 0 0 7 0 0 0 0 9 1 0 0 0 1 0 0 0 0 0 0 0 0 982 0 1000 0 0 -10.8
0 0 0 0 0 0 1 2 0 0 0 0 5 3 0 0 0 0 0 0 0 0 0 0 0 0 989 0 1000 0 0 -11.7
0 0 0 0 0 0 0 1 1 0 0 0 1 1 0 0 0 1 0 0 0 0 0 0 0 0 995 0 1000 0 0 -12.6
0 0 0 0 0 0 0 1 0 0 0 0 6 0 0 0 0 0 0 0 0 0 0 0 0 0 993 0 1000 0 0 -13.5
0 0 0 0 0 0 1 0 0 0 0 0 4 1 0 0 0 0 0 0 0 0 0 0 0 0 994 0 1000 0 0 -14.4
0 0 0 0 0 0 0 1 1 0 0 0 1 1 0 0 0 0 0 0 0 0 0 0 0 0 996 0 1000 0 0 -15.3
0 0 0 0 0 0 0 0 1 0 0 0 0 0 0 0 0 0 0 0 0 0 0 0 0 0 999 0 1000 0 0 -16.2
0 0 0 0 0 0 0 2 0 0 0 0 0 0 0 0 0 0 0 0 0 0 0 0 0 0 998 0 1000 0 0 -17.1
0 0 0 0 0 0 0 0 0 0 0 0 0 0 0 0 0 0 0 0 0 0 0 0 0 0 1000 0 1000 0 0 -18
0 0 0 0 0 0 0 0 0 0 0 0 0 0 0 0 0 0 0 0 0 0 0 0 0 0 1000 0 1000 0 0 -18.9
0 0 0 0 0 0 0 0 0 0 0 0 0 0 0 0 0 0 0 0 0 0 0 0 0 0 1000 0 1000 0 0 -19.8
0 0 0 0 0 0 0 0 0 0 0 0 0 0 0 0 0 0 0 0 0 0 0 0 0 0 1000 0 1000 0 0 -20.7
0 0 0 0 0 0 0 0 0 0 0 0 1 0 0 0 0 0 0 0 0 0 0 0 0 0 999 0 1000 0 0 -21.6
0 0 0 0 0 0 0 0 0 0 0 0 1 0 0 0 0 0 0 0 0 0 0 0 0 0 999 0 1000 0 0 -22.5
0 0 0 0 0 0 0 0 0 0 0 0 1 0 0 0 0 0 0 0 0 0 0 0 0 0 999 0 1000 0 0 -23.4
0 0 0 0 0 0 0 0 0 0 0 0 0 0 0 0 0 0 0 0 0 0 0 0 0 0 1000 0 1000 0 0 -24.3
0 0 0 0 0 0 0 0 0 0 0 0 0 0 0 0 0 0 0 0 0 0 0 0 0 0 1000 0 1000 0 0 -25.2
0 0 0 0 0 0 0 0 0 0 0 0 0 0 0 0 0 0 0 0 0 0 0 0 0 0 1000 0 1000 0 0 -26.1
0 0 0 0 0 0 0 0 0 0 0 0 0 0 0 0 0 0 0 0 0 0 0 0 0 0 1000 0 1000 0 0 -27
0 0 0 0 0 0 0 0 0 0 0 0 0 0 0 0 0 0 0 0 0 0 0 0 0 0 1000 0 1000 0 0 -27.9
0 0 0 0 0 0 0 0 0 0 0 0 0 0 0 0 0 0 0 0 0 0 0 0 0 0 1000 0 1000 0 0 -28.8
0 0 0 0 0 0 0 0 0 0 0 0 0 0 0 0 0 0 0 0 0 0 0 0 0 0 1000 0 1000 0 0 -29.7
0 0 0 0 0 0 0 0 0 0 0 0 0 0 0 0 0 0 0 0 0 0 0 0 0 0 1000 0 1000 0 0 -30.6
0 0 0 0 0 0 0 0 0 0 0 0 0 0 0 0 0 0 0 0 0 0 0 0 0 0 1000 0 1000 0 0 -31.5
0 0 0 0 0 0 0 0 0 0 0 0 0 0 0 0 0 0 0 0 0 0 0 0 0 0 1000 0 1000 0 0 -32.4
0 0 0 0 0 0 0 0 0 0 0 0 0 0 0 0 0 0 0 0 0 0 0 0 0 0 1000 0 1000 0 0 -33.3
0 0 0 0 0 0 0 0 0 0 0 0 0 0 0 0 0 0 0 0 0 0 0 0 0 0 1000 0 1000 0 0 -34.2
