0 0 0 0 0 0 0 0 0 0 0 0 528 1 0 0 0 0 0 0 0 0 0 0 0 0 471 0 1000 0 0 9.9
0 0 0 0 0 0 0 1 0 0 0 0 900 2 0 0 0 0 0 0 0 0 0 0 0 0 97 0 1000 0 0 9
0 0 0 0 0 0 0 0 0 0 0 0 989 0 0 0 0 0 0 0 0 0 0 0 0 0 11 0 1000 0 0 8.1
0 0 0 0 0 0 0 0 0 0 0 0 992 1 0 0 0 0 0 0 0 0 0 0 0 0 7 0 1000 0 0 7.2
0 0 0 0 0 0 0 2 1 0 0 0 990 1 0 0 0 0 0 0 0 0 0 0 0 0 6 0 1000 0 0 6.3
0 0 0 0 0 0 0 19 4 0 0 0 962 12 0 0 0 0 0 0 0 0 0 0 0 0 3 0 1000 0 0 5.4
0 0 0 0 0 0 0 63 11 0 0 0 884 39 0 0 0 0 0 0 0 0 0 0 0 0 3 0 1000 0 0 4.5
0 0 0 0 0 0 0 95 23 0 0 0 827 54 0 0 0 0 0 0 0 0 0 0 0 0 1 0 1000 0 0 3.6
0 0 0 0 0 0 0 108 20 0 0 0 781 89 0 0 0 0 0 0 0 0 0 0 0 0 2 0 1000 0 0 2.7
0 0 0 0 0 0 0 127 23 0 0 0 758 89 0 0 0 0 0 0 0 0 0 0 0 0 3 0 1000 0 0 1.8
0 0 0 0 0 0 0 121 34 0 0 0 744 88 0 0 0 0 0 0 0 0 0 0 0 0 13 0 1000 0 0 0.9
0 0 0 0 0 0 0 103 26 0 0 0 615 90 0 0 0 0 0 0 0 0 0 0 0 0 166 0 1000 0 0 0
0 0 0 0 0 0 0 102 22 0 0 0 418 67 0 0 0 0 0 0 0 0 0 0 0 0 391 0 1000 0 0 -0.9
0 0 0 0 0 0 0 70 25 0 0 0 297 41 0 0 0 0 0 0 0 0 0 0 0 0 567 0 1000 0 0 -1.8
0 0 0 0 0 0 0 63 16 0 0 0 195 37 0 0 0 0 0 0 0 0 0 0 0 0 689 0 1000 0 0 -2.7
0 0 0 0 0 0 0 40 10 0 0 0 125 29 0 0 0 0 0 0 0 0 0 0 0 0 796 0 1000 0 0 -3.6
0 0 0 0 0 0 1 33 8 0 0 0 99 35 0 0 0 0 0 0 0 0 0 0 0 0 824 0 1000 0 0 -4.5
0 0 0 0 0 0 0 25 4 0 0 0 71 13 0 0 0 0 0 0 0 0 0 0 0 0 887 0 1000 0 0 -5.4
0 0 0 0 0 0 0 13 10 0 0 0 46 13 0 0 0 0 0 0 0 0 0 0 0 0 918 0 1000 0 0 -6.3
0 0 0 0 0 0 0 9 1 0 0 0 30 8 0 0 0 0 0 0 0 0 0 0 0 0 952 0 1000 0 0 -7.2
0 0 0 0 0 0 0 7 3 0 0 0 16 9 0 0 0 0 0 0 0 0 0 0 0 0 965 0 1000 0 0 -8.1
0 0 0 0 0 0 0 7 3 0 0 0 12 3 0 0 0 0 0 0 0 0 0 0 0 0 975 0 1000 0 0 -9
0 0 0 0 0 0 0 8 1 0 0 0 8 3 0 0 0 1 0 0 0 0 0 0 0 0 979 0 1000 0 0 -9.9
0 0 0 0 0 0 0 1 0 0 0 0 11 3 0 0 0 0 0 0 0 0 0 0 0 0 985 0 1000 0 0 -10.8
0 0 0 0 0 0 0 2 1 0 0 0 4 1 0 0 0 0 0 0 0 0 0 0 0 0 992 0 1000 0 0 -11.7
0 0 0 0 0 0 0 2 1 0 0 0 5 1 0 0 0 0 0 0 0 0 0 0 0 0 991 0 1000 0 0 -12.6
0 0 0 0 0 0 0 2 1 0 0 0 1 1 0 0 0 0 0 0 0 0 0 0 0 0 995 0 1000 0 0 -13.5
0 0 0 0 0 0 0 0 2 0 0 0 5 0 0 0 0 0 0 0 0 0 0 0 0 0 993 0 1000 0 0 -14.4
0 0 0 0 0 0 0 1 0 0 0 0 0 1 0 0 0 0 0 0 0 0 0 0 0 0 998 0 1000 0 0 -15.3
0 0 0 0 0 0 0 0 0 0 0 0 1 1 0 0 0 0 0 0 0 0 0 0 0 0 998 0 1000 0 0 -16.2
0 0 0 0 0 0 0 0 0 0 0 0 0 0 0 0 0 0 0 0 0 0 0 0 0 0 1000 0 1000 0 0 -17.1
0 0 0 0 0 0 0 0 0 0 0 0 0 0 0 0 0 0 0 0 0 0 0 0 0 0 1000 0 1000 0 0 -18
0 0 0 0 0 0 0 0 0 0 0 0 0 0 0 0 0 0 0 0 0 0 0 0 0 0 1000 0 1000 0 0 -18.9
0 0 0 0 0 0 0 0 0 0 0 0 0 0 0 0 0 0 0 0 0 0 0 0 0 0 1000 0 1000 0 0 -19.8
0 0 0 0 0 0 0 0 0 0 0 0 0 0 0 0 0 0 0 0 0 0 0 0 0 0 1000 0 1000 0 0 -20.7
0 0 0 0 0 0 0 0 0 0 0 0 0 0 0 0 0 0 0 0 0 0 0 0 0 0 1000 0 1000 0 0 -21.6
0 0 0 0 0 0 0 0 0 0 0 0 0 0 0 0 0 0 0 0 0 0 0 0 0 0 1000 0 1000 0 0 -22.5
0 0 0 0 0 0 0 0 0 0 0 0 0 0 0 0 0 0 0 0 0 0 0 0 0 0 1000 0 1000 0 0 -23.4
0 0 0 0 0 0 0 0 0 0 0 0 0 0 0 0 0 0 0 0 0 0 0 0 0 0 1000 0 1000 0 0 -24.3
0 0 0 0 0 0 0 0 0 0 0 0 0 0 0 0 0 0 0 0 0 0 0 0 0 0 1000 0 1000 0 0 -25.2
0 0 0 0 0 0 0 0 0 0 0 0 0 0 0 0 0 0 0 0 0 0 0 0 0 0 1000 0 1000 0 0 -26.1
0 0 0 0 0 0 0 0 0 0 0 0 0 0 0 0 0 0 0 0 0 0 0 0 0 0 1000 0 1000 0 0 -27
0 0 0 0 0 0 0 0 0 0 0 0 0 0 0 0 0 0 0 0 0 0 0 0 0 0 1000 0 1000 0 0 -27.9
0 0 0 0 0 0 0 0 0 0 0 0 0 0 0 0 0 0 0 0 0 0 0 0 0 0 1000 0 1000 0 0 -28.8
0 0 0 0 0 0 0 0 0 0 0 0 0 0 0 0 0 0 0 0 0 0 0 0 0 0 1000 0 1000 0 0 -29.7
0 0 0 0 0 0 0 0 0 0 0 0 0 0 0 0 0 0 0 0 0 0 0 0 0 0 1000 0 1000 0 0 -30.6
0 0 0 0 0 0 0 0 0 0 0 0 0 0 0 0 0 0 0 0 0 0 0 0 0 0 1000 0 1000 0 0 -31.5
0 0 0 0 0 0 0 0 0 0 0 0 0 0 0 0 0 0 0 0 0 0 0 0 0 0 1000 0 1000 0 0 -32.4
0 0 0 0 0 0 0 0 0 0 0 0 0 0 0 0 0 0 0 0 0 0 0 0 0 0 1000 0 1000 0 0 -33.3
0 0 0 0 0 0 0 0 0 0 0 0 0 0 0 0 0 0 0 0 0 0 0 0 0 0 1000 0 1000 0 0 -34.2
