0 0 0 0 0 0 0 0 0 0 0 0 1000 0 0 0 0 0 0 0 0 0 0 0 0 0 0 0 1000 0 0 9.9
0 0 0 0 0 0 0 0 0 0 0 0 1000 0 0 0 0 0 0 0 0 0 0 0 0 0 0 0 1000 0 0 9
0 0 0 0 0 0 0 0 0 0 0 0 1000 0 0 0 0 0 0 0 0 0 0 0 0 0 0 0 1000 0 0 8.1
0 0 0 0 0 0 0 0 0 0 0 0 1000 0 0 0 0 0 0 0 0 0 0 0 0 0 0 0 1000 0 0 7.2
0 0 0 0 0 0 0 0 0 0 0 0 1000 0 0 0 0 0 0 0 0 0 0 0 0 0 0 0 1000 0 0 6.3
0 0 0 0 0 0 0 0 0 0 0 0 1000 0 0 0 0 0 0 0 0 0 0 0 0 0 0 0 1000 0 0 5.4
0 0 0 0 0 0 0 0 0 0 0 0 999 1 0 0 0 0 0 0 0 0 0 0 0 0 0 0 1000 0 0 4.5
0 0 0 0 0 0 0 2 0 0 0 0 997 1 0 0 0 0 0 0 0 0 0 0 0 0 0 0 1000 0 0 3.6
0 0 0 0 0 0 0 1 1 0 0 0 998 0 0 0 0 0 0 0 0 0 0 0 0 0 0 0 1000 0 0 2.7
0 0 0 0 0 0 0 2 0 0 0 0 994 3 0 0 0 0 0 0 0 0 0 0 0 0 1 0 1000 0 0 1.8
0 0 0 0 0 0 0 8 1 0 0 0 983 3 0 0 0 0 0 0 0 0 0 0 0 0 5 0 1000 0 0 0.9
0 0 0 0 0 0 0 5 1 0 0 0 818 11 0 0 0 0 0 0 0 0 0 0 0 0 165 0 1000 0 0 0
0 0 0 0 0 0 0 12 1 0 0 1 609 11 0 0 0 0 0 0 0 0 0 0 0 0 366 0 1000 0 0 -0.9
0 0 0 0 0 0 0 11 3 0 0 2 403 3 0 0 0 0 0 0 0 0 0 0 0 0 578 0 1000 0 0 -1.8
0 0 0 0 0 0 0 17 3 0 0 0 285 14 0 0 0 0 0 0 0 0 0 0 0 0 681 0 1000 0 0 -2.7
0 0 0 0 0 0 0 14 1 0 0 0 162 11 0 0 0 0 0 0 0 0 0 0 0 0 812 0 1000 0 0 -3.6
0 0 0 0 0 0 0 8 1 0 0 2 121 5 0 0 0 1 0 0 0 0 0 0 0 0 862 0 1000 0 0 -4.5
0 0 0 0 0 0 0 13 2 0 0 1 102 7 0 0 0 1 0 0 0 0 0 0 0 0 874 0 1000 0 0 -5.4
0 0 0 0 0 0 0 9 3 0 0 0 85 3 0 0 0 0 1 0 0 0 0 0 0 0 899 0 1000 0 0 -6.3
0 0 0 0 0 0 0 6 0 0 0 0 51 1 0 0 0 1 0 0 0 0 0 0 0 0 941 0 1000 0 0 -7.2
0 0 0 0 0 0 0 5 1 0 0 0 40 5 0 0 0 0 0 0 0 0 0 0 0 0 949 0 1000 0 0 -8.1
0 0 0 0 0 0 0 3 0 0 0 0 18 6 0 0 0 1 0 0 0 0 0 0 0 0 972 0 1000 0 0 -9
0 0 0 0 0 0 0 2 0 0 0 0 14 0 0 0 0 0 0 0 0 0 0 0 0 0 984 0 1000 0 0 -9.9
0 0 0 0 0 0 0 3 0 0 0 0 11 0 0 0 0 0 0 0 0 0 0 0 0 0 986 0 1000 0 0 -10.8
0 0 0 0 0 0 0 2 0 0 0 0 4 2 0 0 0 0 0 0 0 0 0 0 0 0 992 0 1000 0 0 -11.7
0 0 0 0 0 0 0 1 0 0 0 0 8 1 0 0 0 0 0 0 0 0 0 0 0 0 990 0 1000 0 0 -12.6
0 0 0 0 0 0 0 2 0 0 0 0 3 1 0 0 0 0 0 0 0 0 0 0 0 0 994 0 1000 0 0 -13.5
0 0 0 0 0 0 0 0 0 0 0 0 2 0 0 0 0 0 0 0 0 0 0 0 0 0 998 0 1000 0 0 -14.4
0 0 0 0 0 0 0 1 1 0 0 0 2 0 0 0 0 0 0 0 0 0 0 0 0 0 996 0 1000 0 0 -15.3
0 0 0 0 0 0 0 0 0 0 0 0 3 1 0 0 0 0 0 0 0 0 0 0 0 0 996 0 1000 0 0 -16.2
0 0 0 0 0 0 0 0 0 0 0 0 1 0 0 0 0 0 0 0 0 0 0 0 0 0 999 0 1000 0 0 -17.1
0 0 0 0 0 0 0 1 0 0 0 0 0 0 0 0 0 0 0 0 0 0 0 0 0 0 999 0 1000 0 0 -18
0 0 0 0 0 0 0 0 0 0 0 0 0 0 0 0 0 0 0 0 0 0 0 0 0 0 1000 0 1000 0 0 -18.9
0 0 0 0 0 0 0 1 0 0 0 0 0 0 0 0 0 0 0 0 0 0 0 0 0 0 999 0 1000 0 0 -19.8
0 0 0 0 0 0 0 0 0 0 0 0 0 0 0 0 0 0 0 0 0 0 0 0 0 0 1000 0 1000 0 0 -20.7
0 0 0 0 0 0 0 0 0 0 0 0 0 0 0 0 0 0 0 0 0 0 0 0 0 0 1000 0 1000 0 0 -21.6
0 0 0 0 0 0 0 0 0 0 0 0 0 0 0 0 0 0 0 0 0 0 0 0 0 0 1000 0 1000 0 0 -22.5
0 0 0 0 0 0 0 0 0 0 0 0 0 0 0 0 0 0 0 0 0 0 0 0 0 0 1000 0 1000 0 0 -23.4
0 0 0 0 0 0 0 0 0 0 0 0 0 0 0 0 0 0 0 0 0 0 0 0 0 0 1000 0 1000 0 0 -24.3
0 0 0 0 0 0 0 0 0 0 0 0 0 0 0 0 0 0 0 0 0 0 0 0 0 0 1000 0 1000 0 0 -25.2
0 0 0 0 0 0 0 0 0 0 0 0 0 0 0 0 0 0 0 0 0 0 0 0 0 0 1000 0 1000 0 0 -26.1
0 0 0 0 0 0 0 0 0 0 0 0 0 0 0 0 0 0 0 0 0 0 0 0 0 0 1000 0 1000 0 0 -27
0 0 0 0 0 0 0 0 0 0 0 0 0 0 0 0 0 0 0 0 0 0 0 0 0 0 1000 0 1000 0 0 -27.9
0 0 0 0 0 0 0 0 0 0 0 0 0 0 0 0 0 0 0 0 0 0 0 0 0 0 1000 0 1000 0 0 -28.8
0 0 0 0 0 0 0 0 0 0 0 0 0 0 0 0 0 0 0 0 0 0 0 0 0 0 1000 0 1000 0 0 -29.7
0 0 0 0 0 0 0 0 0 0 0 0 0 0 0 0 0 0 0 0 0 0 0 0 0 0 1000 0 1000 0 0 -30.6
0 0 0 0 0 0 0 0 0 0 0 0 0 0 0 0 0 0 0 0 0 0 0 0 0 0 1000 0 1000 0 0 -31.5
0 0 0 0 0 0 0 0 0 0 0 0 0 0 0 0 0 0 0 0 0 0 0 0 0 0 1000 0 1000 0 0 -32.4
0 0 0 0 0 0 0 0 0 0 0 0 0 0 0 0 0 0 0 0 0 0 0 0 0 0 1000 0 1000 0 0 -33.3
0 0 0 0 0 0 0 0 0 0 0 0 0 0 0 0 0 0 0 0 0 0 0 0 0 0 1000 0 1000 0 0 -34.2
