0 0 0 0 0 0 0 2 0 0 0 0 56 0 0 0 0 0 0 0 0 0 0 0 0 0 942 0 1000 0 0 9.9
0 0 0 0 0 0 0 21 0 0 0 0 834 0 0 0 0 0 0 0 0 0 0 0 0 0 145 0 1000 0 0 9
0 0 0 0 0 0 0 2 0 0 0 0 993 0 0 0 0 0 0 0 0 0 0 0 0 0 5 0 1000 0 0 8.1
0 0 0 0 0 0 0 4 0 0 0 0 988 0 0 0 0 0 0 0 0 0 0 0 0 0 8 0 1000 0 0 7.2
0 0 0 0 0 0 0 26 0 0 0 0 969 0 0 0 0 0 0 0 0 0 0 0 0 0 5 0 1000 0 0 6.3
0 0 0 0 0 0 0 104 0 0 0 1 891 0 0 0 0 0 0 0 0 0 0 0 0 0 4 0 1000 0 0 5.4
0 0 0 0 0 0 1 173 1 0 0 0 823 0 0 0 0 0 0 0 0 0 0 0 0 0 2 0 1000 0 0 4.5
0 0 0 0 0 0 0 204 1 0 0 1 792 1 0 0 0 0 0 0 0 0 0 0 0 0 1 0 1000 0 0 3.6
0 0 0 0 0 0 2 253 3 0 0 0 733 3 0 0 0 0 0 0 0 0 0 0 0 0 6 0 1000 0 0 2.7
0 0 0 0 0 0 0 282 0 0 0 1 711 5 0 0 0 0 0 0 0 0 0 0 0 0 1 0 1000 0 0 1.8
0 0 0 0 0 0 2 248 1 0 0 3 733 5 0 0 0 0 0 0 0 0 0 0 0 0 8 0 1000 0 0 0.9
0 0 0 0 0 0 4 239 1 0 0 3 574 5 0 0 0 1 0 0 0 0 0 0 0 0 173 0 1000 0 0 0
0 0 0 0 0 0 3 213 4 0 0 2 372 4 0 0 0 0 0 0 0 0 0 0 0 0 402 0 1000 0 0 -0.9
0 0 0 0 0 0 2 152 1 0 0 1 289 4 0 0 0 0 0 0 0 0 0 0 0 0 551 0 1000 0 0 -1.8
0 0 0 0 0 0 0 133 4 0 0 1 186 3 0 0 0 0 0 0 0 0 0 0 0 0 673 0 1000 0 0 -2.7
0 0 0 0 0 0 0 63 2 0 0 5 140 1 0 0 0 0 0 0 0 0 0 0 0 0 789 0 1000 0 0 -3.6
0 0 0 0 0 0 0 49 2 0 0 2 113 2 0 0 0 0 0 0 0 0 0 0 0 0 832 0 1000 0 0 -4.5
0 0 0 0 0 0 1 44 2 0 0 3 58 0 0 0 0 0 0 0 0 0 0 0 0 0 892 0 1000 0 0 -5.4
0 0 0 0 0 0 0 25 2 0 0 5 44 2 0 0 0 0 0 0 0 0 0 0 0 0 922 0 1000 0 0 -6.3
0 0 0 0 0 0 0 20 0 0 0 1 43 4 0 0 0 0 0 0 0 0 0 0 0 0 932 0 1000 0 0 -7.2
0 0 0 0 0 0 0 15 0 0 0 2 26 0 0 0 0 0 0 0 0 0 0 0 0 0 957 0 1000 0 0 -8.1
0 0 0 0 0 0 0 10 0 0 0 0 10 1 0 0 0 0 0 0 0 0 0 0 0 0 979 0 1000 0 0 -9
0 0 0 0 0 0 0 5 0 0 0 1 10 0 0 0 0 0 0 0 0 0 0 0 0 0 984 0 1000 0 0 -9.9
0 0 0 0 0 0 0 7 0 0 0 2 8 0 0 0 0 0 0 0 0 0 0 0 0 0 983 0 1000 0 0 -10.8
0 0 0 0 0 0 0 4 0 0 0 0 3 1 0 0 0 0 0 0 0 0 0 0 0 0 992 0 1000 0 0 -11.7
0 0 0 0 0 0 0 2 0 0 0 0 3 1 0 0 0 0 0 0 0 0 0 0 0 0 994 0 1000 0 0 -12.6
0 0 0 0 0 0 0 1 0 0 0 0 0 0 0 0 0 0 0 0 0 0 0 0 0 0 999 0 1000 0 0 -13.5
0 0 0 0 0 0 0 1 0 0 0 1 0 0 0 0 0 0 0 0 0 0 0 0 0 0 998 0 1000 0 0 -14.4
0 0 0 0 0 0 0 0 0 0 0 0 0 1 0 0 0 0 0 0 0 0 0 0 0 0 999 0 1000 0 0 -15.3
0 0 0 0 0 0 0 0 0 0 0 0 1 0 0 0 0 0 0 0 0 0 0 0 0 0 999 0 1000 0 0 -16.2
0 0 0 0 0 0 0 0 1 0 0 0 1 0 0 0 0 0 0 0 0 0 0 0 0 0 998 0 1000 0 0 -17.1
0 0 0 0 0 0 0 0 0 0 0 0 0 0 0 0 0 0 0 0 0 0 0 0 0 0 1000 0 1000 0 0 -18
0 0 0 0 0 0 0 0 0 0 0 0 1 0 0 0 0 0 0 0 0 0 0 0 0 0 999 0 1000 0 0 -18.9
0 0 0 0 0 0 0 0 0 0 0 0 0 0 0 0 0 0 0 0 0 0 0 0 0 0 1000 0 1000 0 0 -19.8
0 0 0 0 0 0 0 1 0 0 0 0 0 0 0 0 0 0 0 0 0 0 0 0 0 0 999 0 1000 0 0 -20.7
0 0 0 0 0 0 0 0 0 0 0 0 0 0 0 0 0 0 0 0 0 0 0 0 0 0 1000 0 1000 0 0 -21.6
0 0 0 0 0 0 0 0 0 0 0 0 0 0 0 0 0 0 0 0 0 0 0 0 0 0 1000 0 1000 0 0 -22.5
0 0 0 0 0 0 0 0 0 0 0 0 0 0 0 0 0 0 0 0 0 0 0 0 0 0 1000 0 1000 0 0 -23.4
0 0 0 0 0 0 0 0 0 0 0 0 0 0 0 0 0 0 0 0 0 0 0 0 0 0 1000 0 1000 0 0 -24.3
0 0 0 0 0 0 0 0 0 0 0 0 0 0 0 0 0 0 0 0 0 0 0 0 0 0 1000 0 1000 0 0 -25.2
0 0 0 0 0 0 0 0 0 0 0 0 0 0 0 0 0 0 0 0 0 0 0 0 0 0 1000 0 1000 0 0 -26.1
0 0 0 0 0 0 0 0 0 0 0 0 0 0 0 0 0 0 0 0 0 0 0 0 0 0 1000 0 1000 0 0 -27
0 0 0 0 0 0 0 0 0 0 0 0 0 0 0 0 0 0 0 0 0 0 0 0 0 0 1000 0 1000 0 0 -27.9
0 0 0 0 0 0 0 0 0 0 0 0 0 0 0 0 0 0 0 0 0 0 0 0 0 0 1000 0 1000 0 0 -28.8
0 0 0 0 0 0 0 0 0 0 0 0 0 0 0 0 0 0 0 0 0 0 0 0 0 0 1000 0 1000 0 0 -29.7
0 0 0 0 0 0 0 0 0 0 0 0 0 0 0 0 0 0 0 0 0 0 0 0 0 0 1000 0 1000 0 0 -30.6
0 0 0 0 0 0 0 0 0 0 0 0 0 0 0 0 0 0 0 0 0 0 0 0 0 0 1000 0 1000 0 0 -31.5
0 0 0 0 0 0 0 0 0 0 0 0 0 0 0 0 0 0 0 0 0 0 0 0 0 0 1000 0 1000 0 0 -32.4
0 0 0 0 0 0 0 0 0 0 0 0 0 0 0 0 0 0 0 0 0 0 0 0 0 0 1000 0 1000 0 0 -33.3
0 0 0 0 0 0 0 0 0 0 0 0 0 0 0 0 0 0 0 0 0 0 0 0 0 0 1000 0 1000 0 0 -34.2
