0 0 0 0 0 0 0 0 0 0 0 0 326 0 0 0 0 0 0 0 0 0 0 0 0 0 674 0 1000 0 0 9.9
0 0 0 0 0 0 0 0 0 0 0 0 875 2 0 0 0 0 0 0 0 0 0 0 0 0 123 0 1000 0 0 9
0 0 0 0 0 0 0 1 0 0 0 0 993 0 0 0 0 0 0 0 0 0 0 0 0 0 6 0 1000 0 0 8.1
0 0 0 0 0 0 0 0 0 0 0 0 991 1 0 0 0 0 0 0 0 0 0 0 0 0 8 0 1000 0 0 7.2
0 0 0 0 0 0 0 5 1 0 0 0 987 2 0 0 0 0 0 0 0 0 0 0 0 0 5 0 1000 0 0 6.3
0 0 0 0 0 0 0 27 2 0 0 0 938 29 0 0 0 0 0 0 0 0 0 0 0 0 4 0 1000 0 0 5.4
0 0 0 0 0 0 0 66 14 0 0 0 851 65 0 0 0 0 0 0 0 0 0 0 0 0 4 0 1000 0 0 4.5
0 0 0 0 0 0 0 90 25 0 0 0 793 90 0 0 0 0 0 0 0 0 0 0 0 0 2 0 1000 0 0 3.6
0 0 0 0 0 0 0 98 32 0 0 0 757 109 0 0 0 0 0 0 0 0 0 0 0 0 4 0 1000 0 0 2.7
0 0 0 0 0 0 0 121 29 0 0 0 738 106 0 0 0 0 0 0 0 0 0 0 0 0 6 0 1000 0 0 1.8
0 0 0 0 0 0 0 109 35 0 0 0 720 125 0 0 0 0 0 0 0 0 0 0 0 0 11 0 1000 0 0 0.9
0 0 0 0 0 0 0 101 38 0 0 0 578 125 0 0 0 0 0 0 0 0 0 0 0 0 158 0 1000 0 0 0
0 0 0 0 0 0 0 90 30 0 0 0 420 87 0 0 0 0 0 0 0 0 0 0 0 0 373 0 1000 0 0 -0.9
0 0 0 0 0 0 0 71 31 0 0 0 279 75 0 0 0 0 0 0 0 0 0 0 0 0 544 0 1000 0 0 -1.8
0 0 0 0 0 0 0 50 23 0 0 0 199 65 0 0 0 0 0 0 0 0 0 0 0 0 663 0 1000 0 0 -2.7
0 0 0 0 0 0 0 44 18 0 0 0 112 47 0 0 0 0 0 0 0 0 0 0 0 0 779 0 1000 0 0 -3.6
0 0 0 0 0 0 0 35 6 0 0 0 92 26 0 0 0 1 0 0 0 0 0 0 0 0 840 0 1000 0 0 -4.5
0 0 0 0 0 0 0 34 11 0 0 0 63 27 0 0 0 0 0 0 0 0 0 0 0 0 865 0 1000 0 0 -5.4
0 0 0 0 0 0 0 12 7 0 0 0 34 10 0 0 0 0 1 0 0 0 0 0 0 0 936 0 1000 0 0 -6.3
0 0 0 0 0 0 0 13 3 0 0 0 38 13 0 0 0 1 0 0 0 0 0 0 0 0 932 0 1000 0 0 -7.2
0 0 0 0 0 0 0 9 3 0 0 0 18 6 0 0 0 0 0 0 0 0 0 0 0 0 964 0 1000 0 0 -8.1
0 0 0 0 0 0 0 4 4 0 0 0 16 7 0 0 0 0 0 0 0 0 0 0 0 0 969 0 1000 0 0 -9
0 0 0 0 0 0 0 4 1 0 0 0 8 5 0 0 0 0 0 0 0 0 0 0 0 0 982 0 1000 0 0 -9.9
0 0 0 0 0 0 0 1 1 0 0 0 6 2 0 0 0 0 0 0 0 0 0 0 0 0 990 0 1000 0 0 -10.8
0 0 0 0 0 0 0 3 4 0 0 0 4 4 0 0 0 0 0 0 0 0 0 0 0 0 985 0 1000 0 0 -11.7
0 0 0 0 0 0 0 2 1 0 0 0 3 1 0 0 0 0 0 0 0 0 0 0 0 0 993 0 1000 0 0 -12.6
0 0 0 0 0 0 0 0 0 0 0 0 0 1 0 0 0 0 0 0 0 0 0 0 0 0 999 0 1000 0 0 -13.5
0 0 0 0 0 0 0 1 1 0 0 0 1 2 0 0 0 0 0 0 0 0 0 0 0 0 995 0 1000 0 0 -14.4
0 0 0 0 0 0 0 0 0 0 0 0 0 0 0 0 0 0 0 0 0 0 0 0 0 0 1000 0 1000 0 0 -15.3
0 0 0 0 0 0 0 0 0 0 0 0 0 0 0 0 0 0 0 0 0 0 0 0 0 0 1000 0 1000 0 0 -16.2
0 0 0 0 0 0 0 0 1 0 0 0 0 0 0 0 0 0 0 0 0 0 0 0 0 0 999 0 1000 0 0 -17.1
0 0 0 0 0 0 0 1 0 0 0 0 0 0 0 0 0 0 0 0 0 0 0 0 0 0 999 0 1000 0 0 -18
0 0 0 0 0 0 0 0 0 0 0 0 0 0 0 0 0 0 0 0 0 0 0 0 0 0 1000 0 1000 0 0 -18.9
0 0 0 0 0 0 0 0 0 0 0 0 0 0 0 0 0 0 0 0 0 0 0 0 0 0 1000 0 1000 0 0 -19.8
0 0 0 0 0 0 0 0 0 0 0 0 0 1 0 0 0 0 0 0 0 0 0 0 0 0 999 0 1000 0 0 -20.7
0 0 0 0 0 0 0 0 0 0 0 0 0 0 0 0 0 0 0 0 0 0 0 0 0 0 1000 0 1000 0 0 -21.6
0 0 0 0 0 0 0 0 0 0 0 0 0 0 0 0 0 0 0 0 0 0 0 0 0 0 1000 0 1000 0 0 -22.5
0 0 0 0 0 0 0 0 0 0 0 0 0 0 0 0 0 0 0 0 0 0 0 0 0 0 1000 0 1000 0 0 -23.4
0 0 0 0 0 0 0 0 0 0 0 0 0 0 0 0 0 0 0 0 0 0 0 0 0 0 1000 0 1000 0 0 -24.3
0 0 0 0 0 0 0 0 0 0 0 0 0 0 0 0 0 0 0 0 0 0 0 0 0 0 1000 0 1000 0 0 -25.2
0 0 0 0 0 0 0 0 0 0 0 0 0 0 0 0 0 0 0 0 0 0 0 0 0 0 1000 0 1000 0 0 -26.1
0 0 0 0 0 0 0 0 0 0 0 0 0 0 0 0 0 0 0 0 0 0 0 0 0 0 1000 0 1000 0 0 -27
0 0 0 0 0 0 0 0 0 0 0 0 0 0 0 0 0 0 0 0 0 0 0 0 0 0 1000 0 1000 0 0 -27.9
0 0 0 0 0 0 0 0 0 0 0 0 0 0 0 0 0 0 0 0 0 0 0 0 0 0 1000 0 1000 0 0 -28.8
0 0 0 0 0 0 0 0 0 0 0 0 0 0 0 0 0 0 0 0 0 0 0 0 0 0 1000 0 1000 0 0 -29.7
0 0 0 0 0 0 0 0 0 0 0 0 0 0 0 0 0 0 0 0 0 0 0 0 0 0 1000 0 1000 0 0 -30.6
0 0 0 0 0 0 0 0 0 0 0 0 0 0 0 0 0 0 0 0 0 0 0 0 0 0 1000 0 1000 0 0 -31.5
0 0 0 0 0 0 0 0 0 0 0 0 0 0 0 0 0 0 0 0 0 0 0 0 0 0 1000 0 1000 0 0 -32.4
0 0 0 0 0 0 0 0 0 0 0 0 0 0 0 0 0 0 0 0 0 0 0 0 0 0 1000 0 1000 0 0 -33.3
0 0 0 0 0 0 0 0 0 0 0 0 0 0 0 0 0 0 0 0 0 0 0 0 0 0 1000 0 1000 0 0 -34.2
