0 0 0 0 0 0 0 0 0 0 0 0 1000 0 0 0 0 0 0 0 0 0 0 0 0 0 0 0 1000 0 0 9.9
0 0 0 0 0 0 0 0 0 0 0 0 1000 0 0 0 0 0 0 0 0 0 0 0 0 0 0 0 1000 0 0 9
0 0 0 0 0 0 0 0 0 0 0 0 1000 0 0 0 0 0 0 0 0 0 0 0 0 0 0 0 1000 0 0 8.1
0 0 0 0 0 0 0 0 0 0 0 0 1000 0 0 0 0 0 0 0 0 0 0 0 0 0 0 0 1000 0 0 7.2
0 0 0 0 0 0 0 0 0 0 0 0 1000 0 0 0 0 0 0 0 0 0 0 0 0 0 0 0 1000 0 0 6.3
0 0 0 0 0 0 0 0 0 0 0 0 1000 0 0 0 0 0 0 0 0 0 0 0 0 0 0 0 1000 0 0 5.4
0 0 0 0 0 0 0 0 0 0 0 0 1000 0 0 0 0 0 0 0 0 0 0 0 0 0 0 0 1000 0 0 4.5
0 0 0 0 0 0 0 0 0 0 0 0 1000 0 0 0 0 0 0 0 0 0 0 0 0 0 0 0 1000 0 0 3.6
0 0 0 0 0 0 0 0 0 0 0 0 1000 0 0 0 0 0 0 0 0 0 0 0 0 0 0 0 1000 0 0 2.7
0 0 0 0 0 0 0 0 0 0 0 0 1000 0 0 0 0 0 0 0 0 0 0 0 0 0 0 0 1000 0 0 1.8
0 0 0 0 0 0 0 0 0 0 0 1 991 0 0 0 0 0 0 0 0 0 0 0 0 0 8 0 1000 0 0 0.9
0 0 0 0 0 0 0 7 0 0 0 0 830 2 0 0 0 0 0 0 0 0 0 0 0 0 161 0 1000 0 0 0
0 0 0 0 0 0 0 10 0 0 0 2 633 0 0 0 0 1 0 0 0 0 0 0 0 0 354 0 1000 0 0 -0.9
0 0 1 0 0 0 2 14 0 0 0 1 404 1 0 0 0 1 0 0 0 0 0 0 0 0 576 0 1000 0 0 -1.8
0 0 0 0 0 0 0 8 2 0 0 2 337 1 0 0 0 0 0 0 0 0 0 0 0 0 650 0 1000 0 0 -2.7
0 0 0 0 0 0 0 7 0 0 0 4 186 3 0 0 0 1 0 0 0 0 0 0 0 0 799 0 1000 0 0 -3.6
0 0 0 0 0 0 0 12 0 0 0 4 136 0 0 0 0 1 0 0 0 0 0 0 0 0 847 0 1000 0 0 -4.5
0 0 0 0 0 0 0 13 1 0 0 1 92 2 0 0 0 1 0 0 0 0 0 0 0 0 890 0 1000 0 0 -5.4
0 0 0 0 0 0 0 4 1 0 0 2 66 2 0 0 0 1 0 0 0 0 0 0 0 0 924 0 1000 0 0 -6.3
0 0 0 0 0 0 0 5 0 0 0 0 59 1 0 0 0 0 0 0 0 0 0 0 0 0 935 0 1000 0 0 -7.2
0 0 0 0 0 0 2 8 0 0 0 0 33 0 0 0 0 0 0 0 0 0 0 0 0 0 957 0 1000 0 0 -8.1
0 0 0 0 0 0 0 2 0 0 0 0 18 0 0 0 0 1 0 0 0 0 0 0 0 0 979 0 1000 0 0 -9
0 0 0 0 0 0 0 0 0 0 0 2 13 3 0 0 0 0 0 0 0 0 0 0 0 0 982 0 1000 0 0 -9.9
0 0 0 0 0 0 0 2 0 0 0 2 8 2 0 0 0 0 0 0 0 0 0 0 0 0 986 0 1000 0 0 -10.8
0 0 0 0 0 0 0 0 0 0 0 0 4 0 0 0 0 0 0 0 0 0 0 0 0 0 996 0 1000 0 0 -11.7
0 0 0 0 0 0 0 0 0 0 0 2 3 0 0 0 0 0 0 0 0 0 0 0 0 0 995 0 1000 0 0 -12.6
0 0 0 0 0 0 0 0 0 0 0 1 4 0 0 0 0 0 0 0 0 0 0 0 0 0 995 0 1000 0 0 -13.5
0 0 0 0 0 0 0 0 0 0 0 0 4 0 0 0 0 0 0 0 0 0 0 0 0 0 996 0 1000 0 0 -14.4
0 0 0 0 0 0 1 0 0 0 0 0 1 0 0 0 0 0 0 0 0 0 0 0 0 0 998 0 1000 0 0 -15.3
0 0 0 0 0 0 0 0 0 0 0 0 2 0 0 0 0 0 0 0 0 0 0 0 0 0 998 0 1000 0 0 -16.2
0 0 0 0 0 0 0 0 0 0 0 0 0 0 0 0 0 0 0 0 0 0 0 0 0 0 1000 0 1000 0 0 -17.1
0 0 0 0 0 0 0 0 0 0 0 0 1 0 0 0 0 0 0 0 0 0 0 0 0 0 999 0 1000 0 0 -18
0 0 0 0 0 0 0 0 0 0 0 0 1 0 0 0 0 0 0 0 0 0 0 0 0 0 999 0 1000 0 0 -18.9
0 0 0 0 0 0 0 0 0 0 0 0 0 0 0 0 0 0 0 0 0 0 0 0 0 0 1000 0 1000 0 0 -19.8
0 0 0 0 0 0 0 1 0 0 0 0 0 1 0 0 0 0 0 0 0 0 0 0 0 0 998 0 1000 0 0 -20.7
0 0 0 0 0 0 0 0 0 0 0 0 0 0 0 0 0 0 0 0 0 0 0 0 0 0 1000 0 1000 0 0 -21.6
0 0 0 0 0 0 0 0 0 0 0 0 0 0 0 0 0 0 0 0 0 0 0 0 0 0 1000 0 1000 0 0 -22.5
0 0 0 0 0 0 0 0 0 0 0 0 0 0 0 0 0 0 0 0 0 0 0 0 0 0 1000 0 1000 0 0 -23.4
0 0 0 0 0 0 0 0 0 0 0 0 0 0 0 0 0 0 0 0 0 0 0 0 0 0 1000 0 1000 0 0 -24.3
0 0 0 0 0 0 0 0 0 0 0 0 1 0 0 0 0 0 0 0 0 0 0 0 0 0 999 0 1000 0 0 -25.2
0 0 0 0 0 0 0 0 0 0 0 0 0 0 0 0 0 0 0 0 0 0 0 0 0 0 1000 0 1000 0 0 -26.1
0 0 0 0 0 0 0 0 0 0 0 0 0 0 0 0 0 0 0 0 0 0 0 0 0 0 1000 0 1000 0 0 -27
0 0 0 0 0 0 0 0 0 0 0 0 0 0 0 0 0 0 0 0 0 0 0 0 0 0 1000 0 1000 0 0 -27.9
0 0 0 0 0 0 0 0 0 0 0 0 0 0 0 0 0 0 0 0 0 0 0 0 0 0 1000 0 1000 0 0 -28.8
0 0 0 0 0 0 0 0 0 0 0 0 0 0 0 0 0 0 0 0 0 0 0 0 0 0 1000 0 1000 0 0 -29.7
0 0 0 0 0 0 0 0 0 0 0 0 0 0 0 0 0 0 0 0 0 0 0 0 0 0 1000 0 1000 0 0 -30.6
0 0 0 0 0 0 0 0 0 0 0 0 0 0 0 0 0 0 0 0 0 0 0 0 0 0 1000 0 1000 0 0 -31.5
0 0 0 0 0 0 0 0 0 0 0 0 0 0 0 0 0 0 0 0 0 0 0 0 0 0 1000 0 1000 0 0 -32.4
0 0 0 0 0 0 0 0 0 0 0 0 0 0 0 0 0 0 0 0 0 0 0 0 0 0 1000 0 1000 0 0 -33.3
0 0 0 0 0 0 0 0 0 0 0 0 0 0 0 0 0 0 0 0 0 0 0 0 0 0 1000 0 1000 0 0 -34.2
