0 0 0 0 0 0 0 3 0 0 0 0 57 0 0 0 0 0 0 0 0 0 0 0 0 0 940 0 1000 0 0 9.9
0 0 0 0 0 0 0 23 0 0 0 0 809 0 0 0 0 0 0 0 0 0 0 0 0 0 168 0 1000 0 0 9
0 0 0 0 0 0 0 0 0 0 0 0 993 0 0 0 0 0 0 0 0 0 0 0 0 0 7 0 1000 0 0 8.1
0 0 0 0 0 0 0 5 0 0 0 0 993 0 0 0 0 0 0 0 0 0 0 0 0 0 2 0 1000 0 0 7.2
0 0 0 0 0 0 0 45 0 0 0 0 948 4 0 0 0 0 0 0 0 0 0 0 0 0 3 0 1000 0 0 6.3
0 0 0 0 0 0 0 111 5 0 0 0 869 12 0 0 0 0 0 0 0 0 0 0 0 0 3 0 1000 0 0 5.4
0 0 0 0 0 0 0 157 15 0 0 0 804 21 0 0 0 0 0 0 0 0 0 0 0 0 3 0 1000 0 0 4.5
0 0 0 0 0 0 0 214 18 0 0 0 734 30 0 0 0 0 0 0 0 0 0 0 0 0 4 0 1000 0 0 3.6
0 0 0 0 0 0 1 231 33 0 0 0 704 27 0 0 0 0 0 0 0 0 0 0 0 0 4 0 1000 0 0 2.7
0 0 0 0 0 0 0 268 13 0 0 0 686 30 0 0 0 0 0 0 0 0 0 0 0 0 3 0 1000 0 0 1.8
0 0 0 0 0 0 1 226 27 0 0 0 691 41 0 0 0 0 0 0 0 0 0 0 0 0 14 0 1000 0 0 0.9
0 0 0 0 0 0 0 231 30 0 0 0 547 47 0 0 0 0 0 0 0 0 0 0 0 0 145 0 1000 0 0 0
0 0 0 0 0 0 0 184 24 0 0 1 387 37 0 0 0 0 0 0 0 0 0 0 0 0 367 0 1000 0 0 -0.9
0 0 0 0 0 0 0 133 21 0 0 0 291 31 0 0 0 0 0 0 0 0 0 0 0 0 524 0 1000 0 0 -1.8
0 0 0 0 0 0 0 88 14 0 0 0 168 17 0 0 0 0 0 0 0 0 0 0 0 0 713 0 1000 0 0 -2.7
0 0 0 0 0 0 1 66 13 0 0 0 114 14 0 0 0 0 0 0 0 0 0 0 0 0 792 0 1000 0 0 -3.6
0 0 0 0 0 0 0 53 10 0 0 1 102 17 0 0 0 0 0 0 0 0 0 0 0 0 817 0 1000 0 0 -4.5
0 0 0 0 0 0 0 30 4 0 0 0 61 10 0 0 0 0 0 0 0 0 0 0 0 0 895 0 1000 0 0 -5.4
0 0 0 0 0 0 0 19 10 0 0 1 41 6 0 0 0 0 0 0 0 0 0 0 0 0 923 0 1000 0 0 -6.3
0 0 0 0 0 0 0 15 5 0 0 0 25 5 0 0 0 0 0 0 0 0 0 0 0 0 950 0 1000 0 0 -7.2
0 0 0 0 0 0 0 11 3 0 0 0 14 4 0 0 0 0 0 0 0 0 0 0 0 0 968 0 1000 0 0 -8.1
0 0 0 0 0 0 0 11 6 0 0 0 15 2 0 0 0 0 0 0 0 0 0 0 0 0 966 0 1000 0 0 -9
0 0 0 0 0 0 1 3 1 0 0 0 11 1 0 0 0 0 0 0 0 0 0 0 0 0 983 0 1000 0 0 -9.9
0 0 0 0 0 0 0 5 1 0 0 0 8 2 0 0 0 0 0 0 0 0 0 0 0 0 984 0 1000 0 0 -10.8
0 0 0 0 0 0 0 2 0 0 0 0 8 0 0 0 0 0 0 0 0 0 0 0 0 0 990 0 1000 0 0 -11.7
0 0 0 0 0 0 0 6 0 0 0 0 3 3 0 0 0 0 0 0 0 0 0 0 0 0 988 0 1000 0 0 -12.6
0 0 0 0 0 0 0 3 1 0 0 0 2 0 0 0 0 0 0 0 0 0 0 0 0 0 994 0 1000 0 0 -13.5
0 0 0 0 0 0 0 0 0 0 0 0 2 0 0 0 0 0 0 0 0 0 0 0 0 0 998 0 1000 0 0 -14.4
0 0 0 0 0 0 0 3 0 0 0 0 1 1 0 0 0 0 0 0 0 0 0 0 0 0 995 0 1000 0 0 -15.3
0 0 0 0 0 0 0 0 0 0 0 0 2 0 0 0 0 0 0 0 0 0 0 0 0 0 998 0 1000 0 0 -16.2
0 0 0 0 0 0 0 0 0 0 0 0 2 1 0 0 0 0 0 0 0 0 0 0 0 0 997 0 1000 0 0 -17.1
0 0 0 0 0 0 0 0 2 0 0 0 0 0 0 0 0 0 0 0 0 0 0 0 0 0 998 0 1000 0 0 -18
0 0 0 0 0 0 0 0 0 0 0 0 1 0 0 0 0 0 0 0 0 0 0 0 0 0 999 0 1000 0 0 -18.9
0 0 0 0 0 0 0 0 0 0 0 0 0 0 0 0 0 0 0 0 0 0 0 0 0 0 1000 0 1000 0 0 -19.8
0 0 0 0 0 0 0 0 0 0 0 0 0 0 0 0 0 0 0 0 0 0 0 0 0 0 1000 0 1000 0 0 -20.7
0 0 0 0 0 0 0 0 0 0 0 0 0 0 0 0 0 0 0 0 0 0 0 0 0 0 1000 0 1000 0 0 -21.6
0 0 0 0 0 0 0 0 0 0 0 0 0 0 0 0 0 0 0 0 0 0 0 0 0 0 1000 0 1000 0 0 -22.5
0 0 0 0 0 0 0 0 0 0 0 0 0 0 0 0 0 0 0 0 0 0 0 0 0 0 1000 0 1000 0 0 -23.4
0 0 0 0 0 0 0 0 0 0 0 0 0 0 0 0 0 0 0 0 0 0 0 0 0 0 1000 0 1000 0 0 -24.3
0 0 0 0 0 0 0 0 0 0 0 0 0 0 0 0 0 0 0 0 0 0 0 0 0 0 1000 0 1000 0 0 -25.2
0 0 0 0 0 0 0 0 0 0 0 0 0 0 0 0 0 0 0 0 0 0 0 0 0 0 1000 0 1000 0 0 -26.1
0 0 0 0 0 0 0 0 0 0 0 0 0 0 0 0 0 0 0 0 0 0 0 0 0 0 1000 0 1000 0 0 -27
0 0 0 0 0 0 0 0 0 0 0 0 0 0 0 0 0 0 0 0 0 0 0 0 0 0 1000 0 1000 0 0 -27.9
0 0 0 0 0 0 0 0 0 0 0 0 0 0 0 0 0 0 0 0 0 0 0 0 0 0 1000 0 1000 0 0 -28.8
0 0 0 0 0 0 0 0 0 0 0 0 0 0 0 0 0 0 0 0 0 0 0 0 0 0 1000 0 1000 0 0 -29.7
0 0 0 0 0 0 0 0 0 0 0 0 0 0 0 0 0 0 0 0 0 0 0 0 0 0 1000 0 1000 0 0 -30.6
0 0 0 0 0 0 0 0 0 0 0 0 0 0 0 0 0 0 0 0 0 0 0 0 0 0 1000 0 1000 0 0 -31.5
0 0 0 0 0 0 0 0 0 0 0 0 0 0 0 0 0 0 0 0 0 0 0 0 0 0 1000 0 1000 0 0 -32.4
0 0 0 0 0 0 0 0 0 0 0 0 0 0 0 0 0 0 0 0 0 0 0 0 0 0 1000 0 1000 0 0 -33.3
0 0 0 0 0 0 0 0 0 0 0 0 0 0 0 0 0 0 0 0 0 0 0 0 0 0 1000 0 1000 0 0 -34.2
