0 0 0 0 0 0 0 0 0 0 0 0 28 35 0 0 0 0 0 0 0 0 0 0 0 0 937 0 1000 0 0 9.9
0 0 0 0 0 0 0 0 0 0 0 0 415 423 0 0 0 0 0 0 0 0 0 0 0 0 162 0 1000 0 0 9
0 0 0 0 0 0 0 0 0 0 0 0 497 493 0 0 0 0 0 0 0 0 0 0 0 0 10 0 1000 0 0 8.1
0 0 0 0 0 0 0 0 2 0 0 0 503 492 0 0 0 0 0 0 0 0 0 0 0 0 3 0 1000 0 0 7.2
0 0 0 0 0 0 0 2 2 0 0 0 473 515 0 0 0 0 0 0 0 0 0 0 0 0 8 0 1000 0 0 6.3
0 0 0 0 0 0 0 2 2 0 0 0 508 484 0 0 0 0 0 0 0 0 0 0 0 0 4 0 1000 0 0 5.4
0 0 0 0 0 0 0 5 4 0 0 0 497 487 0 0 0 1 0 0 0 0 0 0 0 0 6 0 1000 0 0 4.5
0 0 0 0 0 0 0 5 6 0 0 0 503 483 0 0 0 0 0 0 0 0 0 0 0 0 3 0 1000 0 0 3.6
0 0 0 0 0 0 0 2 4 0 0 0 491 501 0 0 0 1 0 0 0 0 0 0 0 0 1 0 1000 0 0 2.7
0 0 0 0 0 0 0 5 9 0 0 0 493 489 0 0 0 2 1 0 0 0 0 0 0 0 1 0 1000 0 0 1.8
0 0 0 0 0 0 0 8 7 0 0 0 471 506 0 0 0 0 0 0 0 0 0 0 0 0 8 0 1000 0 0 0.9
0 0 0 0 0 0 0 7 15 0 0 0 413 402 0 0 0 1 0 0 0 0 0 0 0 0 162 0 1000 0 0 0
0 0 0 0 0 0 0 7 7 0 0 0 305 322 0 0 0 1 0 0 0 0 0 0 0 0 358 0 1000 0 0 -0.9
0 0 0 0 0 0 0 8 8 0 0 0 228 231 0 0 0 0 0 0 0 0 0 0 0 0 525 0 1000 0 0 -1.8
0 0 0 0 0 0 0 3 8 0 0 0 151 135 0 0 0 0 1 0 0 0 0 0 0 0 702 0 1000 0 0 -2.7
0 0 0 0 0 0 0 8 2 0 0 0 104 106 1 0 0 1 0 0 0 0 0 0 0 0 778 0 1000 0 0 -3.6
0 0 0 0 0 0 0 2 4 0 0 0 63 67 0 0 0 2 1 0 0 0 0 0 0 0 861 0 1000 0 0 -4.5
0 0 0 0 0 0 0 7 4 0 0 0 42 49 0 0 0 1 1 0 0 0 0 0 0 0 896 0 1000 0 0 -5.4
0 0 0 0 0 0 0 5 4 0 0 0 41 30 0 0 0 1 0 0 0 0 0 0 0 0 919 0 1000 0 0 -6.3
0 0 0 0 0 0 0 0 0 0 0 0 35 20 0 0 0 1 0 0 0 0 0 0 0 0 944 0 1000 0 0 -7.2
0 0 0 0 0 0 0 1 1 0 0 0 23 13 0 0 0 0 0 0 0 0 0 0 0 0 962 0 1000 0 0 -8.1
0 0 0 0 0 0 0 1 1 0 0 0 12 13 0 0 0 0 0 0 0 0 0 0 0 0 973 0 1000 0 0 -9
0 0 0 0 0 0 0 1 0 0 0 0 13 7 0 0 0 0 0 0 0 0 0 0 0 0 979 0 1000 0 0 -9.9
0 0 0 0 0 0 0 2 0 0 0 0 9 6 0 0 0 0 0 0 0 0 0 0 0 0 983 0 1000 0 0 -10.8
0 0 0 0 0 0 0 0 0 0 0 0 8 2 0 0 0 0 1 0 0 0 0 0 0 0 989 0 1000 0 0 -11.7
0 0 0 0 0 0 0 0 0 0 0 0 4 3 0 0 0 0 0 0 0 0 0 0 0 0 993 0 1000 0 0 -12.6
0 0 0 0 0 0 0 0 0 0 0 0 2 0 0 0 0 0 0 0 0 0 0 0 0 0 998 0 1000 0 0 -13.5
0 0 0 0 0 0 0 0 0 0 0 0 1 2 0 0 0 0 0 0 0 0 0 0 0 0 997 0 1000 0 0 -14.4
0 0 0 0 0 0 0 0 0 0 0 0 0 3 0 0 0 0 0 0 0 0 0 0 0 0 997 0 1000 0 0 -15.3
0 0 0 0 0 0 0 0 0 0 0 0 0 1 0 0 0 0 0 0 0 0 0 0 0 0 999 0 1000 0 0 -16.2
0 0 0 0 0 0 0 0 0 0 0 0 1 0 0 0 0 0 0 0 0 0 0 0 0 0 999 0 1000 0 0 -17.1
0 0 0 0 0 0 0 0 0 0 0 0 0 0 0 0 0 0 0 0 0 0 0 0 0 0 1000 0 1000 0 0 -18
0 0 0 0 0 0 0 0 0 0 0 0 1 1 0 0 0 0 0 0 0 0 0 0 0 0 998 0 1000 0 0 -18.9
0 0 0 0 0 0 0 0 0 0 0 0 0 1 0 0 0 0 0 0 0 0 0 0 0 0 999 0 1000 0 0 -19.8
0 0 0 0 0 0 0 0 0 0 0 0 0 0 0 0 0 0 0 0 0 0 0 0 0 0 1000 0 1000 0 0 -20.7
0 0 0 0 0 0 0 0 0 0 0 0 0 0 0 0 0 0 0 0 0 0 0 0 0 0 1000 0 1000 0 0 -21.6
0 0 0 0 0 0 0 0 0 0 0 0 0 0 0 0 0 0 0 0 0 0 0 0 0 0 1000 0 1000 0 0 -22.5
0 0 0 0 0 0 0 0 0 0 0 0 0 0 0 0 0 0 0 0 0 0 0 0 0 0 1000 0 1000 0 0 -23.4
0 0 0 0 0 0 0 0 0 0 0 0 0 0 0 0 0 0 0 0 0 0 0 0 0 0 1000 0 1000 0 0 -24.3
0 0 0 0 0 0 0 0 0 0 0 0 0 0 0 0 0 0 0 0 0 0 0 0 0 0 1000 0 1000 0 0 -25.2
0 0 0 0 0 0 0 0 0 0 0 0 0 0 0 0 0 0 0 0 0 0 0 0 0 0 1000 0 1000 0 0 -26.1
0 0 0 0 0 0 0 0 0 0 0 0 0 0 0 0 0 0 0 0 0 0 0 0 0 0 1000 0 1000 0 0 -27
0 0 0 0 0 0 0 0 0 0 0 0 0 0 0 0 0 0 0 0 0 0 0 0 0 0 1000 0 1000 0 0 -27.9
0 0 0 0 0 0 0 0 0 0 0 0 0 0 0 0 0 0 0 0 0 0 0 0 0 0 1000 0 1000 0 0 -28.8
0 0 0 0 0 0 0 0 0 0 0 0 0 0 0 0 0 0 0 0 0 0 0 0 0 0 1000 0 1000 0 0 -29.7
0 0 0 0 0 0 0 0 0 0 0 0 0 0 0 0 0 0 0 0 0 0 0 0 0 0 1000 0 1000 0 0 -30.6
0 0 0 0 0 0 0 0 0 0 0 0 0 0 0 0 0 0 0 0 0 0 0 0 0 0 1000 0 1000 0 0 -31.5
0 0 0 0 0 0 0 0 0 0 0 0 0 0 0 0 0 0 0 0 0 0 0 0 0 0 1000 0 1000 0 0 -32.4
0 0 0 0 0 0 0 0 0 0 0 0 0 0 0 0 0 0 0 0 0 0 0 0 0 0 1000 0 1000 0 0 -33.3
0 0 0 0 0 0 0 0 0 0 0 0 0 0 0 0 0 0 0 0 0 0 0 0 0 0 1000 0 1000 0 0 -34.2
