0 0 0 0 0 0 0 0 0 0 0 0 979 0 0 0 0 0 0 0 0 0 0 0 0 0 21 0 1000 0 0 9.9
0 0 0 0 0 0 0 0 0 0 0 0 960 0 0 0 0 0 0 0 0 0 0 0 0 0 40 0 1000 0 0 9
0 0 0 0 0 0 0 0 0 0 0 0 995 0 0 0 0 0 0 0 0 0 0 0 0 0 5 0 1000 0 0 8.1
0 0 0 0 0 0 0 1 0 0 0 0 997 0 0 0 0 0 0 0 0 0 0 0 0 0 2 0 1000 0 0 7.2
0 0 0 0 0 0 0 1 0 0 0 0 995 0 0 0 0 0 0 0 0 0 0 0 0 0 4 0 1000 0 0 6.3
0 0 0 0 0 0 0 5 0 0 0 0 994 0 0 0 0 0 0 0 0 0 0 0 0 0 1 0 1000 0 0 5.4
0 0 0 0 0 0 0 13 0 0 0 0 984 1 0 0 0 0 0 0 0 0 0 0 0 0 2 0 1000 0 0 4.5
0 0 0 0 0 0 0 48 2 0 0 0 941 7 0 0 0 0 0 0 0 0 0 0 0 0 2 0 1000 0 0 3.6
0 0 0 0 0 0 0 81 1 0 0 0 912 6 0 0 0 0 0 0 0 0 0 0 0 0 0 0 1000 0 0 2.7
0 0 0 0 0 0 0 86 3 0 0 0 906 4 0 0 0 0 0 0 0 0 0 0 0 0 1 0 1000 0 0 1.8
0 0 0 0 0 0 0 65 5 0 0 0 917 5 0 0 0 0 0 0 0 0 0 0 0 0 8 0 1000 0 0 0.9
0 0 0 0 0 0 0 83 7 0 0 0 731 15 0 0 0 0 0 0 0 0 0 0 0 0 164 0 1000 0 0 0
0 0 0 0 0 0 0 101 2 0 0 0 504 27 0 0 0 1 0 0 0 0 0 0 0 0 365 0 1000 0 0 -0.9
0 0 0 0 0 0 0 66 3 0 0 0 357 7 0 0 0 1 0 0 0 0 0 0 0 0 566 0 1000 0 0 -1.8
0 0 0 0 0 0 0 55 4 0 0 0 255 16 0 0 0 0 0 0 0 0 0 0 0 0 670 0 1000 0 0 -2.7
0 0 0 0 0 0 0 34 1 0 0 0 169 13 0 0 0 0 0 0 0 0 0 0 0 0 783 0 1000 0 0 -3.6
0 0 0 0 0 0 1 30 2 0 0 0 116 8 0 0 0 0 0 0 0 0 0 0 0 0 843 0 1000 0 0 -4.5
0 0 0 0 0 0 0 23 7 0 0 1 71 5 0 0 0 0 0 0 0 0 0 0 0 0 893 0 1000 0 0 -5.4
0 0 0 0 0 0 0 10 0 0 0 1 52 6 0 0 0 0 0 0 0 0 0 0 0 0 931 0 1000 0 0 -6.3
0 0 0 0 0 0 0 11 3 0 0 2 46 4 0 0 0 0 0 0 0 0 0 0 0 0 934 0 1000 0 0 -7.2
0 0 0 0 0 0 0 14 2 0 0 0 22 1 0 0 1 0 0 0 0 0 0 0 0 0 960 0 1000 0 0 -8.1
0 0 0 0 0 0 0 6 0 0 0 1 22 1 0 0 0 0 0 0 0 0 0 0 0 0 970 0 1000 0 0 -9
0 0 0 0 0 0 0 3 1 0 0 0 13 2 0 0 0 0 0 0 0 0 0 0 0 0 981 0 1000 0 0 -9.9
0 0 0 0 0 0 0 2 0 0 0 0 10 1 0 0 0 0 0 0 0 0 0 0 0 0 987 0 1000 0 0 -10.8
0 0 0 0 0 0 0 3 1 0 0 0 10 0 0 0 0 0 0 0 0 0 0 0 0 0 986 0 1000 0 0 -11.7
0 0 0 0 0 0 0 1 0 0 0 0 6 1 0 0 0 0 0 0 0 0 0 0 0 0 992 0 1000 0 0 -12.6
0 0 0 0 0 0 0 0 1 0 0 0 5 3 0 0 0 0 0 0 0 0 0 0 0 0 991 0 1000 0 0 -13.5
0 0 0 0 0 0 0 1 0 0 0 0 1 2 0 0 0 0 0 0 0 0 0 0 0 0 996 0 1000 0 0 -14.4
0 0 0 0 0 0 0 1 0 0 0 0 3 0 0 0 0 0 0 0 0 0 0 0 0 0 996 0 1000 0 0 -15.3
0 0 0 0 0 0 0 0 0 0 0 0 2 0 0 0 0 0 0 0 0 0 0 0 0 0 998 0 1000 0 0 -16.2
0 0 0 0 0 0 0 1 0 0 0 0 1 0 0 0 0 0 0 0 0 0 0 0 0 0 998 0 1000 0 0 -17.1
0 0 0 0 0 0 0 1 0 0 0 0 1 0 0 0 0 0 0 0 0 0 0 0 0 0 998 0 1000 0 0 -18
0 0 0 0 0 0 0 0 0 0 0 0 0 0 0 0 0 0 0 0 0 0 0 0 0 0 1000 0 1000 0 0 -18.9
0 0 0 0 0 0 0 0 0 0 0 0 0 0 0 0 0 0 0 0 0 0 0 0 0 0 1000 0 1000 0 0 -19.8
0 0 0 0 0 0 0 0 0 0 0 0 0 0 0 0 0 0 0 0 0 0 0 0 0 0 1000 0 1000 0 0 -20.7
0 0 0 0 0 0 0 0 0 0 0 0 0 0 0 0 0 0 0 0 0 0 0 0 0 0 1000 0 1000 0 0 -21.6
0 0 0 0 0 0 0 0 0 0 0 0 0 0 0 0 0 0 0 0 0 0 0 0 0 0 1000 0 1000 0 0 -22.5
0 0 0 0 0 0 0 0 0 0 0 1 0 0 0 0 0 0 0 0 0 0 0 0 0 0 999 0 1000 0 0 -23.4
0 0 0 0 0 0 0 0 0 0 0 0 0 0 0 0 0 0 0 0 0 0 0 0 0 0 1000 0 1000 0 0 -24.3
0 0 0 0 0 0 0 0 0 0 0 0 0 0 0 0 0 0 0 0 0 0 0 0 0 0 1000 0 1000 0 0 -25.2
0 0 0 0 0 0 0 0 0 0 0 0 0 0 0 0 0 0 0 0 0 0 0 0 0 0 1000 0 1000 0 0 -26.1
0 0 0 0 0 0 0 0 0 0 0 0 0 0 0 0 0 0 0 0 0 0 0 0 0 0 1000 0 1000 0 0 -27
0 0 0 0 0 0 0 0 0 0 0 0 0 0 0 0 0 0 0 0 0 0 0 0 0 0 1000 0 1000 0 0 -27.9
0 0 0 0 0 0 0 0 0 0 0 0 0 0 0 0 0 0 0 0 0 0 0 0 0 0 1000 0 1000 0 0 -28.8
0 0 0 0 0 0 0 0 0 0 0 0 0 0 0 0 0 0 0 0 0 0 0 0 0 0 1000 0 1000 0 0 -29.7
0 0 0 0 0 0 0 0 0 0 0 0 0 0 0 0 0 0 0 0 0 0 0 0 0 0 1000 0 1000 0 0 -30.6
0 0 0 0 0 0 0 0 0 0 0 0 0 0 0 0 0 0 0 0 0 0 0 0 0 0 1000 0 1000 0 0 -31.5
0 0 0 0 0 0 0 0 0 0 0 0 0 0 0 0 0 0 0 0 0 0 0 0 0 0 1000 0 1000 0 0 -32.4
0 0 0 0 0 0 0 0 0 0 0 0 0 0 0 0 0 0 0 0 0 0 0 0 0 0 1000 0 1000 0 0 -33.3
0 0 0 0 0 0 0 0 0 0 0 0 0 0 0 0 0 0 0 0 0 0 0 0 0 0 1000 0 1000 0 0 -34.2
