0 0 0 0 0 0 0 13 4 0 0 0 32 6 0 0 0 0 0 0 0 0 0 0 0 0 945 0 1000 0 0 9.9
0 0 0 0 0 0 0 186 70 0 0 0 485 125 0 0 0 0 0 0 0 0 0 0 0 0 134 0 1000 0 0 9
0 0 0 0 0 0 0 214 86 0 0 0 562 128 0 0 0 0 0 0 0 0 0 0 0 0 10 0 1000 0 0 8.1
0 0 0 0 0 0 0 243 103 0 0 0 510 135 0 0 0 0 0 0 0 0 0 0 0 0 9 0 1000 0 0 7.2
0 0 0 0 0 0 0 245 97 0 0 0 480 164 0 0 0 0 0 0 0 0 0 0 0 0 14 0 1000 0 0 6.3
0 0 0 0 0 0 0 256 134 0 0 0 424 177 0 0 0 0 0 0 0 0 0 0 0 0 9 0 1000 0 0 5.4
0 0 0 0 0 0 0 261 149 0 0 0 391 191 0 0 0 0 0 0 0 0 0 0 0 0 8 0 1000 0 0 4.5
0 0 0 0 0 0 0 282 182 0 0 0 333 200 0 0 0 0 0 0 0 0 0 0 0 0 3 0 1000 0 0 3.6
0 0 0 0 0 0 0 273 152 0 0 0 362 211 0 0 0 0 0 0 0 0 0 0 0 0 2 0 1000 0 0 2.7
0 0 0 0 0 0 0 279 177 0 0 0 333 200 0 0 0 0 0 0 0 0 0 0 0 0 11 0 1000 0 0 1.8
0 0 0 0 0 0 0 292 158 0 0 0 344 192 0 0 0 0 0 0 0 0 0 0 0 0 14 0 1000 0 0 0.9
0 0 0 0 0 0 0 221 155 0 0 0 292 188 0 0 0 0 0 0 0 0 0 0 0 0 144 0 1000 0 0 0
0 0 0 0 0 0 0 168 133 0 0 0 207 132 0 0 0 0 0 0 0 0 0 0 0 0 360 0 1000 0 0 -0.9
0 0 0 0 0 0 0 131 85 0 0 0 140 75 0 0 0 0 0 0 0 0 0 0 0 0 569 0 1000 0 0 -1.8
0 0 0 0 0 0 0 70 72 0 0 0 109 67 0 0 0 0 0 0 0 0 0 0 0 0 682 0 1000 0 0 -2.7
0 0 0 0 0 0 0 42 36 0 0 0 74 53 0 0 0 0 0 0 0 0 0 0 0 0 795 0 1000 0 0 -3.6
0 0 0 0 0 0 0 41 23 0 0 0 49 36 0 0 0 0 0 0 0 0 0 0 0 0 851 0 1000 0 0 -4.5
0 0 0 0 0 0 0 21 20 0 0 0 36 31 0 0 0 0 0 0 0 0 0 0 0 0 892 0 1000 0 0 -5.4
0 0 0 0 0 0 0 22 9 0 0 0 26 19 0 0 0 0 0 0 0 0 0 0 0 0 924 0 1000 0 0 -6.3
0 0 0 0 0 0 0 9 11 0 0 0 11 10 0 0 0 0 0 0 0 0 0 0 0 0 959 0 1000 0 0 -7.2
0 0 1 0 0 0 0 13 8 0 0 0 7 10 0 0 0 0 0 0 0 0 0 0 0 0 961 0 1000 0 0 -8.1
0 0 0 0 0 0 0 3 3 0 0 0 13 9 0 0 0 0 0 0 0 0 0 0 0 0 972 0 1000 0 0 -9
0 0 0 0 0 0 0 5 4 0 0 0 8 4 0 0 0 0 0 0 0 0 0 0 0 0 979 0 1000 0 0 -9.9
0 0 0 0 0 0 0 2 5 0 0 0 4 6 0 0 0 0 0 0 0 0 0 0 0 0 983 0 1000 0 0 -10.8
0 0 0 0 0 0 0 4 3 0 0 0 2 1 0 0 0 0 0 0 0 0 0 0 0 0 990 0 1000 0 0 -11.7
0 0 0 0 0 0 0 0 1 0 0 0 1 2 0 0 0 0 0 0 0 0 0 0 0 0 996 0 1000 0 0 -12.6
0 0 0 0 0 0 0 0 2 0 0 0 2 0 0 0 0 0 0 0 0 0 0 0 0 0 996 0 1000 0 0 -13.5
0 0 0 0 0 0 0 1 0 0 0 0 0 0 0 0 0 0 0 0 0 0 0 0 0 0 999 0 1000 0 0 -14.4
0 0 0 0 0 0 0 2 0 0 0 0 1 2 0 0 0 0 0 0 0 0 0 0 0 0 995 0 1000 0 0 -15.3
0 0 0 0 0 0 0 0 0 0 0 0 0 0 0 0 0 0 0 0 0 0 0 0 0 0 1000 0 1000 0 0 -16.2
0 0 0 0 0 0 0 0 0 0 0 0 1 0 0 0 0 0 0 0 0 0 0 0 0 0 999 0 1000 0 0 -17.1
0 0 0 0 0 0 0 0 0 0 0 0 0 0 0 0 0 0 0 0 0 0 0 0 0 0 1000 0 1000 0 0 -18
0 0 0 0 0 0 0 0 0 0 0 0 0 0 0 0 0 0 0 0 0 0 0 0 0 0 1000 0 1000 0 0 -18.9
0 0 0 0 0 0 0 0 0 0 0 0 0 0 0 0 0 0 0 0 0 0 0 0 0 0 1000 0 1000 0 0 -19.8
0 0 0 0 0 0 0 0 0 0 0 0 0 0 0 0 0 0 0 0 0 0 0 0 0 0 1000 0 1000 0 0 -20.7
0 0 0 0 0 0 0 0 0 0 0 0 0 0 0 0 0 0 0 0 0 0 0 0 0 0 1000 0 1000 0 0 -21.6
0 0 0 0 0 0 0 0 0 0 0 0 0 0 0 0 0 0 0 0 0 0 0 0 0 0 1000 0 1000 0 0 -22.5
0 0 0 0 0 0 0 0 0 0 0 0 0 0 0 0 0 0 0 0 0 0 0 0 0 0 1000 0 1000 0 0 -23.4
0 0 0 0 0 0 0 0 0 0 0 0 0 0 0 0 0 0 0 0 0 0 0 0 0 0 1000 0 1000 0 0 -24.3
0 0 0 0 0 0 0 0 0 0 0 0 0 0 0 0 0 0 0 0 0 0 0 0 0 0 1000 0 1000 0 0 -25.2
0 0 0 0 0 0 0 0 0 0 0 0 0 0 0 0 0 0 0 0 0 0 0 0 0 0 1000 0 1000 0 0 -26.1
0 0 0 0 0 0 0 0 0 0 0 0 0 0 0 0 0 0 0 0 0 0 0 0 0 0 1000 0 1000 0 0 -27
0 0 0 0 0 0 0 0 0 0 0 0 0 0 0 0 0 0 0 0 0 0 0 0 0 0 1000 0 1000 0 0 -27.9
0 0 0 0 0 0 0 0 0 0 0 0 0 0 0 0 0 0 0 0 0 0 0 0 0 0 1000 0 1000 0 0 -28.8
0 0 0 0 0 0 0 0 0 0 0 0 0 0 0 0 0 0 0 0 0 0 0 0 0 0 1000 0 1000 0 0 -29.7
0 0 0 0 0 0 0 0 0 0 0 0 0 0 0 0 0 0 0 0 0 0 0 0 0 0 1000 0 1000 0 0 -30.6
0 0 0 0 0 0 0 0 0 0 0 0 0 0 0 0 0 0 0 0 0 0 0 0 0 0 1000 0 1000 0 0 -31.5
0 0 0 0 0 0 0 0 0 0 0 0 0 0 0 0 0 0 0 0 0 0 0 0 0 0 1000 0 1000 0 0 -32.4
0 0 0 0 0 0 0 0 0 0 0 0 0 0 0 0 0 0 0 0 0 0 0 0 0 0 1000 0 1000 0 0 -33.3
0 0 0 0 0 0 0 0 0 0 0 0 0 0 0 0 0 0 0 0 0 0 0 0 0 0 1000 0 1000 0 0 -34.2
