0 0 0 0 0 0 0 0 0 0 0 0 977 0 0 0 0 0 0 0 0 0 0 0 0 0 23 0 1000 0 0 9.9
0 0 0 0 0 0 0 0 0 0 0 0 965 0 0 0 0 0 0 0 0 0 0 0 0 0 35 0 1000 0 0 9
0 0 0 0 0 0 0 0 0 0 0 0 999 0 0 0 0 0 0 0 0 0 0 0 0 0 1 0 1000 0 0 8.1
0 0 0 0 0 0 0 0 0 0 0 0 997 0 0 0 0 0 0 0 0 0 0 0 0 0 3 0 1000 0 0 7.2
0 0 0 0 0 0 0 0 0 0 0 0 999 0 0 0 0 0 0 0 0 0 0 0 0 0 1 0 1000 0 0 6.3
0 0 0 0 0 0 0 3 1 0 0 0 996 0 0 0 0 0 0 0 0 0 0 0 0 0 0 0 1000 0 0 5.4
0 0 0 0 0 0 0 19 0 0 0 0 976 2 0 0 0 0 0 0 0 0 0 0 0 0 3 0 1000 0 0 4.5
0 0 0 0 0 0 1 52 1 0 0 0 944 2 0 0 0 0 0 0 0 0 0 0 0 0 0 0 1000 0 0 3.6
0 0 0 0 0 0 0 80 5 0 0 0 908 5 0 0 0 0 0 0 0 0 0 0 0 0 2 0 1000 0 0 2.7
0 0 0 0 0 0 0 86 2 0 0 0 907 4 0 0 0 0 0 0 0 0 0 0 0 0 1 0 1000 0 0 1.8
0 0 0 0 0 0 0 79 3 0 0 0 905 6 0 0 0 0 0 0 0 0 0 0 0 0 7 0 1000 0 0 0.9
0 0 0 0 0 0 0 88 5 0 0 0 734 10 0 0 0 0 0 0 0 0 0 0 0 0 163 0 1000 0 0 0
0 0 0 0 0 0 0 70 5 0 0 1 526 6 0 0 0 0 0 0 0 0 0 0 0 0 392 0 1000 0 0 -0.9
0 0 0 0 0 0 2 47 3 0 0 1 363 13 0 0 0 0 0 0 0 0 0 0 0 0 571 0 1000 0 0 -1.8
0 0 0 0 0 0 1 56 2 0 0 2 235 3 0 0 0 0 0 0 0 0 0 0 0 0 701 0 1000 0 0 -2.7
0 0 1 0 0 0 1 42 1 0 0 1 174 9 0 0 0 0 0 0 0 0 0 0 0 0 771 0 1000 0 0 -3.6
0 0 0 0 0 0 0 31 2 0 0 1 123 5 0 0 0 0 0 0 0 0 0 0 0 0 838 0 1000 0 0 -4.5
0 0 0 0 0 0 0 13 6 0 0 0 82 5 0 0 0 0 0 0 0 0 0 0 0 0 894 0 1000 0 0 -5.4
0 0 0 0 0 0 1 13 1 0 0 0 55 3 0 0 0 0 0 0 0 0 0 0 0 0 927 0 1000 0 0 -6.3
0 0 0 0 0 0 0 11 0 0 0 2 40 6 0 0 0 0 0 0 0 0 0 0 0 0 941 0 1000 0 0 -7.2
0 0 0 0 0 0 0 6 1 0 0 1 36 5 0 0 0 0 0 0 0 0 0 0 0 0 951 0 1000 0 0 -8.1
0 0 0 0 0 0 0 6 0 0 0 0 24 2 0 0 0 0 0 0 0 0 0 0 0 0 968 0 1000 0 0 -9
0 0 0 0 0 0 0 2 1 0 0 0 12 2 0 0 0 0 0 0 0 0 0 0 0 0 983 0 1000 0 0 -9.9
0 0 0 0 0 0 0 3 1 0 0 0 4 0 0 0 0 0 0 0 0 0 0 0 0 0 992 0 1000 0 0 -10.8
0 0 0 0 0 0 0 1 0 0 0 0 2 2 0 0 0 0 0 0 0 0 0 0 0 0 995 0 1000 0 0 -11.7
0 0 0 0 0 0 0 1 1 0 0 0 6 0 0 0 0 0 0 0 0 0 0 0 0 0 992 0 1000 0 0 -12.6
0 0 0 0 0 0 0 1 0 0 0 0 1 0 0 0 0 0 0 0 0 0 0 0 0 0 998 0 1000 0 0 -13.5
0 0 0 0 0 0 0 0 0 0 0 0 3 0 0 0 0 0 0 0 0 0 0 0 0 0 997 0 1000 0 0 -14.4
0 0 0 0 0 0 0 1 1 0 0 0 2 0 0 0 0 0 0 0 0 0 0 0 0 0 996 0 1000 0 0 -15.3
0 0 0 0 0 0 0 0 0 0 0 0 1 0 0 0 0 0 0 0 0 0 0 0 0 0 999 0 1000 0 0 -16.2
0 0 0 0 0 0 0 0 0 0 0 0 1 0 0 0 0 0 0 0 0 0 0 0 0 0 999 0 1000 0 0 -17.1
0 0 0 0 0 0 0 1 0 0 0 0 1 0 0 0 0 0 0 0 0 0 0 0 0 0 998 0 1000 0 0 -18
0 0 0 0 0 0 0 0 0 0 0 0 0 0 0 0 0 0 0 0 0 0 0 0 0 0 1000 0 1000 0 0 -18.9
0 0 0 0 0 0 0 0 0 0 0 0 0 0 0 0 0 0 0 0 0 0 0 0 0 0 1000 0 1000 0 0 -19.8
0 0 0 0 0 0 0 0 0 0 0 0 0 0 0 0 0 0 0 0 0 0 0 0 0 0 1000 0 1000 0 0 -20.7
0 0 0 0 0 0 0 0 0 0 0 0 0 0 0 0 0 0 0 0 0 0 0 0 0 0 1000 0 1000 0 0 -21.6
0 0 0 0 0 0 0 0 0 0 0 0 1 0 0 0 0 0 0 0 0 0 0 0 0 0 999 0 1000 0 0 -22.5
0 0 0 0 0 0 0 0 0 0 0 0 0 0 0 0 0 0 0 0 0 0 0 0 0 0 1000 0 1000 0 0 -23.4
0 0 0 0 0 0 0 0 0 0 0 0 0 0 0 0 0 0 0 0 0 0 0 0 0 0 1000 0 1000 0 0 -24.3
0 0 0 0 0 0 0 0 0 0 0 0 0 0 0 0 0 0 0 0 0 0 0 0 0 0 1000 0 1000 0 0 -25.2
0 0 0 0 0 0 0 0 0 0 0 0 0 0 0 0 0 0 0 0 0 0 0 0 0 0 1000 0 1000 0 0 -26.1
0 0 0 0 0 0 0 0 0 0 0 0 0 0 0 0 0 0 0 0 0 0 0 0 0 0 1000 0 1000 0 0 -27
0 0 0 0 0 0 0 0 0 0 0 0 0 0 0 0 0 0 0 0 0 0 0 0 0 0 1000 0 1000 0 0 -27.9
0 0 0 0 0 0 0 0 0 0 0 0 0 0 0 0 0 0 0 0 0 0 0 0 0 0 1000 0 1000 0 0 -28.8
0 0 0 0 0 0 0 0 0 0 0 0 0 0 0 0 0 0 0 0 0 0 0 0 0 0 1000 0 1000 0 0 -29.7
0 0 0 0 0 0 0 0 0 0 0 0 0 0 0 0 0 0 0 0 0 0 0 0 0 0 1000 0 1000 0 0 -30.6
0 0 0 0 0 0 0 0 0 0 0 0 0 0 0 0 0 0 0 0 0 0 0 0 0 0 1000 0 1000 0 0 -31.5
0 0 0 0 0 0 0 0 0 0 0 0 0 0 0 0 0 0 0 0 0 0 0 0 0 0 1000 0 1000 0 0 -32.4
0 0 0 0 0 0 0 0 0 0 0 0 0 0 0 0 0 0 0 0 0 0 0 0 0 0 1000 0 1000 0 0 -33.3
0 0 0 0 0 0 0 0 0 0 0 0 0 0 0 0 0 0 0 0 0 0 0 0 0 0 1000 0 1000 0 0 -34.2
