0 0 0 0 0 0 0 11 0 0 0 0 67 0 0 0 0 0 0 0 0 0 0 0 0 0 922 0 1000 0 0 9.9
0 0 0 0 0 0 0 68 1 0 0 0 753 2 0 0 0 0 0 0 0 0 0 0 0 0 176 0 1000 0 0 9
0 0 0 0 0 0 0 10 1 0 0 0 983 2 0 0 0 0 0 0 0 0 0 0 0 0 4 0 1000 0 0 8.1
0 0 0 0 0 0 0 40 6 0 0 0 945 2 0 0 0 0 0 0 0 0 0 0 0 0 7 0 1000 0 0 7.2
0 0 0 0 0 0 0 136 7 0 0 0 837 14 0 0 0 0 0 0 0 0 0 0 0 0 6 0 1000 0 0 6.3
0 0 0 0 0 0 0 238 10 0 0 0 714 32 0 0 0 0 0 0 0 0 0 0 0 0 6 0 1000 0 0 5.4
0 0 0 0 0 0 1 266 31 0 0 0 656 42 0 0 0 0 0 0 0 0 0 0 0 0 4 0 1000 0 0 4.5
0 0 0 0 0 0 0 300 28 0 0 0 621 46 0 0 0 0 0 0 0 0 0 0 0 0 5 0 1000 0 0 3.6
0 0 0 0 0 0 0 306 41 0 0 0 579 68 0 0 0 0 0 0 0 0 0 0 0 0 6 0 1000 0 0 2.7
0 0 0 0 0 0 0 298 54 0 0 0 581 60 0 0 0 0 0 0 0 0 0 0 0 0 7 0 1000 0 0 1.8
0 0 0 0 0 0 0 314 42 0 0 0 566 64 0 0 0 0 0 0 0 0 0 0 0 0 14 0 1000 0 0 0.9
0 1 0 0 0 0 0 287 47 0 0 0 429 74 0 0 0 0 0 0 0 0 0 0 0 0 162 0 1000 0 0 0
0 0 0 0 0 0 0 197 45 0 0 0 332 48 0 0 0 0 0 0 0 0 0 0 0 0 378 0 1000 0 0 -0.9
0 0 0 0 0 0 0 150 37 0 0 0 221 36 0 0 0 0 0 0 0 0 0 0 0 0 556 0 1000 0 0 -1.8
0 0 0 0 0 0 0 105 21 0 0 1 129 36 0 0 0 0 0 0 0 0 0 0 0 0 708 0 1000 0 0 -2.7
0 0 0 0 0 0 0 80 11 0 0 0 113 23 0 0 0 0 1 0 0 0 0 0 0 0 772 0 1000 0 0 -3.6
0 0 0 0 0 0 0 43 21 0 0 0 91 12 0 0 0 0 0 0 0 0 0 0 0 0 833 0 1000 0 0 -4.5
0 0 0 0 0 0 0 41 10 0 0 0 48 6 0 0 0 0 0 0 0 0 0 0 0 0 895 0 1000 0 0 -5.4
0 0 0 0 0 0 0 26 3 0 0 0 40 11 0 0 0 0 0 0 0 0 0 0 0 0 920 0 1000 0 0 -6.3
0 0 0 0 0 0 1 25 5 0 0 0 21 9 0 0 0 0 0 0 0 0 0 0 0 0 939 0 1000 0 0 -7.2
0 0 0 0 0 0 0 14 7 0 0 0 24 3 0 0 0 0 0 0 0 0 0 0 0 0 952 0 1000 0 0 -8.1
0 0 0 0 0 0 0 7 2 0 0 0 17 7 0 0 0 0 0 0 0 0 0 0 0 0 967 0 1000 0 0 -9
0 0 0 0 0 0 0 3 1 0 0 0 7 1 0 0 0 0 0 0 0 0 0 0 0 0 988 0 1000 0 0 -9.9
0 0 0 0 0 0 0 7 0 0 0 0 3 1 0 0 0 0 0 0 0 0 0 0 0 0 989 0 1000 0 0 -10.8
0 0 0 0 0 0 0 5 1 0 0 0 5 0 0 0 0 0 0 0 0 0 0 0 0 0 989 0 1000 0 0 -11.7
0 0 0 0 0 0 0 3 0 0 0 0 2 3 0 0 0 0 0 0 0 0 0 0 0 0 992 0 1000 0 0 -12.6
0 0 0 0 0 0 0 2 0 0 0 0 0 0 0 0 0 0 0 0 0 0 0 0 0 0 998 0 1000 0 0 -13.5
0 0 0 0 0 0 0 2 0 0 0 0 2 0 0 0 0 0 0 0 0 0 0 0 0 0 996 0 1000 0 0 -14.4
0 0 0 0 0 0 0 1 3 0 0 0 3 0 0 0 0 0 0 0 0 0 0 0 0 0 993 0 1000 0 0 -15.3
0 0 0 0 0 0 0 0 0 0 0 0 2 0 0 0 0 0 0 0 0 0 0 0 0 0 998 0 1000 0 0 -16.2
0 0 0 0 0 0 0 0 0 0 0 0 1 0 0 0 0 0 0 0 0 0 0 0 0 0 999 0 1000 0 0 -17.1
0 0 0 0 0 0 0 0 0 0 0 0 0 0 0 0 0 0 0 0 0 0 0 0 0 0 1000 0 1000 0 0 -18
0 0 0 0 0 0 0 0 0 0 0 0 0 0 0 0 0 0 0 0 0 0 0 0 0 0 1000 0 1000 0 0 -18.9
0 0 0 0 0 0 0 0 0 0 0 0 0 1 0 0 0 0 0 0 0 0 0 0 0 0 999 0 1000 0 0 -19.8
0 0 0 0 0 0 0 0 0 0 0 0 0 0 0 0 0 0 0 0 0 0 0 0 0 0 1000 0 1000 0 0 -20.7
0 0 0 0 0 0 0 0 0 0 0 0 0 0 0 0 0 0 0 0 0 0 0 0 0 0 1000 0 1000 0 0 -21.6
0 0 0 0 0 0 0 0 0 0 0 0 0 0 0 0 0 0 0 0 0 0 0 0 0 0 1000 0 1000 0 0 -22.5
0 0 0 0 0 0 0 0 0 0 0 0 0 0 0 0 0 0 0 0 0 0 0 0 0 0 1000 0 1000 0 0 -23.4
0 0 0 0 0 0 0 0 0 0 0 0 0 0 0 0 0 0 0 0 0 0 0 0 0 0 1000 0 1000 0 0 -24.3
0 0 0 0 0 0 0 1 0 0 0 0 0 0 0 0 0 0 0 0 0 0 0 0 0 0 999 0 1000 0 0 -25.2
0 0 0 0 0 0 0 0 0 0 0 0 0 0 0 0 0 0 0 0 0 0 0 0 0 0 1000 0 1000 0 0 -26.1
0 0 0 0 0 0 0 0 0 0 0 0 0 0 0 0 0 0 0 0 0 0 0 0 0 0 1000 0 1000 0 0 -27
0 0 0 0 0 0 0 0 0 0 0 0 0 0 0 0 0 0 0 0 0 0 0 0 0 0 1000 0 1000 0 0 -27.9
0 0 0 0 0 0 0 0 0 0 0 0 0 0 0 0 0 0 0 0 0 0 0 0 0 0 1000 0 1000 0 0 -28.8
0 0 0 0 0 0 0 0 0 0 0 0 0 0 0 0 0 0 0 0 0 0 0 0 0 0 1000 0 1000 0 0 -29.7
0 0 0 0 0 0 0 0 0 0 0 0 0 0 0 0 0 0 0 0 0 0 0 0 0 0 1000 0 1000 0 0 -30.6
0 0 0 0 0 0 0 0 0 0 0 0 0 0 0 0 0 0 0 0 0 0 0 0 0 0 1000 0 1000 0 0 -31.5
0 0 0 0 0 0 0 0 0 0 0 0 0 0 0 0 0 0 0 0 0 0 0 0 0 0 1000 0 1000 0 0 -32.4
0 0 0 0 0 0 0 0 0 0 0 0 0 0 0 0 0 0 0 0 0 0 0 0 0 0 1000 0 1000 0 0 -33.3
0 0 0 0 0 0 0 0 0 0 0 0 0 0 0 0 0 0 0 0 0 0 0 0 0 0 1000 0 1000 0 0 -34.2
