0 0 0 0 0 0 0 0 0 0 0 0 1000 0 0 0 0 0 0 0 0 0 0 0 0 0 0 0 1000 0 0 9.9
0 0 0 0 0 0 0 0 0 0 0 0 1000 0 0 0 0 0 0 0 0 0 0 0 0 0 0 0 1000 0 0 9
0 0 0 0 0 0 0 0 0 0 0 0 1000 0 0 0 0 0 0 0 0 0 0 0 0 0 0 0 1000 0 0 8.1
0 0 0 0 0 0 0 0 0 0 0 0 1000 0 0 0 0 0 0 0 0 0 0 0 0 0 0 0 1000 0 0 7.2
0 0 0 0 0 0 0 0 0 0 0 0 1000 0 0 0 0 0 0 0 0 0 0 0 0 0 0 0 1000 0 0 6.3
0 0 0 0 0 0 0 0 0 0 0 0 1000 0 0 0 0 0 0 0 0 0 0 0 0 0 0 0 1000 0 0 5.4
0 0 0 0 0 0 0 0 0 0 0 0 1000 0 0 0 0 0 0 0 0 0 0 0 0 0 0 0 1000 0 0 4.5
0 0 0 0 0 0 0 1 0 0 0 0 999 0 0 0 0 0 0 0 0 0 0 0 0 0 0 0 1000 0 0 3.6
0 0 0 0 0 0 0 6 0 0 0 0 994 0 0 0 0 0 0 0 0 0 0 0 0 0 0 0 1000 0 0 2.7
0 0 0 0 0 0 0 3 1 0 0 1 993 2 0 0 0 0 0 0 0 0 0 0 0 0 0 0 1000 0 0 1.8
0 0 0 0 0 0 0 5 0 0 0 0 988 0 0 0 0 0 0 0 0 0 0 0 0 0 7 0 1000 0 0 0.9
0 0 0 0 0 0 0 14 0 0 0 0 825 3 0 0 0 0 0 0 0 0 0 0 0 0 158 0 1000 0 0 0
0 0 0 0 0 0 1 10 0 0 0 1 605 2 0 0 0 0 0 0 0 0 0 0 0 0 381 0 1000 0 0 -0.9
0 0 0 0 0 0 0 7 1 0 0 0 429 5 0 0 0 0 0 0 0 0 0 0 0 0 558 0 1000 0 0 -1.8
0 0 0 0 0 0 0 16 0 0 0 2 302 3 0 0 0 1 0 0 0 0 0 0 0 0 676 0 1000 0 0 -2.7
0 0 0 0 0 0 1 16 2 0 0 1 158 7 0 0 0 0 0 0 0 0 0 0 0 0 815 0 1000 0 0 -3.6
0 0 0 0 0 0 2 11 0 0 0 1 158 1 0 0 0 0 0 0 0 0 0 0 0 0 827 0 1000 0 0 -4.5
0 0 0 0 0 0 0 7 1 0 0 4 101 2 0 0 0 2 0 0 0 0 0 0 0 0 883 0 1000 0 0 -5.4
0 0 0 0 0 0 0 3 0 0 0 1 55 2 0 0 0 0 0 0 0 0 0 0 0 0 939 0 1000 0 0 -6.3
0 0 0 0 0 0 0 6 0 0 0 1 52 4 0 0 0 0 0 0 0 0 0 0 0 0 937 0 1000 0 0 -7.2
0 0 0 0 0 0 0 6 0 0 0 0 36 2 0 0 0 0 0 0 0 0 0 0 0 0 956 0 1000 0 0 -8.1
0 0 0 0 0 0 1 5 1 0 0 0 29 2 0 0 0 0 0 0 0 0 0 0 0 0 962 0 1000 0 0 -9
0 0 0 0 0 0 0 4 0 0 0 0 22 1 0 0 0 0 0 0 0 0 0 0 0 0 973 0 1000 0 0 -9.9
0 0 0 0 0 0 0 1 0 0 0 0 12 1 0 0 0 0 0 0 0 0 0 0 0 0 986 0 1000 0 0 -10.8
0 0 0 0 0 0 0 0 0 0 0 0 9 1 0 0 1 0 0 0 0 0 0 0 0 0 989 0 1000 0 0 -11.7
0 0 0 0 0 0 0 1 0 0 0 0 11 0 0 0 0 0 0 0 0 0 0 0 0 0 988 0 1000 0 0 -12.6
0 0 0 0 0 0 0 0 0 0 0 0 4 0 0 0 0 0 0 0 0 0 0 0 0 0 996 0 1000 0 0 -13.5
0 0 0 0 0 0 0 0 0 0 0 0 2 0 0 0 0 1 0 0 0 0 0 0 0 0 997 0 1000 0 0 -14.4
0 0 0 0 0 0 0 0 0 0 0 0 3 0 0 0 0 0 0 0 0 0 0 0 0 0 997 0 1000 0 0 -15.3
0 0 0 0 0 0 0 0 0 0 0 0 2 0 0 0 0 0 0 0 0 0 0 0 0 0 998 0 1000 0 0 -16.2
0 0 0 0 0 0 0 0 0 0 0 0 1 0 0 0 0 0 0 0 0 0 0 0 0 0 999 0 1000 0 0 -17.1
0 0 0 0 0 0 0 0 0 0 0 0 1 0 0 0 0 0 0 0 0 0 0 0 0 0 999 0 1000 0 0 -18
0 0 0 0 0 0 0 0 0 0 0 0 0 0 0 0 0 0 0 0 0 0 0 0 0 0 1000 0 1000 0 0 -18.9
0 0 0 0 0 0 0 0 0 0 0 0 0 0 0 0 0 0 0 0 0 0 0 0 0 0 1000 0 1000 0 0 -19.8
0 0 0 0 0 0 0 0 0 0 0 0 0 0 0 0 0 0 0 0 0 0 0 0 0 0 1000 0 1000 0 0 -20.7
0 0 0 0 0 0 0 0 0 0 0 0 0 0 0 0 0 0 0 0 0 0 0 0 0 0 1000 0 1000 0 0 -21.6
0 0 0 0 0 0 0 0 0 0 0 0 0 0 0 0 0 0 0 0 0 0 0 0 0 0 1000 0 1000 0 0 -22.5
0 0 0 0 0 0 0 0 0 0 0 0 0 0 0 0 0 0 0 0 0 0 0 0 0 0 1000 0 1000 0 0 -23.4
0 0 0 0 0 0 0 0 0 0 0 0 0 0 0 0 0 0 0 0 0 0 0 0 0 0 1000 0 1000 0 0 -24.3
0 0 0 0 0 0 0 0 0 0 0 0 0 0 0 0 0 0 0 0 0 0 0 0 0 0 1000 0 1000 0 0 -25.2
0 0 0 0 0 0 0 0 0 0 0 0 0 0 0 0 0 0 0 0 0 0 0 0 0 0 1000 0 1000 0 0 -26.1
0 0 0 0 0 0 0 0 0 0 0 0 0 0 0 0 0 0 0 0 0 0 0 0 0 0 1000 0 1000 0 0 -27
0 0 0 0 0 0 0 0 0 0 0 0 0 0 0 0 0 0 0 0 0 0 0 0 0 0 1000 0 1000 0 0 -27.9
0 0 0 0 0 0 0 0 0 0 0 0 0 0 0 0 0 0 0 0 0 0 0 0 0 0 1000 0 1000 0 0 -28.8
0 0 0 0 0 0 0 0 0 0 0 0 0 0 0 0 0 0 0 0 0 0 0 0 0 0 1000 0 1000 0 0 -29.7
0 0 0 0 0 0 0 0 0 0 0 0 0 0 0 0 0 0 0 0 0 0 0 0 0 0 1000 0 1000 0 0 -30.6
0 0 0 0 0 0 0 0 0 0 0 0 0 0 0 0 0 0 0 0 0 0 0 0 0 0 1000 0 1000 0 0 -31.5
0 0 0 0 0 0 0 0 0 0 0 0 0 0 0 0 0 0 0 0 0 0 0 0 0 0 1000 0 1000 0 0 -32.4
0 0 0 0 0 0 0 0 0 0 0 0 0 0 0 0 0 0 0 0 0 0 0 0 0 0 1000 0 1000 0 0 -33.3
0 0 0 0 0 0 0 0 0 0 0 0 0 0 0 0 0 0 0 0 0 0 0 0 0 0 1000 0 1000 0 0 -34.2
