0 0 0 0 0 0 0 0 0 0 0 0 63 9 0 0 0 0 0 0 0 0 0 0 0 0 928 0 1000 0 0 9.9
0 0 0 0 0 0 0 0 1 0 0 0 765 75 0 0 0 0 0 0 0 0 0 0 0 0 159 0 1000 0 0 9
0 0 0 0 0 0 0 0 0 0 0 0 983 14 0 0 0 0 0 0 0 0 0 0 0 0 3 0 1000 0 0 8.1
0 0 0 0 0 0 0 0 0 0 0 0 948 47 0 0 0 0 0 0 0 0 0 0 0 0 5 0 1000 0 0 7.2
0 0 0 0 0 0 0 1 3 0 0 0 870 119 0 0 0 0 0 0 0 0 0 0 0 0 7 0 1000 0 0 6.3
0 0 0 0 0 0 0 3 2 0 0 0 787 206 0 0 0 0 0 0 0 0 0 0 0 0 2 0 1000 0 0 5.4
0 0 0 0 0 0 0 4 4 0 0 0 703 284 0 0 0 0 0 0 0 0 0 0 0 0 5 0 1000 0 0 4.5
0 0 0 0 0 0 0 10 4 0 0 0 694 287 0 0 0 0 0 0 0 0 0 0 0 0 5 0 1000 0 0 3.6
0 0 0 0 0 0 0 12 4 0 0 0 662 316 0 0 0 0 0 0 0 0 0 0 0 0 6 0 1000 0 0 2.7
0 0 0 0 0 0 0 17 7 0 0 0 651 324 0 0 0 0 0 0 0 0 0 0 0 0 1 0 1000 0 0 1.8
0 0 0 0 0 0 0 16 15 0 0 0 629 329 0 0 0 0 0 0 0 0 0 0 0 0 11 0 1000 0 0 0.9
0 0 0 0 0 0 1 10 16 0 0 0 511 294 0 0 0 0 1 0 0 0 0 0 0 0 167 0 1000 0 0 0
0 0 0 0 0 0 0 11 9 0 0 0 368 223 0 0 0 2 1 0 0 0 0 0 0 0 386 0 1000 0 0 -0.9
0 0 0 0 0 0 0 7 9 0 0 0 266 158 0 0 0 2 1 0 0 0 0 0 0 0 557 0 1000 0 0 -1.8
0 0 0 0 0 0 0 13 8 0 0 0 183 128 0 0 0 0 0 0 0 0 0 0 0 0 668 0 1000 0 0 -2.7
0 0 0 0 0 0 0 11 2 0 0 1 125 80 0 0 0 0 0 0 0 0 0 0 0 0 781 0 1000 0 0 -3.6
0 0 0 0 0 0 0 8 5 0 0 0 66 51 0 0 0 0 1 0 0 0 0 0 0 0 869 0 1000 0 0 -4.5
0 0 0 0 0 0 0 8 2 0 0 0 54 34 0 0 0 1 0 0 0 0 0 0 0 0 901 0 1000 0 0 -5.4
0 0 0 0 0 0 0 5 1 0 0 0 40 40 0 0 0 0 2 0 0 0 0 0 0 0 912 0 1000 0 0 -6.3
0 0 0 0 0 0 0 1 8 0 0 0 24 20 0 0 0 1 0 0 0 0 0 0 0 0 946 0 1000 0 0 -7.2
0 0 0 0 0 0 0 5 1 0 0 0 27 15 0 0 0 0 0 0 0 0 0 0 0 0 952 0 1000 0 0 -8.1
0 0 0 0 0 0 0 3 1 0 0 0 13 8 0 0 0 1 0 0 0 0 0 0 0 0 974 0 1000 0 0 -9
0 0 0 0 0 0 0 1 2 0 0 0 15 6 0 0 0 0 0 0 0 0 0 0 0 0 976 0 1000 0 0 -9.9
0 0 0 0 0 0 0 1 0 0 0 0 7 6 0 0 0 0 1 0 0 0 0 0 0 0 985 0 1000 0 0 -10.8
0 0 0 0 0 0 0 1 1 0 0 0 10 3 0 0 0 0 0 0 0 0 0 0 0 0 985 0 1000 0 0 -11.7
0 0 0 0 0 0 0 0 0 0 0 0 2 5 0 0 0 0 0 0 0 0 0 0 0 0 993 0 1000 0 0 -12.6
0 0 0 0 0 0 0 0 1 0 0 0 1 0 0 0 0 0 0 0 0 0 0 0 0 0 998 0 1000 0 0 -13.5
0 0 0 0 0 0 0 0 0 0 0 0 2 1 0 0 0 0 0 0 0 0 0 0 0 0 997 0 1000 0 0 -14.4
0 0 0 0 0 0 0 0 0 0 0 0 1 1 0 0 0 0 0 0 0 0 0 0 0 0 998 0 1000 0 0 -15.3
0 0 0 0 0 0 0 0 0 0 0 0 0 0 0 0 0 0 0 0 0 0 0 0 0 0 1000 0 1000 0 0 -16.2
0 0 0 0 0 0 0 0 0 0 0 0 2 0 0 0 0 0 0 0 0 0 0 0 0 0 998 0 1000 0 0 -17.1
0 0 0 0 0 0 0 0 0 0 0 0 0 1 0 0 0 1 0 0 0 0 0 0 0 0 998 0 1000 0 0 -18
0 0 0 0 0 0 0 0 0 0 0 0 1 0 0 0 0 0 0 0 0 0 0 0 0 0 999 0 1000 0 0 -18.9
0 0 0 0 0 0 0 0 0 0 0 0 0 1 0 0 0 0 0 0 0 0 0 0 0 0 999 0 1000 0 0 -19.8
0 0 0 0 0 0 0 0 0 0 0 0 0 0 0 0 0 0 0 0 0 0 0 0 0 0 1000 0 1000 0 0 -20.7
0 0 0 0 0 0 0 0 0 0 0 0 0 0 0 0 0 0 0 0 0 0 0 0 0 0 1000 0 1000 0 0 -21.6
0 0 0 0 0 0 0 0 0 0 0 0 2 0 0 0 0 0 0 0 0 0 0 0 0 0 998 0 1000 0 0 -22.5
0 0 0 0 0 0 0 0 0 0 0 0 0 0 0 0 0 0 0 0 0 0 0 0 0 0 1000 0 1000 0 0 -23.4
0 0 0 0 0 0 0 0 0 0 0 0 0 0 0 0 0 0 0 0 0 0 0 0 0 0 1000 0 1000 0 0 -24.3
0 0 0 0 0 0 0 0 0 0 0 0 1 0 0 0 0 0 0 0 0 0 0 0 0 0 999 0 1000 0 0 -25.2
0 0 0 0 0 0 0 0 0 0 0 0 0 0 0 0 0 0 0 0 0 0 0 0 0 0 1000 0 1000 0 0 -26.1
0 0 0 0 0 0 0 0 0 0 0 0 0 0 0 0 0 0 0 0 0 0 0 0 0 0 1000 0 1000 0 0 -27
0 0 0 0 0 0 0 0 0 0 0 0 0 0 0 0 0 0 0 0 0 0 0 0 0 0 1000 0 1000 0 0 -27.9
0 0 0 0 0 0 0 0 0 0 0 0 0 0 0 0 0 0 0 0 0 0 0 0 0 0 1000 0 1000 0 0 -28.8
0 0 0 0 0 0 0 0 0 0 0 0 0 0 0 0 0 0 0 0 0 0 0 0 0 0 1000 0 1000 0 0 -29.7
0 0 0 0 0 0 0 0 0 0 0 0 0 0 0 0 0 0 0 0 0 0 0 0 0 0 1000 0 1000 0 0 -30.6
0 0 0 0 0 0 0 0 0 0 0 0 0 0 0 0 0 0 0 0 0 0 0 0 0 0 1000 0 1000 0 0 -31.5
0 0 0 0 0 0 0 0 0 0 0 0 0 0 0 0 0 0 0 0 0 0 0 0 0 0 1000 0 1000 0 0 -32.4
0 0 0 0 0 0 0 0 0 0 0 0 0 0 0 0 0 0 0 0 0 0 0 0 0 0 1000 0 1000 0 0 -33.3
0 0 0 0 0 0 0 0 0 0 0 0 0 0 0 0 0 0 0 0 0 0 0 0 0 0 1000 0 1000 0 0 -34.2
