0 0 0 0 0 0 0 1 0 0 0 0 534 0 0 0 0 0 0 0 0 0 0 0 0 0 465 0 1000 0 0 9.9
0 0 0 0 0 0 0 0 0 0 0 0 938 0 0 0 0 0 0 0 0 0 0 0 0 0 62 0 1000 0 0 9
0 0 0 0 0 0 0 0 0 0 0 0 994 0 0 0 0 0 0 0 0 0 0 0 0 0 6 0 1000 0 0 8.1
0 0 0 0 0 0 0 0 0 0 0 0 998 0 0 0 0 0 0 0 0 0 0 0 0 0 2 0 1000 0 0 7.2
0 0 0 0 0 0 0 0 0 0 0 0 999 0 0 0 0 0 0 0 0 0 0 0 0 0 1 0 1000 0 0 6.3
0 0 0 0 0 0 0 6 0 0 0 0 993 0 0 0 0 0 0 0 0 0 0 0 0 0 1 0 1000 0 0 5.4
0 0 0 0 0 0 0 26 1 0 0 0 971 0 0 0 0 0 0 0 0 0 0 0 0 0 2 0 1000 0 0 4.5
0 0 0 0 0 0 0 72 1 0 0 1 924 1 0 0 0 0 0 0 0 0 0 0 0 0 1 0 1000 0 0 3.6
0 0 0 0 0 0 0 104 3 0 0 0 887 3 0 0 0 0 0 0 0 0 0 0 0 0 3 0 1000 0 0 2.7
0 0 0 0 0 0 1 113 1 0 0 1 876 8 0 0 0 0 0 0 0 0 0 0 0 0 0 0 1000 0 0 1.8
0 0 0 0 0 0 0 120 0 0 0 0 858 6 0 0 0 0 0 0 0 0 0 0 0 0 16 0 1000 0 0 0.9
0 0 0 0 0 0 1 133 3 0 0 1 702 9 0 0 0 0 0 0 0 0 0 0 0 0 151 0 1000 0 0 0
0 0 0 0 0 0 0 105 2 0 0 3 505 9 0 0 0 0 0 0 0 0 0 0 0 0 376 0 1000 0 0 -0.9
0 0 0 0 0 0 2 82 0 0 0 2 361 8 0 0 0 0 0 0 0 0 0 0 0 0 545 0 1000 0 0 -1.8
0 0 0 0 0 0 0 75 4 0 0 2 249 10 0 0 0 0 0 0 0 0 0 0 0 0 660 0 1000 0 0 -2.7
0 0 0 0 0 0 1 47 3 0 0 0 149 5 0 0 0 0 0 0 0 0 0 0 0 0 795 0 1000 0 0 -3.6
0 0 0 0 0 0 0 42 5 0 0 1 89 4 0 0 0 0 0 0 0 0 0 0 0 0 859 0 1000 0 0 -4.5
0 0 0 0 0 0 0 35 1 0 0 1 75 2 0 0 0 0 0 0 0 0 0 0 0 0 886 0 1000 0 0 -5.4
0 0 0 0 0 0 0 14 0 0 0 1 57 0 0 0 0 0 0 0 0 0 0 0 0 0 928 0 1000 0 0 -6.3
0 0 0 0 0 0 0 10 1 0 0 1 51 2 0 0 0 0 0 0 0 0 0 0 0 0 935 0 1000 0 0 -7.2
0 0 0 0 0 0 0 6 0 0 0 1 22 3 0 0 0 0 0 0 0 0 0 0 0 0 968 0 1000 0 0 -8.1
0 0 0 0 0 0 0 16 1 0 0 0 26 0 0 0 0 0 0 0 0 0 0 0 0 0 957 0 1000 0 0 -9
0 0 0 0 0 0 0 3 0 0 0 0 14 3 0 0 0 0 0 0 0 0 0 0 0 0 980 0 1000 0 0 -9.9
0 0 0 0 0 0 0 2 1 0 0 0 6 0 0 0 0 0 0 0 0 0 0 0 0 0 991 0 1000 0 0 -10.8
0 0 0 0 0 0 0 4 0 0 0 0 4 0 0 0 0 0 0 0 0 0 0 0 0 0 992 0 1000 0 0 -11.7
0 0 0 0 0 0 0 2 1 0 0 0 5 0 0 0 0 0 0 0 0 0 0 0 0 0 992 0 1000 0 0 -12.6
0 0 0 0 0 0 0 0 0 0 0 0 3 3 0 0 0 0 0 0 0 0 0 0 0 0 994 0 1000 0 0 -13.5
0 0 0 0 0 0 0 0 0 0 0 0 0 0 0 0 0 0 0 0 0 0 0 0 0 0 1000 0 1000 0 0 -14.4
0 0 0 0 0 0 0 1 0 0 0 0 0 0 0 0 0 0 0 0 0 0 0 0 0 0 999 0 1000 0 0 -15.3
0 0 0 0 0 0 0 0 0 0 0 0 0 0 0 0 0 0 0 0 0 0 0 0 0 0 1000 0 1000 0 0 -16.2
0 0 0 0 0 0 1 0 0 0 0 0 0 0 0 0 0 0 0 0 0 0 0 0 0 0 999 0 1000 0 0 -17.1
0 0 0 0 0 0 0 1 0 0 0 0 0 0 0 0 0 0 0 0 0 0 0 0 0 0 999 0 1000 0 0 -18
0 0 0 0 0 0 0 0 0 0 0 0 0 0 0 0 0 0 0 0 0 0 0 0 0 0 1000 0 1000 0 0 -18.9
0 0 0 0 0 0 0 0 0 0 0 0 0 0 0 0 0 0 0 0 0 0 0 0 0 0 1000 0 1000 0 0 -19.8
0 0 0 0 0 0 0 0 0 0 0 0 0 0 0 0 0 0 0 0 0 0 0 0 0 0 1000 0 1000 0 0 -20.7
0 0 0 0 0 0 0 1 0 0 0 0 0 0 0 0 0 0 0 0 0 0 0 0 0 0 999 0 1000 0 0 -21.6
0 0 0 0 0 0 0 0 0 0 0 0 0 0 0 0 0 0 0 0 0 0 0 0 0 0 1000 0 1000 0 0 -22.5
0 0 0 0 0 0 0 1 0 0 0 0 0 0 0 0 0 0 0 0 0 0 0 0 0 0 999 0 1000 0 0 -23.4
0 0 0 0 0 0 0 0 0 0 0 0 0 0 0 0 0 0 0 0 0 0 0 0 0 0 1000 0 1000 0 0 -24.3
0 0 0 0 0 0 0 0 0 0 0 0 0 0 0 0 0 0 0 0 0 0 0 0 0 0 1000 0 1000 0 0 -25.2
0 0 0 0 0 0 0 0 0 0 0 0 0 0 0 0 0 0 0 0 0 0 0 0 0 0 1000 0 1000 0 0 -26.1
0 0 0 0 0 0 0 0 0 0 0 0 0 0 0 0 0 0 0 0 0 0 0 0 0 0 1000 0 1000 0 0 -27
0 0 0 0 0 0 0 0 0 0 0 0 0 0 0 0 0 0 0 0 0 0 0 0 0 0 1000 0 1000 0 0 -27.9
0 0 0 0 0 0 0 0 0 0 0 0 0 0 0 0 0 0 0 0 0 0 0 0 0 0 1000 0 1000 0 0 -28.8
0 0 0 0 0 0 0 0 0 0 0 0 0 0 0 0 0 0 0 0 0 0 0 0 0 0 1000 0 1000 0 0 -29.7
0 0 0 0 0 0 0 0 0 0 0 0 0 0 0 0 0 0 0 0 0 0 0 0 0 0 1000 0 1000 0 0 -30.6
0 0 0 0 0 0 0 0 0 0 0 0 0 0 0 0 0 0 0 0 0 0 0 0 0 0 1000 0 1000 0 0 -31.5
0 0 0 0 0 0 0 0 0 0 0 0 0 0 0 0 0 0 0 0 0 0 0 0 0 0 1000 0 1000 0 0 -32.4
0 0 0 0 0 0 0 0 0 0 0 0 0 0 0 0 0 0 0 0 0 0 0 0 0 0 1000 0 1000 0 0 -33.3
0 0 0 0 0 0 0 0 0 0 0 0 0 0 0 0 0 0 0 0 0 0 0 0 0 0 1000 0 1000 0 0 -34.2
