0 0 0 0 0 0 0 7 2 0 0 0 45 4 0 0 0 0 0 0 0 0 0 0 0 0 942 0 1000 0 0 9.9
0 0 0 0 0 0 0 95 25 0 0 0 694 43 0 0 0 0 0 0 0 0 0 0 0 0 143 0 1000 0 0 9
0 0 0 0 0 0 0 57 28 0 0 0 867 35 0 0 0 0 0 0 0 0 0 0 0 0 13 0 1000 0 0 8.1
0 0 0 0 0 0 0 127 27 0 0 0 771 69 0 0 0 0 0 0 0 0 0 0 0 0 6 0 1000 0 0 7.2
0 0 0 0 0 0 0 169 58 0 0 0 659 108 0 0 0 0 0 0 0 0 0 0 0 0 6 0 1000 0 0 6.3
0 0 0 0 0 0 0 203 87 0 0 0 549 153 0 0 0 0 0 0 0 0 0 0 0 0 8 0 1000 0 0 5.4
0 0 0 0 0 0 0 246 114 0 0 0 459 179 0 0 0 0 0 0 0 0 0 0 0 0 2 0 1000 0 0 4.5
0 0 0 0 0 0 0 256 113 0 0 0 455 169 0 0 0 0 0 0 0 0 0 0 0 0 7 0 1000 0 0 3.6
0 0 0 0 0 0 0 259 130 0 0 0 417 191 0 0 0 0 0 0 0 0 0 0 0 0 3 0 1000 0 0 2.7
0 0 0 0 0 0 0 230 123 0 0 0 434 204 0 0 0 0 0 0 0 0 0 0 0 0 9 0 1000 0 0 1.8
0 0 0 0 0 0 0 226 134 0 0 0 427 192 0 0 0 0 0 0 0 0 0 0 0 0 21 0 1000 0 0 0.9
0 0 0 0 0 0 0 207 118 0 0 0 367 150 0 0 0 0 0 0 0 0 0 0 0 0 158 0 1000 0 0 0
0 0 0 0 0 0 0 153 90 0 0 0 241 124 0 0 0 0 0 0 0 0 0 0 0 0 392 0 1000 0 0 -0.9
0 0 0 0 0 0 0 106 63 0 0 0 164 92 0 0 0 0 1 0 0 0 0 0 0 0 574 0 1000 0 0 -1.8
0 0 0 0 0 0 0 87 43 0 0 0 101 69 0 0 0 0 0 0 0 0 0 0 0 0 700 0 1000 0 0 -2.7
0 0 0 0 0 0 0 59 26 0 0 0 90 39 0 0 0 0 0 0 0 0 0 0 0 0 786 0 1000 0 0 -3.6
0 0 0 0 0 0 0 32 26 0 0 0 57 27 0 0 0 0 0 0 0 0 0 0 0 0 858 0 1000 0 0 -4.5
0 0 0 0 0 0 0 33 20 0 0 0 47 27 0 0 0 0 0 0 0 0 0 0 0 0 873 0 1000 0 0 -5.4
0 0 0 0 0 0 0 15 20 0 0 0 27 26 0 0 0 0 0 0 0 0 0 0 0 0 912 0 1000 0 0 -6.3
0 0 0 0 0 0 0 17 7 0 0 0 28 11 0 0 0 0 0 0 0 0 0 0 0 0 937 0 1000 0 0 -7.2
0 0 0 0 0 0 1 12 7 0 0 0 12 6 0 0 0 0 0 0 0 0 0 0 0 0 962 0 1000 0 0 -8.1
0 0 0 0 0 0 0 8 2 0 0 0 8 4 0 0 0 0 0 0 0 0 0 0 0 0 978 0 1000 0 0 -9
0 0 0 0 0 0 0 3 3 0 0 0 11 3 0 0 0 0 0 0 0 0 0 0 0 0 980 0 1000 0 0 -9.9
0 0 0 0 0 0 0 6 2 0 0 0 4 9 0 0 0 0 0 0 0 0 0 0 0 0 979 0 1000 0 0 -10.8
0 0 0 0 0 0 0 2 0 0 0 0 4 3 0 0 0 0 0 0 0 0 0 0 0 0 991 0 1000 0 0 -11.7
0 0 0 0 0 0 0 3 2 0 0 0 2 2 0 0 0 0 0 0 0 0 0 0 0 0 991 0 1000 0 0 -12.6
0 0 0 0 0 0 0 1 0 0 0 0 1 1 0 0 0 0 0 0 0 0 0 0 0 0 997 0 1000 0 0 -13.5
0 0 0 0 0 0 0 0 0 0 0 0 2 0 0 0 0 0 0 0 0 0 0 0 0 0 998 0 1000 0 0 -14.4
0 0 0 0 0 0 0 1 2 0 0 0 0 0 0 0 0 0 0 0 0 0 0 0 0 0 997 0 1000 0 0 -15.3
0 0 0 0 0 0 0 0 0 0 0 0 0 2 0 0 0 0 0 0 0 0 0 0 0 0 998 0 1000 0 0 -16.2
0 0 0 0 0 0 0 0 0 0 0 0 0 1 0 0 0 0 0 0 0 0 0 0 0 0 999 0 1000 0 0 -17.1
0 0 0 0 0 0 0 0 0 0 0 0 0 0 0 0 0 0 0 0 0 0 0 0 0 0 1000 0 1000 0 0 -18
0 0 0 0 0 0 0 0 1 0 0 0 0 0 0 0 0 0 0 0 0 0 0 0 0 0 999 0 1000 0 0 -18.9
0 0 0 0 0 0 0 0 0 0 0 0 1 0 0 0 0 0 0 0 0 0 0 0 0 0 999 0 1000 0 0 -19.8
0 0 0 0 0 0 0 0 0 0 0 0 0 0 0 0 0 0 0 0 0 0 0 0 0 0 1000 0 1000 0 0 -20.7
0 0 0 0 0 0 0 0 0 0 0 0 0 0 0 0 0 0 0 0 0 0 0 0 0 0 1000 0 1000 0 0 -21.6
0 0 0 0 0 0 0 0 0 0 0 0 0 0 0 0 0 0 0 0 0 0 0 0 0 0 1000 0 1000 0 0 -22.5
0 0 0 0 0 0 0 0 0 0 0 0 0 0 0 0 0 0 0 0 0 0 0 0 0 0 1000 0 1000 0 0 -23.4
0 0 0 0 0 0 0 0 0 0 0 0 0 0 0 0 0 0 0 0 0 0 0 0 0 0 1000 0 1000 0 0 -24.3
0 0 0 0 0 0 0 0 0 0 0 0 0 0 0 0 0 0 0 0 0 0 0 0 0 0 1000 0 1000 0 0 -25.2
0 0 0 0 0 0 0 0 0 0 0 0 0 0 0 0 0 0 0 0 0 0 0 0 0 0 1000 0 1000 0 0 -26.1
0 0 0 0 0 0 0 0 0 0 0 0 0 0 0 0 0 0 0 0 0 0 0 0 0 0 1000 0 1000 0 0 -27
0 0 0 0 0 0 0 0 0 0 0 0 0 0 0 0 0 0 0 0 0 0 0 0 0 0 1000 0 1000 0 0 -27.9
0 0 0 0 0 0 0 0 0 0 0 0 0 0 0 0 0 0 0 0 0 0 0 0 0 0 1000 0 1000 0 0 -28.8
0 0 0 0 0 0 0 0 0 0 0 0 0 0 0 0 0 0 0 0 0 0 0 0 0 0 1000 0 1000 0 0 -29.7
0 0 0 0 0 0 0 0 0 0 0 0 0 0 0 0 0 0 0 0 0 0 0 0 0 0 1000 0 1000 0 0 -30.6
0 0 0 0 0 0 0 0 0 0 0 0 0 0 0 0 0 0 0 0 0 0 0 0 0 0 1000 0 1000 0 0 -31.5
0 0 0 0 0 0 0 0 0 0 0 0 0 0 0 0 0 0 0 0 0 0 0 0 0 0 1000 0 1000 0 0 -32.4
0 0 0 0 0 0 0 0 0 0 0 0 0 0 0 0 0 0 0 0 0 0 0 0 0 0 1000 0 1000 0 0 -33.3
0 0 0 0 0 0 0 0 0 0 0 0 0 0 0 0 0 0 0 0 0 0 0 0 0 0 1000 0 1000 0 0 -34.2
