0 0 0 0 0 0 0 0 0 0 0 0 1000 0 0 0 0 0 0 0 0 0 0 0 0 0 0 0 1000 0 0 9.9
0 0 0 0 0 0 0 0 0 0 0 0 1000 0 0 0 0 0 0 0 0 0 0 0 0 0 0 0 1000 0 0 9
0 0 0 0 0 0 0 0 0 0 0 0 1000 0 0 0 0 0 0 0 0 0 0 0 0 0 0 0 1000 0 0 8.1
0 0 0 0 0 0 0 0 0 0 0 0 1000 0 0 0 0 0 0 0 0 0 0 0 0 0 0 0 1000 0 0 7.2
0 0 0 0 0 0 0 0 0 0 0 0 999 0 0 0 0 0 0 0 0 0 0 0 0 0 1 0 1000 0 0 6.3
0 0 0 0 0 0 0 0 0 0 0 0 1000 0 0 0 0 0 0 0 0 0 0 0 0 0 0 0 1000 0 0 5.4
0 0 0 0 0 0 0 0 0 0 0 0 998 2 0 0 0 0 0 0 0 0 0 0 0 0 0 0 1000 0 0 4.5
0 0 0 0 0 0 0 1 0 0 0 0 996 3 0 0 0 0 0 0 0 0 0 0 0 0 0 0 1000 0 0 3.6
0 0 0 0 0 0 0 4 1 0 0 0 986 8 0 0 0 0 0 0 0 0 0 0 0 0 1 0 1000 0 0 2.7
0 0 0 0 0 0 0 3 2 0 0 1 987 6 0 0 0 0 0 0 0 0 0 0 0 0 1 0 1000 0 0 1.8
0 0 0 0 0 0 0 10 1 0 0 0 979 2 0 0 0 0 0 0 0 0 0 0 0 0 8 0 1000 0 0 0.9
0 0 0 0 0 0 0 15 4 0 0 0 820 9 0 0 0 0 0 0 0 0 0 0 0 0 152 0 1000 0 0 0
0 0 0 0 0 0 0 14 2 0 0 1 590 27 0 0 0 1 0 0 0 0 0 0 0 0 365 0 1000 0 0 -0.9
0 0 0 0 0 0 0 15 2 0 0 1 388 15 0 0 0 0 1 0 0 0 0 0 0 0 578 0 1000 0 0 -1.8
0 0 0 0 0 0 0 12 1 0 0 0 279 7 0 0 0 1 0 0 0 0 0 0 0 0 700 0 1000 0 0 -2.7
0 0 0 0 0 0 0 12 1 0 0 0 169 11 0 0 0 1 0 0 0 0 0 0 0 0 806 0 1000 0 0 -3.6
0 0 0 0 0 0 0 8 2 0 0 1 130 5 0 0 0 1 0 0 0 0 0 0 0 0 853 0 1000 0 0 -4.5
0 0 0 0 0 0 0 6 0 0 0 0 102 2 0 0 0 0 0 0 0 0 0 0 0 0 890 0 1000 0 0 -5.4
0 0 0 0 0 0 0 7 3 0 0 0 45 6 0 0 0 0 0 0 0 0 0 0 0 0 939 0 1000 0 0 -6.3
0 0 0 0 0 0 0 5 2 0 0 0 48 5 0 0 0 0 0 0 0 0 0 0 0 0 940 0 1000 0 0 -7.2
0 0 0 0 0 0 0 2 0 0 0 0 40 3 0 0 0 0 0 0 0 0 0 0 0 0 955 0 1000 0 0 -8.1
0 0 0 0 0 0 0 4 0 0 0 0 26 2 0 0 0 1 0 0 0 0 0 0 0 0 967 0 1000 0 0 -9
0 0 0 0 0 0 1 2 2 0 0 0 15 0 0 0 0 0 0 0 0 0 0 0 0 0 980 0 1000 0 0 -9.9
0 0 0 0 0 0 0 2 1 0 0 0 11 1 0 0 0 0 0 0 0 0 0 0 0 0 985 0 1000 0 0 -10.8
0 0 0 0 0 0 0 2 0 0 0 0 4 2 0 0 0 0 0 0 0 0 0 0 0 0 992 0 1000 0 0 -11.7
0 0 0 0 0 0 0 0 0 0 0 0 5 0 0 0 0 0 0 0 0 0 0 0 0 0 995 0 1000 0 0 -12.6
0 0 0 0 0 0 0 1 1 0 0 0 1 1 0 0 0 0 0 0 0 0 0 0 0 0 996 0 1000 0 0 -13.5
0 0 0 0 0 0 0 0 0 0 0 0 5 0 0 0 0 0 0 0 0 0 0 0 0 0 995 0 1000 0 0 -14.4
0 0 0 0 0 0 0 0 0 0 0 0 0 0 0 0 0 0 0 0 0 0 0 0 0 0 1000 0 1000 0 0 -15.3
0 0 0 0 0 0 0 0 0 0 0 0 0 0 0 0 0 0 0 0 0 0 0 0 0 0 1000 0 1000 0 0 -16.2
0 0 0 0 0 0 0 0 0 0 0 0 0 0 0 0 0 0 0 0 0 0 0 0 0 0 1000 0 1000 0 0 -17.1
0 0 0 0 0 0 0 0 0 0 0 0 0 0 0 0 0 0 0 0 0 0 0 0 0 0 1000 0 1000 0 0 -18
0 0 0 0 0 0 0 1 0 0 0 0 1 0 0 0 0 0 0 0 0 0 0 0 0 0 998 0 1000 0 0 -18.9
0 0 0 0 0 0 0 0 0 0 0 0 0 0 0 0 0 0 0 0 0 0 0 0 0 0 1000 0 1000 0 0 -19.8
0 0 0 0 0 0 0 0 0 0 0 0 2 0 0 0 0 0 0 0 0 0 0 0 0 0 998 0 1000 0 0 -20.7
0 0 0 0 0 0 0 0 0 0 0 0 0 0 0 0 0 0 0 0 0 0 0 0 0 0 1000 0 1000 0 0 -21.6
0 0 0 0 0 0 0 0 0 0 0 0 0 0 0 0 0 0 0 0 0 0 0 0 0 0 1000 0 1000 0 0 -22.5
0 0 0 0 0 0 0 0 0 0 0 0 0 0 0 0 0 0 0 0 0 0 0 0 0 0 1000 0 1000 0 0 -23.4
0 0 0 0 0 0 0 0 0 0 0 0 0 0 0 0 0 0 0 0 0 0 0 0 0 0 1000 0 1000 0 0 -24.3
0 0 0 0 0 0 0 1 0 0 0 0 0 0 0 0 0 0 0 0 0 0 0 0 0 0 999 0 1000 0 0 -25.2
0 0 0 0 0 0 0 0 0 0 0 0 0 0 0 0 0 0 0 0 0 0 0 0 0 0 1000 0 1000 0 0 -26.1
0 0 0 0 0 0 0 0 0 0 0 0 0 0 0 0 0 0 0 0 0 0 0 0 0 0 1000 0 1000 0 0 -27
0 0 0 0 0 0 0 0 0 0 0 0 0 0 0 0 0 0 0 0 0 0 0 0 0 0 1000 0 1000 0 0 -27.9
0 0 0 0 0 0 0 0 0 0 0 0 0 0 0 0 0 0 0 0 0 0 0 0 0 0 1000 0 1000 0 0 -28.8
0 0 0 0 0 0 0 0 0 0 0 0 0 0 0 0 0 0 0 0 0 0 0 0 0 0 1000 0 1000 0 0 -29.7
0 0 0 0 0 0 0 0 0 0 0 0 0 0 0 0 0 0 0 0 0 0 0 0 0 0 1000 0 1000 0 0 -30.6
0 0 0 0 0 0 0 0 0 0 0 0 0 0 0 0 0 0 0 0 0 0 0 0 0 0 1000 0 1000 0 0 -31.5
0 0 0 0 0 0 0 0 0 0 0 0 0 0 0 0 0 0 0 0 0 0 0 0 0 0 1000 0 1000 0 0 -32.4
0 0 0 0 0 0 0 0 0 0 0 0 0 0 0 0 0 0 0 0 0 0 0 0 0 0 1000 0 1000 0 0 -33.3
0 0 0 0 0 0 0 0 0 0 0 0 0 0 0 0 0 0 0 0 0 0 0 0 0 0 1000 0 1000 0 0 -34.2
