0 0 0 0 0 0 0 1 0 0 0 0 75 4 0 0 0 0 0 0 0 0 0 0 0 0 920 0 1000 0 0 9.9
0 0 0 0 0 0 0 1 0 0 0 0 832 19 0 0 0 0 0 0 0 0 0 0 0 0 148 0 1000 0 0 9
0 0 0 0 0 0 0 0 0 0 0 0 993 0 0 0 0 0 0 0 0 0 0 0 0 0 7 0 1000 0 0 8.1
0 0 0 0 0 0 0 1 0 0 0 0 980 10 0 0 0 0 0 0 0 0 0 0 0 0 9 0 1000 0 0 7.2
0 0 0 0 0 0 0 5 3 0 0 0 946 39 0 0 0 0 0 0 0 0 0 0 0 0 7 0 1000 0 0 6.3
0 0 0 0 0 0 0 16 11 0 0 0 842 125 0 0 0 0 0 0 0 0 0 0 0 0 6 0 1000 0 0 5.4
0 0 0 0 0 0 0 34 13 0 0 0 764 185 0 0 0 0 0 0 0 0 0 0 0 0 4 0 1000 0 0 4.5
0 0 0 0 0 0 0 34 18 0 0 0 699 245 0 0 0 0 0 0 0 0 0 0 0 0 4 0 1000 0 0 3.6
0 0 0 0 0 0 0 39 21 0 0 0 679 258 0 0 0 0 0 0 0 0 0 0 0 0 3 0 1000 0 0 2.7
0 0 0 0 0 0 0 47 34 0 0 0 664 248 0 0 0 0 0 0 0 0 0 0 0 0 7 0 1000 0 0 1.8
0 0 0 0 0 0 0 54 36 0 0 0 616 284 0 0 0 0 0 0 0 0 0 0 0 0 10 0 1000 0 0 0.9
0 0 0 0 0 0 0 46 32 0 0 0 539 232 0 0 0 0 0 0 0 0 0 0 0 0 151 0 1000 0 0 0
0 0 0 0 0 0 0 43 22 0 0 1 381 169 0 0 0 0 0 0 0 0 0 0 0 0 384 0 1000 0 0 -0.9
0 0 0 0 0 0 0 31 22 0 0 0 267 114 0 0 0 0 0 0 0 0 0 0 0 0 566 0 1000 0 0 -1.8
0 0 0 0 0 0 0 36 15 1 0 1 186 85 0 0 0 0 0 0 0 0 0 0 0 0 676 0 1000 0 0 -2.7
0 0 0 0 0 0 0 25 10 0 0 0 111 48 0 0 0 1 0 0 0 0 0 0 0 0 805 0 1000 0 0 -3.6
0 0 0 0 0 0 0 11 10 0 0 0 74 44 0 0 0 1 0 0 0 0 0 0 0 0 860 0 1000 0 0 -4.5
0 0 0 0 0 0 0 11 6 0 0 0 59 36 0 0 0 0 0 0 0 0 0 0 0 0 888 0 1000 0 0 -5.4
0 0 0 0 0 0 0 15 5 0 0 0 38 30 0 0 0 1 0 0 0 0 0 0 0 0 911 0 1000 0 0 -6.3
0 0 0 0 0 0 0 7 7 0 0 1 28 9 1 0 0 0 0 0 0 0 0 0 0 0 947 0 1000 0 0 -7.2
0 0 0 0 0 0 0 2 2 0 0 0 15 12 0 0 0 0 0 0 0 0 0 0 0 0 969 0 1000 0 0 -8.1
0 0 0 0 0 0 0 4 5 0 0 0 10 10 0 0 0 0 0 0 0 0 0 0 0 0 971 0 1000 0 0 -9
0 0 0 0 0 0 0 0 4 0 0 0 6 6 0 0 0 0 0 0 0 0 0 0 0 0 984 0 1000 0 0 -9.9
0 0 0 0 0 0 0 2 0 0 0 0 2 4 0 0 0 0 0 0 0 0 0 0 0 0 992 0 1000 0 0 -10.8
0 0 0 0 0 0 0 0 4 0 0 0 7 2 0 0 0 0 0 0 0 0 0 0 0 0 987 0 1000 0 0 -11.7
0 0 0 0 0 0 0 0 1 0 0 0 1 3 0 0 0 0 0 0 0 0 0 0 0 0 995 0 1000 0 0 -12.6
0 0 0 0 0 0 0 1 0 0 0 0 4 2 0 0 0 0 0 0 0 0 0 0 0 0 993 0 1000 0 0 -13.5
0 0 0 0 0 0 0 0 0 0 0 0 3 3 0 0 0 0 0 0 0 0 0 0 0 0 994 0 1000 0 0 -14.4
0 0 0 0 0 0 0 0 1 0 0 0 2 1 0 0 0 0 0 0 0 0 0 0 0 0 996 0 1000 0 0 -15.3
0 0 0 0 0 0 0 0 0 0 0 0 0 1 0 0 0 0 0 0 0 0 0 0 0 0 999 0 1000 0 0 -16.2
0 0 0 0 0 0 0 0 0 0 0 0 0 1 0 0 0 0 0 0 0 0 0 0 0 0 999 0 1000 0 0 -17.1
0 0 0 0 0 0 0 0 0 0 0 0 0 1 0 0 0 0 0 0 0 0 0 0 0 0 999 0 1000 0 0 -18
0 0 0 0 0 0 0 0 0 0 0 0 0 0 0 0 0 1 0 0 0 0 0 0 0 0 999 0 1000 0 0 -18.9
0 0 0 0 0 0 0 0 0 0 0 0 1 0 0 0 0 0 0 0 0 0 0 0 0 0 999 0 1000 0 0 -19.8
0 0 0 0 0 0 0 0 0 0 0 0 0 0 0 0 0 0 0 0 0 0 0 0 0 0 1000 0 1000 0 0 -20.7
0 0 0 0 0 0 0 0 1 0 0 0 0 0 0 0 0 0 0 0 0 0 0 0 0 0 999 0 1000 0 0 -21.6
0 0 0 0 0 0 0 0 0 0 0 0 0 0 0 0 0 0 0 0 0 0 0 0 0 0 1000 0 1000 0 0 -22.5
0 0 0 0 0 0 0 0 0 0 0 0 0 0 0 0 0 0 0 0 0 0 0 0 0 0 1000 0 1000 0 0 -23.4
0 0 0 0 0 0 0 0 0 0 0 0 1 0 0 0 0 0 0 0 0 0 0 0 0 0 999 0 1000 0 0 -24.3
0 0 0 0 0 0 0 0 0 0 0 0 0 0 0 0 0 0 0 0 0 0 0 0 0 0 1000 0 1000 0 0 -25.2
0 0 0 0 0 0 0 0 0 0 0 0 0 0 0 0 0 0 0 0 0 0 0 0 0 0 1000 0 1000 0 0 -26.1
0 0 0 0 0 0 0 0 0 0 0 0 0 0 0 0 0 0 0 0 0 0 0 0 0 0 1000 0 1000 0 0 -27
0 0 0 0 0 0 0 0 0 0 0 0 0 0 0 0 0 0 0 0 0 0 0 0 0 0 1000 0 1000 0 0 -27.9
0 0 0 0 0 0 0 0 0 0 0 0 0 0 0 0 0 0 0 0 0 0 0 0 0 0 1000 0 1000 0 0 -28.8
0 0 0 0 0 0 0 0 0 0 0 0 0 0 0 0 0 0 0 0 0 0 0 0 0 0 1000 0 1000 0 0 -29.7
0 0 0 0 0 0 0 0 0 0 0 0 0 0 0 0 0 0 0 0 0 0 0 0 0 0 1000 0 1000 0 0 -30.6
0 0 0 0 0 0 0 0 0 0 0 0 0 0 0 0 0 0 0 0 0 0 0 0 0 0 1000 0 1000 0 0 -31.5
0 0 0 0 0 0 0 0 0 0 0 0 0 0 0 0 0 0 0 0 0 0 0 0 0 0 1000 0 1000 0 0 -32.4
0 0 0 0 0 0 0 0 0 0 0 0 0 0 0 0 0 0 0 0 0 0 0 0 0 0 1000 0 1000 0 0 -33.3
0 0 0 0 0 0 0 0 0 0 0 0 0 0 0 0 0 0 0 0 0 0 0 0 0 0 1000 0 1000 0 0 -34.2
