0 0 0 0 0 0 0 1 0 0 0 0 82 1 0 0 0 0 0 0 0 0 0 0 0 0 916 0 1000 0 0 9.9
0 0 0 0 0 0 0 5 0 0 0 0 853 0 0 0 0 0 0 0 0 0 0 0 0 0 142 0 1000 0 0 9
0 0 0 0 0 0 0 2 0 0 0 0 994 0 0 0 0 0 0 0 0 0 0 0 0 0 4 0 1000 0 0 8.1
0 0 0 0 0 0 0 2 0 0 0 0 994 1 0 0 0 0 0 0 0 0 0 0 0 0 3 0 1000 0 0 7.2
0 0 0 0 0 0 0 10 2 0 0 0 980 3 0 0 0 0 0 0 0 0 0 0 0 0 5 0 1000 0 0 6.3
0 0 0 0 0 0 0 43 8 0 0 0 920 22 0 0 0 0 0 0 0 0 0 0 0 0 7 0 1000 0 0 5.4
0 0 0 0 0 0 0 93 20 0 0 0 818 62 0 0 0 0 0 0 0 0 0 0 0 0 7 0 1000 0 0 4.5
0 0 0 0 0 0 0 124 30 0 0 0 754 81 0 0 0 0 0 0 0 0 0 0 0 0 11 0 1000 0 0 3.6
0 0 0 0 0 0 0 141 40 0 0 0 723 93 0 0 0 0 0 0 0 0 0 0 0 0 3 0 1000 0 0 2.7
0 0 0 0 0 0 0 160 35 0 0 0 700 103 0 0 0 0 0 0 0 0 0 0 0 0 2 0 1000 0 0 1.8
0 0 0 0 0 0 0 162 46 0 0 0 650 134 0 0 0 0 0 0 0 0 0 0 0 0 8 0 1000 0 0 0.9
0 0 0 0 0 0 0 139 35 0 0 0 532 113 0 0 0 0 0 0 0 0 0 0 0 0 181 0 1000 0 0 0
0 0 0 0 0 0 0 100 38 0 0 0 366 80 0 0 0 0 0 0 0 0 0 0 0 0 416 0 1000 0 0 -0.9
0 0 0 0 0 0 0 92 31 0 0 0 245 66 0 0 0 0 0 0 0 0 0 0 0 0 566 0 1000 0 0 -1.8
0 0 0 0 0 0 0 68 26 0 0 0 175 56 0 0 0 0 0 0 0 0 0 0 0 0 675 0 1000 0 0 -2.7
0 0 0 0 0 0 0 45 15 0 0 0 128 44 0 0 0 1 0 0 0 0 0 0 0 0 767 0 1000 0 0 -3.6
0 0 0 0 0 0 0 32 9 0 0 0 83 22 0 0 0 0 0 0 0 0 0 0 0 0 854 0 1000 0 0 -4.5
0 0 0 0 0 0 1 20 13 0 0 0 56 16 0 0 0 0 0 0 0 0 0 0 0 0 894 0 1000 0 0 -5.4
0 0 0 0 0 0 0 15 5 0 0 0 34 20 0 0 0 0 0 0 0 0 0 0 0 0 926 0 1000 0 0 -6.3
0 0 0 0 0 0 0 7 6 0 0 0 29 14 0 0 0 0 0 0 0 0 0 0 0 0 944 0 1000 0 0 -7.2
0 0 0 0 0 0 0 17 4 0 0 0 28 8 0 0 0 0 0 0 0 0 0 0 0 0 943 0 1000 0 0 -8.1
0 0 0 0 0 0 0 7 2 0 0 0 13 7 0 0 0 0 0 0 0 0 0 0 0 0 971 0 1000 0 0 -9
0 0 0 0 0 0 0 4 2 0 0 0 7 4 0 0 0 0 0 0 0 0 0 0 0 0 983 0 1000 0 0 -9.9
0 0 0 0 0 0 0 3 1 0 0 0 5 2 0 0 0 0 0 0 0 0 0 0 0 0 989 0 1000 0 0 -10.8
0 0 0 0 0 0 0 0 0 0 0 0 2 1 0 0 0 0 0 0 0 0 0 0 0 0 997 0 1000 0 0 -11.7
0 0 0 0 0 0 0 0 1 0 0 0 4 1 0 0 0 0 0 0 0 0 0 0 0 0 994 0 1000 0 0 -12.6
0 0 0 0 0 0 0 2 1 0 0 0 0 2 0 0 0 0 0 0 0 0 0 0 0 0 995 0 1000 0 0 -13.5
0 0 0 0 0 0 0 0 0 0 0 0 0 1 0 0 0 0 0 0 0 0 0 0 0 0 999 0 1000 0 0 -14.4
0 0 0 0 0 0 0 0 0 0 0 1 1 0 0 0 0 0 0 0 0 0 0 0 0 0 998 0 1000 0 0 -15.3
0 0 0 0 0 0 0 0 1 0 0 0 0 0 0 0 0 0 0 0 0 0 0 0 0 0 999 0 1000 0 0 -16.2
0 0 0 0 0 0 0 1 0 0 0 0 0 0 0 0 0 0 0 0 0 0 0 0 0 0 999 0 1000 0 0 -17.1
0 0 0 0 0 0 0 0 0 0 0 0 0 0 0 0 0 0 0 0 0 0 0 0 0 0 1000 0 1000 0 0 -18
0 0 0 0 0 0 0 1 0 0 0 0 0 0 0 0 0 0 0 0 0 0 0 0 0 0 999 0 1000 0 0 -18.9
0 0 0 0 0 0 0 0 1 0 0 0 0 0 0 0 0 0 0 0 0 0 0 0 0 0 999 0 1000 0 0 -19.8
0 0 0 0 0 0 0 0 0 0 0 0 0 0 0 0 0 0 0 0 0 0 0 0 0 0 1000 0 1000 0 0 -20.7
0 0 0 0 0 0 0 0 0 0 0 0 0 0 0 0 0 0 0 0 0 0 0 0 0 0 1000 0 1000 0 0 -21.6
0 0 0 0 0 0 0 0 0 0 0 0 0 0 0 0 0 0 0 0 0 0 0 0 0 0 1000 0 1000 0 0 -22.5
0 0 0 0 0 0 0 0 0 0 0 0 0 0 0 0 0 0 0 0 0 0 0 0 0 0 1000 0 1000 0 0 -23.4
0 0 0 0 0 0 0 0 0 0 0 0 0 0 0 0 0 0 0 0 0 0 0 0 0 0 1000 0 1000 0 0 -24.3
0 0 0 0 0 0 0 0 0 0 0 0 0 0 0 0 0 0 0 0 0 0 0 0 0 0 1000 0 1000 0 0 -25.2
0 0 0 0 0 0 0 0 0 0 0 0 1 0 0 0 0 0 0 0 0 0 0 0 0 0 999 0 1000 0 0 -26.1
0 0 0 0 0 0 0 0 0 0 0 0 0 0 0 0 0 0 0 0 0 0 0 0 0 0 1000 0 1000 0 0 -27
0 0 0 0 0 0 0 0 0 0 0 0 0 0 0 0 0 0 0 0 0 0 0 0 0 0 1000 0 1000 0 0 -27.9
0 0 0 0 0 0 0 0 0 0 0 0 0 0 0 0 0 0 0 0 0 0 0 0 0 0 1000 0 1000 0 0 -28.8
0 0 0 0 0 0 0 0 0 0 0 0 0 0 0 0 0 0 0 0 0 0 0 0 0 0 1000 0 1000 0 0 -29.7
0 0 0 0 0 0 0 0 0 0 0 0 0 0 0 0 0 0 0 0 0 0 0 0 0 0 1000 0 1000 0 0 -30.6
0 0 0 0 0 0 0 0 0 0 0 0 0 0 0 0 0 0 0 0 0 0 0 0 0 0 1000 0 1000 0 0 -31.5
0 0 0 0 0 0 0 0 0 0 0 0 0 0 0 0 0 0 0 0 0 0 0 0 0 0 1000 0 1000 0 0 -32.4
0 0 0 0 0 0 0 0 0 0 0 0 0 0 0 0 0 0 0 0 0 0 0 0 0 0 1000 0 1000 0 0 -33.3
0 0 0 0 0 0 0 0 0 0 0 0 0 0 0 0 0 0 0 0 0 0 0 0 0 0 1000 0 1000 0 0 -34.2
