0 0 0 0 0 0 0 0 0 0 0 0 52 17 0 0 0 0 0 0 0 0 0 0 0 0 931 0 1000 0 0 9.9
0 0 0 0 0 0 0 0 0 0 0 0 769 83 0 0 0 0 0 0 0 0 0 0 0 0 148 0 1000 0 0 9
0 0 0 0 0 0 0 0 0 0 0 0 973 19 0 0 0 0 0 0 0 0 0 0 0 0 8 0 1000 0 0 8.1
0 0 0 0 0 0 0 0 0 0 0 0 950 45 0 0 0 0 0 0 0 0 0 0 0 0 5 0 1000 0 0 7.2
0 0 0 0 0 0 0 0 0 0 0 0 904 88 0 0 0 0 1 0 0 0 0 0 0 0 7 0 1000 0 0 6.3
0 0 0 0 0 0 0 0 0 0 0 0 805 189 0 0 0 0 0 0 0 0 0 0 0 0 6 0 1000 0 0 5.4
0 0 0 0 0 0 0 2 1 0 0 0 747 246 0 0 0 0 0 0 0 0 0 0 0 0 4 0 1000 0 0 4.5
0 0 0 0 0 0 0 2 1 0 0 0 671 323 0 0 0 0 1 0 0 0 0 0 0 0 2 0 1000 0 0 3.6
0 0 0 0 0 0 0 1 0 0 0 0 646 346 0 0 0 2 1 0 0 0 0 0 0 0 4 0 1000 0 0 2.7
0 0 0 0 0 0 0 3 3 0 0 0 627 363 0 0 0 3 1 0 0 0 0 0 0 0 0 0 1000 0 0 1.8
0 0 0 0 0 0 0 2 1 0 0 0 629 354 0 0 0 3 0 0 0 0 0 0 0 0 11 0 1000 0 0 0.9
0 0 0 0 0 0 0 2 6 0 0 0 513 323 0 0 0 3 1 0 0 0 0 0 0 0 152 0 1000 0 0 0
0 0 0 0 0 0 0 1 3 0 0 0 403 223 0 0 0 5 1 0 0 0 0 0 0 0 364 0 1000 0 0 -0.9
0 0 0 0 0 0 0 5 3 0 0 0 243 162 0 0 0 2 0 0 0 0 0 0 0 0 585 0 1000 0 0 -1.8
0 0 0 0 0 0 0 1 2 0 0 0 173 125 0 0 0 2 1 0 0 0 0 0 0 0 696 0 1000 0 0 -2.7
0 0 0 0 0 0 0 4 3 0 0 0 106 79 0 0 0 1 4 0 0 0 0 0 0 0 803 0 1000 0 0 -3.6
0 0 0 0 0 0 0 1 1 0 0 0 83 59 0 0 0 3 2 0 0 0 0 0 0 0 851 0 1000 0 0 -4.5
0 0 0 0 0 0 0 0 0 0 0 0 62 38 0 0 0 2 0 0 0 0 0 0 0 0 898 0 1000 0 0 -5.4
0 0 0 0 0 0 0 3 0 0 0 0 44 35 0 0 0 0 0 0 0 0 0 0 0 0 918 0 1000 0 0 -6.3
0 0 0 0 0 0 0 1 1 0 0 1 28 26 0 0 0 0 1 0 0 0 0 0 0 0 942 0 1000 0 0 -7.2
0 0 0 0 0 0 0 3 0 0 0 0 18 11 0 0 0 0 1 0 0 0 0 0 0 0 967 0 1000 0 0 -8.1
0 0 0 0 0 0 0 0 1 0 0 0 12 11 0 0 0 0 2 0 0 0 0 0 0 0 974 0 1000 0 0 -9
0 0 0 0 0 0 0 0 0 0 0 0 14 11 0 0 0 1 0 0 0 0 0 0 0 0 974 0 1000 0 0 -9.9
0 0 0 0 0 0 0 0 0 0 0 0 9 4 0 0 0 0 1 0 0 0 0 0 0 0 986 0 1000 0 0 -10.8
0 0 0 0 0 0 0 0 0 0 0 0 5 5 0 0 0 2 0 0 0 0 0 0 0 0 988 0 1000 0 0 -11.7
0 0 0 0 0 0 0 0 1 0 0 0 2 4 0 0 0 0 0 0 0 0 0 0 0 0 993 0 1000 0 0 -12.6
0 0 0 0 0 0 0 0 0 0 0 0 2 0 0 0 0 1 0 0 0 0 0 0 0 0 997 0 1000 0 0 -13.5
0 0 0 0 0 0 0 1 0 0 0 0 2 4 0 0 0 0 0 0 0 0 0 0 0 0 993 0 1000 0 0 -14.4
0 0 0 0 0 0 0 0 0 0 0 0 0 0 0 0 0 0 0 0 0 0 0 0 0 0 1000 0 1000 0 0 -15.3
0 0 0 0 0 0 0 1 0 0 0 0 1 1 0 0 0 0 0 0 0 0 0 0 0 0 997 0 1000 0 0 -16.2
0 0 0 0 0 0 0 0 0 0 0 0 1 0 0 0 0 0 1 0 0 0 0 0 0 0 998 0 1000 0 0 -17.1
0 0 0 0 0 0 0 0 0 0 0 0 1 0 0 0 0 0 0 0 0 0 0 0 0 0 999 0 1000 0 0 -18
0 0 0 0 0 0 0 0 0 0 0 0 1 1 0 0 0 0 0 0 0 0 0 0 0 0 998 0 1000 0 0 -18.9
0 0 0 0 0 0 0 0 0 0 0 0 0 0 0 0 0 0 0 0 0 0 0 0 0 0 1000 0 1000 0 0 -19.8
0 0 0 0 0 0 0 0 0 0 0 0 0 0 0 0 0 0 0 0 0 0 0 0 0 0 1000 0 1000 0 0 -20.7
0 0 0 0 0 0 0 0 0 0 0 0 0 1 0 0 0 0 0 0 0 0 0 0 0 0 999 0 1000 0 0 -21.6
0 0 0 0 0 0 0 0 0 0 0 0 0 0 0 0 0 0 0 0 0 0 0 0 0 0 1000 0 1000 0 0 -22.5
0 0 0 0 0 0 0 0 0 0 0 0 0 0 0 0 0 0 0 0 0 0 0 0 0 0 1000 0 1000 0 0 -23.4
0 0 0 0 0 0 0 0 0 0 0 0 0 0 0 0 0 0 0 0 0 0 0 0 0 0 1000 0 1000 0 0 -24.3
0 0 0 0 0 0 0 0 0 0 0 0 0 0 0 0 0 0 0 0 0 0 0 0 0 0 1000 0 1000 0 0 -25.2
0 0 0 0 0 0 0 0 0 0 0 0 0 0 0 0 0 0 0 0 0 0 0 0 0 0 1000 0 1000 0 0 -26.1
0 0 0 0 0 0 0 0 0 0 0 0 0 0 0 0 0 0 0 0 0 0 0 0 0 0 1000 0 1000 0 0 -27
0 0 0 0 0 0 0 0 0 0 0 0 0 0 0 0 0 0 0 0 0 0 0 0 0 0 1000 0 1000 0 0 -27.9
0 0 0 0 0 0 0 0 0 0 0 0 0 0 0 0 0 0 0 0 0 0 0 0 0 0 1000 0 1000 0 0 -28.8
0 0 0 0 0 0 0 0 0 0 0 0 0 0 0 0 0 0 0 0 0 0 0 0 0 0 1000 0 1000 0 0 -29.7
0 0 0 0 0 0 0 0 0 0 0 0 0 0 0 0 0 0 0 0 0 0 0 0 0 0 1000 0 1000 0 0 -30.6
0 0 0 0 0 0 0 0 0 0 0 0 0 0 0 0 0 0 0 0 0 0 0 0 0 0 1000 0 1000 0 0 -31.5
0 0 0 0 0 0 0 0 0 0 0 0 0 0 0 0 0 0 0 0 0 0 0 0 0 0 1000 0 1000 0 0 -32.4
0 0 0 0 0 0 0 0 0 0 0 0 0 0 0 0 0 0 0 0 0 0 0 0 0 0 1000 0 1000 0 0 -33.3
0 0 0 0 0 0 0 0 0 0 0 0 0 0 0 0 0 0 0 0 0 0 0 0 0 0 1000 0 1000 0 0 -34.2
