0 0 0 0 0 0 0 0 0 0 0 0 56 5 0 0 0 0 0 0 0 0 0 0 0 0 939 0 1000 0 0 9.9
0 0 0 0 0 0 0 0 0 0 0 0 804 22 0 0 0 0 0 0 0 0 0 0 0 0 174 0 1000 0 0 9
0 0 0 0 0 0 0 0 0 0 0 0 992 1 0 0 0 0 0 0 0 0 0 0 0 0 7 0 1000 0 0 8.1
0 0 0 0 0 0 0 0 0 0 0 0 989 7 0 0 0 0 0 0 0 0 0 0 0 0 4 0 1000 0 0 7.2
0 0 0 0 0 0 0 0 0 0 0 0 958 39 0 0 0 0 0 0 0 0 0 0 0 0 3 0 1000 0 0 6.3
0 0 0 0 0 0 0 0 0 0 0 0 897 100 0 0 0 0 0 0 0 0 0 0 0 0 3 0 1000 0 0 5.4
0 0 0 0 0 0 0 1 0 0 0 0 825 168 0 0 0 1 2 0 0 0 0 0 0 0 3 0 1000 0 0 4.5
0 0 0 0 0 0 0 0 0 0 0 0 761 235 0 0 0 2 1 0 0 0 0 0 0 0 1 0 1000 0 0 3.6
0 0 0 0 0 0 0 1 2 0 0 0 735 259 0 0 0 0 2 0 0 0 0 0 0 0 1 0 1000 0 0 2.7
0 0 0 0 0 0 0 0 0 0 0 0 704 288 0 0 0 3 0 0 0 0 0 0 0 0 5 0 1000 0 0 1.8
0 0 0 0 0 0 0 1 0 0 0 0 697 287 0 0 0 3 1 0 0 0 0 0 0 0 11 0 1000 0 0 0.9
0 0 0 0 0 0 0 0 3 0 0 0 564 264 0 0 0 1 1 0 0 0 0 0 0 0 167 0 1000 0 0 0
0 0 0 0 0 0 0 1 1 0 0 0 420 173 0 0 0 3 0 0 0 0 0 0 0 0 402 0 1000 0 0 -0.9
0 0 0 0 0 0 0 3 0 0 0 0 292 146 0 0 0 6 2 0 0 0 0 0 0 0 551 0 1000 0 0 -1.8
0 0 0 0 0 0 0 6 1 0 0 0 174 122 0 0 0 2 2 0 0 0 0 0 0 0 693 0 1000 0 0 -2.7
0 0 0 0 0 0 0 1 5 0 0 0 136 90 0 0 0 3 3 0 0 0 0 0 0 0 762 0 1000 0 0 -3.6
0 0 0 0 0 0 0 3 6 0 0 0 92 54 0 0 0 0 1 0 0 0 0 0 0 0 844 0 1000 0 0 -4.5
0 0 0 0 0 0 0 2 0 0 0 0 70 23 0 0 0 2 1 0 0 0 0 0 0 0 902 0 1000 0 0 -5.4
0 0 0 0 0 0 0 1 0 0 0 0 32 21 0 0 0 3 1 0 0 0 0 0 0 0 942 0 1000 0 0 -6.3
0 0 0 0 0 0 0 1 1 0 0 0 33 19 0 0 0 0 1 0 0 0 0 0 0 0 945 0 1000 0 0 -7.2
0 0 0 0 0 0 0 1 2 0 0 0 31 15 1 0 0 0 0 0 0 0 0 0 0 0 950 0 1000 0 0 -8.1
0 0 0 0 0 0 0 0 1 0 0 0 11 7 0 0 0 1 1 0 0 0 0 0 0 0 979 0 1000 0 0 -9
0 0 0 0 0 0 0 0 0 0 0 1 5 7 0 0 0 0 1 0 0 0 0 0 0 0 986 0 1000 0 0 -9.9
0 0 0 0 0 0 0 0 1 0 0 0 12 1 0 0 0 2 0 0 0 0 0 0 0 0 984 0 1000 0 0 -10.8
0 0 0 0 0 0 0 0 0 0 0 1 2 3 0 0 0 2 0 0 0 0 0 0 0 0 992 0 1000 0 0 -11.7
0 0 0 0 0 0 0 1 1 0 0 0 1 5 0 0 0 0 0 0 0 0 0 0 0 0 992 0 1000 0 0 -12.6
0 0 0 0 0 0 0 0 0 0 0 0 0 2 0 0 0 1 0 0 0 0 0 0 0 0 997 0 1000 0 0 -13.5
0 0 0 0 0 0 0 0 0 0 0 0 1 1 0 0 0 0 0 0 0 0 0 0 0 0 998 0 1000 0 0 -14.4
0 0 0 0 0 0 0 0 0 0 0 0 1 1 0 0 0 0 0 0 0 0 0 0 0 0 998 0 1000 0 0 -15.3
0 0 0 0 0 0 0 0 0 0 0 0 0 1 0 0 0 0 0 0 0 0 0 0 0 0 999 0 1000 0 0 -16.2
0 0 0 0 0 0 0 0 0 0 0 0 1 1 0 0 0 0 0 0 0 0 0 0 0 0 998 0 1000 0 0 -17.1
0 0 0 0 0 0 0 0 0 0 0 0 0 0 0 0 0 0 0 0 0 0 0 0 0 0 1000 0 1000 0 0 -18
0 0 0 0 0 0 0 0 0 0 0 0 0 1 0 0 0 0 0 0 0 0 0 0 0 0 999 0 1000 0 0 -18.9
0 0 0 0 0 0 0 0 0 0 0 0 1 1 0 0 0 0 0 0 0 0 0 0 0 0 998 0 1000 0 0 -19.8
0 0 0 0 0 0 0 0 0 0 0 0 0 0 0 0 0 0 0 0 0 0 0 0 0 0 1000 0 1000 0 0 -20.7
0 0 0 0 0 0 0 0 0 0 0 0 0 1 0 0 0 0 0 0 0 0 0 0 0 0 999 0 1000 0 0 -21.6
0 0 0 0 0 0 0 0 0 0 0 0 0 0 0 0 0 0 0 0 0 0 0 0 0 0 1000 0 1000 0 0 -22.5
0 0 0 0 0 0 0 0 0 0 0 0 0 0 0 0 0 0 0 0 0 0 0 0 0 0 1000 0 1000 0 0 -23.4
0 0 0 0 0 0 0 0 0 0 0 0 0 0 0 0 0 0 0 0 0 0 0 0 0 0 1000 0 1000 0 0 -24.3
0 0 0 0 0 0 0 0 0 0 0 0 0 0 0 0 0 0 0 0 0 0 0 0 0 0 1000 0 1000 0 0 -25.2
0 0 0 0 0 0 0 0 0 0 0 0 0 0 0 0 0 0 0 0 0 0 0 0 0 0 1000 0 1000 0 0 -26.1
0 0 0 0 0 0 0 0 0 0 0 0 0 0 0 0 0 0 0 0 0 0 0 0 0 0 1000 0 1000 0 0 -27
0 0 0 0 0 0 0 0 0 0 0 0 0 0 0 0 0 0 0 0 0 0 0 0 0 0 1000 0 1000 0 0 -27.9
0 0 0 0 0 0 0 0 0 0 0 0 0 0 0 0 0 0 0 0 0 0 0 0 0 0 1000 0 1000 0 0 -28.8
0 0 0 0 0 0 0 0 0 0 0 0 0 0 0 0 0 0 0 0 0 0 0 0 0 0 1000 0 1000 0 0 -29.7
0 0 0 0 0 0 0 0 0 0 0 0 0 0 0 0 0 0 0 0 0 0 0 0 0 0 1000 0 1000 0 0 -30.6
0 0 0 0 0 0 0 0 0 0 0 0 0 0 0 0 0 0 0 0 0 0 0 0 0 0 1000 0 1000 0 0 -31.5
0 0 0 0 0 0 0 0 0 0 0 0 0 0 0 0 0 0 0 0 0 0 0 0 0 0 1000 0 1000 0 0 -32.4
0 0 0 0 0 0 0 0 0 0 0 0 0 0 0 0 0 0 0 0 0 0 0 0 0 0 1000 0 1000 0 0 -33.3
0 0 0 0 0 0 0 0 0 0 0 0 0 0 0 0 0 0 0 0 0 0 0 0 0 0 1000 0 1000 0 0 -34.2
