0 0 0 0 0 0 0 5 0 0 0 0 60 0 0 0 0 0 0 0 0 0 0 0 0 0 935 0 1000 0 0 9.9
0 0 0 0 0 0 0 24 0 0 0 0 847 0 0 0 0 0 0 0 0 0 0 0 0 0 129 0 1000 0 0 9
0 0 0 0 0 0 0 0 0 0 0 0 995 0 0 0 0 0 0 0 0 0 0 0 0 0 5 0 1000 0 0 8.1
0 0 0 0 0 0 0 5 0 0 0 0 990 0 0 0 0 0 0 0 0 0 0 0 0 0 5 0 1000 0 0 7.2
0 0 0 0 0 0 0 43 0 0 0 0 956 0 0 0 0 0 0 0 0 0 0 0 0 0 1 0 1000 0 0 6.3
0 0 0 0 0 0 0 109 1 0 0 0 883 3 0 0 0 0 0 0 0 0 0 0 0 0 4 0 1000 0 0 5.4
0 0 0 0 0 0 0 181 4 0 0 0 806 6 0 0 0 0 0 0 0 0 0 0 0 0 3 0 1000 0 0 4.5
0 0 0 0 0 0 0 205 6 0 0 0 778 8 0 0 0 0 0 0 0 0 0 0 0 0 3 0 1000 0 0 3.6
0 0 0 0 0 0 0 247 3 0 0 1 735 10 0 0 0 0 0 0 0 0 0 0 0 0 4 0 1000 0 0 2.7
0 0 0 0 0 0 0 271 8 0 0 0 706 12 0 0 0 0 0 0 0 0 0 0 0 0 3 0 1000 0 0 1.8
0 0 1 0 0 0 0 255 11 0 0 0 711 11 0 0 0 0 0 0 0 0 0 0 0 0 11 0 1000 0 0 0.9
0 0 0 0 0 0 1 248 9 0 0 0 565 14 0 0 0 0 0 0 0 0 0 0 0 0 163 0 1000 0 0 0
0 0 0 0 0 0 0 196 15 0 0 1 386 12 0 0 0 1 0 0 0 0 0 0 0 0 389 0 1000 0 0 -0.9
0 0 0 0 0 0 0 140 12 0 0 1 288 13 0 0 0 0 0 0 0 0 0 0 0 0 546 0 1000 0 0 -1.8
0 0 0 0 0 0 0 117 8 0 0 3 177 7 0 0 0 0 0 0 0 0 0 0 0 0 688 0 1000 0 0 -2.7
0 0 0 0 0 0 0 76 6 0 0 0 142 6 0 0 0 0 0 0 0 0 0 0 0 0 770 0 1000 0 0 -3.6
0 0 0 0 0 0 0 58 6 0 0 0 98 10 0 0 0 0 0 0 0 0 0 0 0 0 828 0 1000 0 0 -4.5
0 0 0 0 0 0 0 37 3 0 0 0 61 5 0 0 0 0 0 0 0 0 0 0 0 0 894 0 1000 0 0 -5.4
0 0 0 0 0 0 0 23 5 0 0 0 49 5 0 0 0 0 0 0 0 0 0 0 0 0 918 0 1000 0 0 -6.3
0 0 0 0 0 0 0 21 1 0 0 0 37 4 0 0 0 0 0 0 0 0 0 0 0 0 937 0 1000 0 0 -7.2
0 0 0 0 0 0 0 12 1 0 0 1 23 4 0 0 0 0 0 0 0 0 0 0 0 0 959 0 1000 0 0 -8.1
0 0 0 0 0 0 0 8 2 0 0 1 9 4 0 0 0 0 0 0 0 0 0 0 0 0 976 0 1000 0 0 -9
0 0 0 0 0 0 1 9 0 0 0 1 6 3 0 0 0 0 0 0 0 0 0 0 0 0 980 0 1000 0 0 -9.9
0 0 0 0 0 0 0 4 1 0 0 0 6 0 0 0 0 0 0 0 0 0 0 0 0 0 989 0 1000 0 0 -10.8
0 0 0 0 0 0 0 4 0 0 0 0 2 1 0 0 0 0 0 0 0 0 0 0 0 0 993 0 1000 0 0 -11.7
0 0 0 0 0 0 0 4 1 0 0 0 4 0 0 0 0 0 0 0 0 0 0 0 0 0 991 0 1000 0 0 -12.6
0 0 0 0 0 0 1 0 0 0 0 0 2 0 0 0 0 0 0 0 0 0 0 0 0 0 997 0 1000 0 0 -13.5
0 0 0 0 0 0 0 0 0 0 0 0 2 0 0 0 0 0 0 0 0 0 0 0 0 0 998 0 1000 0 0 -14.4
0 0 0 0 0 0 1 1 0 0 0 0 1 0 0 0 0 0 0 0 0 0 0 0 0 0 997 0 1000 0 0 -15.3
0 0 0 0 0 0 0 0 1 0 0 1 0 0 0 0 0 0 0 0 0 0 0 0 0 0 998 0 1000 0 0 -16.2
0 0 0 0 0 0 0 0 0 0 0 0 1 1 0 0 0 0 0 0 0 0 0 0 0 0 998 0 1000 0 0 -17.1
0 0 0 0 0 0 0 2 0 0 0 0 1 0 0 0 0 0 0 0 0 0 0 0 0 0 997 0 1000 0 0 -18
0 0 0 0 0 0 0 0 0 0 0 0 0 0 0 0 0 0 0 0 0 0 0 0 0 0 1000 0 1000 0 0 -18.9
0 0 0 0 0 0 0 0 0 0 0 0 0 0 0 0 0 0 0 0 0 0 0 0 0 0 1000 0 1000 0 0 -19.8
0 0 0 0 0 0 0 0 1 0 0 0 0 0 0 0 0 0 0 0 0 0 0 0 0 0 999 0 1000 0 0 -20.7
0 0 0 0 0 0 0 0 0 0 0 0 0 0 0 0 0 0 0 0 0 0 0 0 0 0 1000 0 1000 0 0 -21.6
0 0 0 0 0 0 0 0 0 0 0 0 1 0 0 0 0 0 0 0 0 0 0 0 0 0 999 0 1000 0 0 -22.5
0 0 0 0 0 0 0 0 0 0 0 0 0 0 0 0 0 0 0 0 0 0 0 0 0 0 1000 0 1000 0 0 -23.4
0 0 0 0 0 0 0 0 0 0 0 0 0 0 0 0 0 0 0 0 0 0 0 0 0 0 1000 0 1000 0 0 -24.3
0 0 0 0 0 0 0 0 0 0 0 0 0 0 0 0 0 0 0 0 0 0 0 0 0 0 1000 0 1000 0 0 -25.2
0 0 0 0 0 0 0 0 0 0 0 0 0 0 0 0 0 0 0 0 0 0 0 0 0 0 1000 0 1000 0 0 -26.1
0 0 0 0 0 0 0 0 0 0 0 0 0 0 0 0 0 0 0 0 0 0 0 0 0 0 1000 0 1000 0 0 -27
0 0 0 0 0 0 0 0 0 0 0 0 0 0 0 0 0 0 0 0 0 0 0 0 0 0 1000 0 1000 0 0 -27.9
0 0 0 0 0 0 0 0 0 0 0 0 0 1 0 0 0 0 0 0 0 0 0 0 0 0 999 0 1000 0 0 -28.8
0 0 0 0 0 0 0 0 0 0 0 0 0 0 0 0 0 0 0 0 0 0 0 0 0 0 1000 0 1000 0 0 -29.7
0 0 0 0 0 0 0 0 0 0 0 0 0 0 0 0 0 0 0 0 0 0 0 0 0 0 1000 0 1000 0 0 -30.6
0 0 0 0 0 0 0 0 0 0 0 0 0 0 0 0 0 0 0 0 0 0 0 0 0 0 1000 0 1000 0 0 -31.5
0 0 0 0 0 0 0 0 0 0 0 0 0 0 0 0 0 0 0 0 0 0 0 0 0 0 1000 0 1000 0 0 -32.4
0 0 0 0 0 0 0 0 0 0 0 0 0 0 0 0 0 0 0 0 0 0 0 0 0 0 1000 0 1000 0 0 -33.3
0 0 0 0 0 0 0 0 0 0 0 0 0 0 0 0 0 0 0 0 0 0 0 0 0 0 1000 0 1000 0 0 -34.2
