0 0 0 0 0 0 0 35 2 0 0 0 29 2 0 0 0 0 0 0 0 0 0 0 0 0 932 0 1000 0 0 9.9
0 0 0 0 0 0 1 398 17 0 0 0 396 22 0 0 0 0 0 0 0 0 0 0 0 0 166 0 1000 0 0 9
0 0 0 0 0 0 0 465 22 0 0 0 473 29 0 0 0 0 0 0 0 0 0 0 0 0 11 0 1000 0 0 8.1
0 0 0 0 0 0 0 454 26 0 0 0 476 34 0 0 0 0 0 0 0 0 0 0 0 0 10 0 1000 0 0 7.2
0 0 0 0 0 0 0 437 44 0 0 0 467 46 0 0 0 0 0 0 0 0 0 0 0 0 6 0 1000 0 0 6.3
0 0 0 0 0 0 0 432 68 0 0 0 434 61 0 0 0 0 0 0 0 0 0 0 0 0 5 0 1000 0 0 5.4
0 0 0 0 0 0 0 438 90 0 0 0 394 71 0 0 0 0 0 0 0 0 0 0 0 0 7 0 1000 0 0 4.5
0 0 0 0 0 0 0 400 104 0 0 0 418 75 0 0 0 0 0 0 0 0 0 0 0 0 3 0 1000 0 0 3.6
0 0 0 0 0 0 0 377 112 0 0 0 400 109 0 0 0 0 0 0 0 0 0 0 0 0 2 0 1000 0 0 2.7
0 0 0 0 0 0 0 407 108 0 0 0 380 100 0 0 0 0 0 0 0 0 0 0 0 0 5 0 1000 0 0 1.8
0 0 0 0 0 0 0 381 99 0 0 0 391 112 0 0 0 0 0 0 0 0 0 0 0 0 17 0 1000 0 0 0.9
0 0 0 0 0 0 0 317 113 0 0 1 306 99 0 0 0 0 0 0 0 0 0 0 0 0 164 0 1000 0 0 0
0 0 0 0 0 0 0 232 76 0 0 0 227 75 0 0 0 0 0 0 0 0 0 0 0 0 390 0 1000 0 0 -0.9
0 0 0 0 0 0 0 158 60 0 0 0 173 39 0 0 0 0 0 0 0 0 0 0 0 0 570 0 1000 0 0 -1.8
0 0 0 0 0 0 0 112 48 0 0 0 113 34 0 0 0 0 0 0 0 0 0 0 0 0 693 0 1000 0 0 -2.7
0 0 0 0 0 0 0 80 41 0 0 1 73 37 0 0 0 0 0 0 0 0 0 0 0 0 768 0 1000 0 0 -3.6
0 0 0 0 0 0 0 66 25 0 0 0 58 27 0 0 0 0 0 0 0 0 0 0 0 0 824 0 1000 0 0 -4.5
0 0 0 0 0 0 0 37 11 0 0 0 49 17 0 0 0 0 0 0 0 0 0 0 0 0 886 0 1000 0 0 -5.4
0 0 0 0 0 0 0 30 17 0 0 0 30 7 0 0 0 0 0 0 0 0 0 0 0 0 916 0 1000 0 0 -6.3
0 0 0 0 0 0 0 14 8 0 0 0 24 5 0 0 0 0 0 0 0 0 0 0 0 0 949 0 1000 0 0 -7.2
0 0 0 0 0 0 0 13 6 0 0 0 15 7 0 0 0 0 0 0 0 0 0 0 0 0 959 0 1000 0 0 -8.1
0 0 0 0 0 0 0 9 5 0 0 0 11 4 0 0 0 0 0 0 0 0 0 0 0 0 971 0 1000 0 0 -9
0 0 0 0 0 0 1 7 4 0 0 0 3 4 0 0 0 0 0 0 0 0 0 0 0 0 981 0 1000 0 0 -9.9
0 0 0 0 0 0 0 5 4 0 0 0 5 3 0 0 0 0 0 0 0 0 0 0 0 0 983 0 1000 0 0 -10.8
0 0 0 0 0 0 0 2 1 0 0 0 1 1 0 0 0 0 0 0 0 0 0 0 0 0 995 0 1000 0 0 -11.7
0 0 0 0 0 0 0 2 2 0 0 0 0 2 0 0 0 0 0 0 0 0 0 0 0 0 994 0 1000 0 0 -12.6
0 0 0 0 0 0 0 2 0 0 0 0 0 0 0 0 0 0 0 0 0 0 0 0 0 0 998 0 1000 0 0 -13.5
0 0 0 0 0 0 0 0 0 0 0 0 2 0 0 0 0 0 0 0 0 0 0 0 0 0 998 0 1000 0 0 -14.4
0 0 0 0 0 0 0 3 1 0 0 0 0 1 0 0 0 0 0 0 0 0 0 0 0 0 995 0 1000 0 0 -15.3
0 0 0 0 0 0 0 0 0 0 0 0 1 1 0 0 0 0 0 0 0 0 0 0 0 0 998 0 1000 0 0 -16.2
0 0 0 0 0 0 0 0 0 0 0 0 1 0 0 0 0 0 0 0 0 0 0 0 0 0 999 0 1000 0 0 -17.1
0 0 0 0 0 0 0 0 1 0 0 0 0 0 0 0 0 0 0 0 0 0 0 0 0 0 999 0 1000 0 0 -18
0 0 0 0 0 0 0 1 0 0 0 0 1 0 0 0 0 0 0 0 0 0 0 0 0 0 998 0 1000 0 0 -18.9
0 0 0 0 0 0 0 0 0 0 0 0 0 0 0 0 0 0 0 0 0 0 0 0 0 0 1000 0 1000 0 0 -19.8
0 0 0 0 0 0 0 0 0 0 0 0 0 0 0 0 0 0 0 0 0 0 0 0 0 0 1000 0 1000 0 0 -20.7
0 0 0 0 0 0 0 0 0 0 0 0 0 0 0 0 0 0 0 0 0 0 0 0 0 0 1000 0 1000 0 0 -21.6
0 0 0 0 0 0 0 0 0 0 0 0 0 0 0 0 0 0 0 0 0 0 0 0 0 0 1000 0 1000 0 0 -22.5
0 0 0 0 0 0 0 0 0 0 0 0 0 0 0 0 0 0 0 0 0 0 0 0 0 0 1000 0 1000 0 0 -23.4
0 0 0 0 0 0 0 0 0 0 0 0 0 0 0 0 0 0 0 0 0 0 0 0 0 0 1000 0 1000 0 0 -24.3
0 0 0 0 0 0 0 0 0 0 0 0 0 0 0 0 0 0 0 0 0 0 0 0 0 0 1000 0 1000 0 0 -25.2
0 0 0 0 0 0 0 0 0 0 0 0 0 0 0 0 0 0 0 0 0 0 0 0 0 0 1000 0 1000 0 0 -26.1
0 0 0 0 0 0 0 0 0 0 0 0 0 0 0 0 0 0 0 0 0 0 0 0 0 0 1000 0 1000 0 0 -27
0 0 0 0 0 0 0 0 0 0 0 0 0 0 0 0 0 0 0 0 0 0 0 0 0 0 1000 0 1000 0 0 -27.9
0 0 0 0 0 0 0 0 0 0 0 0 0 0 0 0 0 0 0 0 0 0 0 0 0 0 1000 0 1000 0 0 -28.8
0 0 0 0 0 0 0 0 0 0 0 0 0 0 0 0 0 0 0 0 0 0 0 0 0 0 1000 0 1000 0 0 -29.7
0 0 0 0 0 0 0 0 0 0 0 0 0 0 0 0 0 0 0 0 0 0 0 0 0 0 1000 0 1000 0 0 -30.6
0 0 0 0 0 0 0 0 0 0 0 0 0 0 0 0 0 0 0 0 0 0 0 0 0 0 1000 0 1000 0 0 -31.5
0 0 0 0 0 0 0 0 0 0 0 0 0 0 0 0 0 0 0 0 0 0 0 0 0 0 1000 0 1000 0 0 -32.4
0 0 0 0 0 0 0 0 0 0 0 0 0 0 0 0 0 0 0 0 0 0 0 0 0 0 1000 0 1000 0 0 -33.3
0 0 0 0 0 0 0 0 0 0 0 0 0 0 0 0 0 0 0 0 0 0 0 0 0 0 1000 0 1000 0 0 -34.2
