0 0 0 0 0 0 0 0 0 0 0 0 64 1 0 0 0 0 0 0 0 0 0 0 0 0 935 0 1000 0 0 9.9
0 0 0 0 0 0 0 0 0 0 0 0 890 3 0 0 0 0 0 0 0 0 0 0 0 0 107 0 1000 0 0 9
0 0 0 0 0 0 0 0 0 0 0 0 994 0 0 0 0 0 0 0 0 0 0 0 0 0 6 0 1000 0 0 8.1
0 0 0 0 0 0 0 0 0 0 0 0 996 0 0 0 0 0 0 0 0 0 0 0 0 0 4 0 1000 0 0 7.2
0 0 0 0 0 0 0 0 0 0 0 0 984 9 0 0 0 0 0 0 0 0 0 0 0 0 7 0 1000 0 0 6.3
0 0 0 0 0 0 0 0 0 0 0 0 958 39 0 0 0 0 0 0 0 0 0 0 0 0 3 0 1000 0 0 5.4
0 0 0 0 0 0 0 2 3 0 0 0 890 103 0 0 0 0 0 0 0 0 0 0 0 0 2 0 1000 0 0 4.5
0 0 0 0 0 0 0 2 3 0 0 0 811 179 0 0 0 0 0 0 0 0 0 0 0 0 5 0 1000 0 0 3.6
0 0 0 0 0 0 0 2 2 0 0 0 804 189 0 0 0 0 1 0 0 0 0 0 0 0 2 0 1000 0 0 2.7
0 0 0 0 0 0 0 2 3 0 0 0 800 193 0 0 0 1 0 0 0 0 0 0 0 0 1 0 1000 0 0 1.8
0 0 0 0 0 0 0 7 3 0 0 0 765 207 0 0 0 1 0 0 0 0 0 0 0 0 17 0 1000 0 0 0.9
0 0 0 0 0 0 0 8 10 0 0 0 621 203 0 0 0 2 3 0 0 0 0 0 0 0 153 0 1000 0 0 0
0 0 0 0 0 0 0 7 9 0 0 0 447 165 0 0 0 0 1 0 0 0 0 0 0 0 371 0 1000 0 0 -0.9
0 0 0 0 0 0 0 11 3 0 0 0 315 131 0 0 0 1 2 0 0 0 0 0 0 0 537 0 1000 0 0 -1.8
0 0 0 0 0 0 0 8 4 0 0 0 183 97 0 0 0 1 1 0 0 0 0 0 0 0 706 0 1000 0 0 -2.7
0 0 0 0 0 0 0 6 3 1 0 0 163 71 0 0 0 3 0 0 0 0 0 0 0 0 753 0 1000 0 0 -3.6
0 0 0 0 0 0 0 7 6 0 0 0 86 40 0 0 0 1 0 0 0 0 0 0 0 0 860 0 1000 0 0 -4.5
0 0 0 0 0 0 0 2 5 0 0 0 67 31 0 0 0 0 0 0 0 0 0 0 0 0 895 0 1000 0 0 -5.4
0 0 0 0 0 0 0 3 3 0 0 0 56 27 0 0 0 0 0 0 0 0 0 0 0 0 911 0 1000 0 0 -6.3
0 0 0 0 0 0 0 4 1 0 0 0 27 11 0 0 0 1 0 0 0 0 0 0 0 0 956 0 1000 0 0 -7.2
0 0 0 0 0 0 0 1 1 0 0 0 21 22 0 0 0 0 0 0 0 0 0 0 0 0 955 0 1000 0 0 -8.1
0 0 0 0 0 0 0 1 0 0 0 0 17 4 0 0 0 0 0 0 0 0 0 0 0 0 978 0 1000 0 0 -9
0 0 0 0 0 0 0 0 1 0 0 0 13 3 0 0 0 0 1 0 0 0 0 0 0 0 982 0 1000 0 0 -9.9
0 0 0 0 0 0 0 1 0 0 0 0 7 3 0 0 0 2 0 0 0 0 0 0 0 0 987 0 1000 0 0 -10.8
0 0 0 0 0 0 0 0 0 0 0 0 6 4 0 0 0 0 0 0 0 0 0 0 0 0 990 0 1000 0 0 -11.7
0 0 0 0 0 0 0 2 0 0 0 0 1 2 0 0 0 0 0 0 0 0 0 0 0 0 995 0 1000 0 0 -12.6
0 0 0 0 0 0 0 0 0 0 0 0 3 1 0 0 0 1 0 0 0 0 0 0 0 0 995 0 1000 0 0 -13.5
0 0 0 0 0 0 0 0 0 0 0 0 5 1 0 0 0 0 0 0 0 0 0 0 0 0 994 0 1000 0 0 -14.4
0 0 0 0 0 0 0 0 0 0 0 0 0 1 0 0 0 0 0 0 0 0 0 0 0 0 999 0 1000 0 0 -15.3
0 0 0 0 0 0 0 1 0 0 0 0 1 0 0 0 0 0 0 0 0 0 0 0 0 0 998 0 1000 0 0 -16.2
0 0 0 0 0 0 0 0 0 0 0 0 0 1 0 0 0 0 0 0 0 0 0 0 0 0 999 0 1000 0 0 -17.1
0 0 0 0 0 0 0 0 1 0 0 0 0 1 0 0 0 0 0 0 0 0 0 0 0 0 998 0 1000 0 0 -18
0 0 0 0 0 0 0 0 0 0 0 0 0 0 0 0 0 0 0 0 0 0 0 0 0 0 1000 0 1000 0 0 -18.9
0 0 0 0 0 0 0 0 0 0 0 0 0 0 0 0 0 0 0 0 0 0 0 0 0 0 1000 0 1000 0 0 -19.8
0 0 0 0 0 0 0 0 0 0 0 0 0 0 0 0 0 0 0 0 0 0 0 0 0 0 1000 0 1000 0 0 -20.7
0 0 0 0 0 0 0 0 0 0 0 0 0 0 0 0 0 0 0 0 0 0 0 0 0 0 1000 0 1000 0 0 -21.6
0 0 0 0 0 0 0 0 0 0 0 0 0 0 0 0 0 0 0 0 0 0 0 0 0 0 1000 0 1000 0 0 -22.5
0 0 0 0 0 0 0 0 0 0 0 0 0 0 0 0 0 0 0 0 0 0 0 0 0 0 1000 0 1000 0 0 -23.4
0 0 0 0 0 0 0 0 0 0 0 0 0 0 0 0 0 0 0 0 0 0 0 0 0 0 1000 0 1000 0 0 -24.3
0 0 0 0 0 0 0 0 0 0 0 0 0 0 0 0 0 0 0 0 0 0 0 0 0 0 1000 0 1000 0 0 -25.2
0 0 0 0 0 0 0 0 0 0 0 0 0 0 0 0 0 0 0 0 0 0 0 0 0 0 1000 0 1000 0 0 -26.1
0 0 0 0 0 0 0 0 0 0 0 0 0 0 0 0 0 0 0 0 0 0 0 0 0 0 1000 0 1000 0 0 -27
0 0 0 0 0 0 0 0 0 0 0 0 0 0 0 0 0 0 0 0 0 0 0 0 0 0 1000 0 1000 0 0 -27.9
0 0 0 0 0 0 0 0 0 0 0 0 0 0 0 0 0 0 0 0 0 0 0 0 0 0 1000 0 1000 0 0 -28.8
0 0 0 0 0 0 0 0 0 0 0 0 0 0 0 0 0 0 0 0 0 0 0 0 0 0 1000 0 1000 0 0 -29.7
0 0 0 0 0 0 0 0 0 0 0 0 0 0 0 0 0 0 0 0 0 0 0 0 0 0 1000 0 1000 0 0 -30.6
0 0 0 0 0 0 0 0 0 0 0 0 0 0 0 0 0 0 0 0 0 0 0 0 0 0 1000 0 1000 0 0 -31.5
0 0 0 0 0 0 0 0 0 0 0 0 0 0 0 0 0 0 0 0 0 0 0 0 0 0 1000 0 1000 0 0 -32.4
0 0 0 0 0 0 0 0 0 0 0 0 0 0 0 0 0 0 0 0 0 0 0 0 0 0 1000 0 1000 0 0 -33.3
0 0 0 0 0 0 0 0 0 0 0 0 0 0 0 0 0 0 0 0 0 0 0 0 0 0 1000 0 1000 0 0 -34.2
