0 0 0 0 0 0 0 0 0 0 0 0 513 0 0 0 0 0 0 0 0 0 0 0 0 0 487 0 1000 0 0 9.9
0 0 0 0 0 0 0 0 0 0 0 0 938 0 0 0 0 0 0 0 0 0 0 0 0 0 62 0 1000 0 0 9
0 0 0 0 0 0 0 0 0 0 0 0 998 0 0 0 0 0 0 0 0 0 0 0 0 0 2 0 1000 0 0 8.1
0 0 0 0 0 0 0 0 0 0 0 0 999 0 0 0 0 0 0 0 0 0 0 0 0 0 1 0 1000 0 0 7.2
0 0 0 0 0 0 0 0 0 0 0 0 999 0 0 0 0 0 0 0 0 0 0 0 0 0 1 0 1000 0 0 6.3
0 0 0 0 0 0 0 7 0 0 0 0 992 0 0 0 0 0 0 0 0 0 0 0 0 0 1 0 1000 0 0 5.4
0 0 0 0 0 0 0 34 0 0 0 0 961 3 0 0 0 0 0 0 0 0 0 0 0 0 2 0 1000 0 0 4.5
0 0 0 0 0 0 0 97 2 0 0 0 896 3 0 0 0 0 0 0 0 0 0 0 0 0 2 0 1000 0 0 3.6
0 0 0 0 0 0 0 118 9 0 0 0 864 6 0 0 0 0 0 0 0 0 0 0 0 0 3 0 1000 0 0 2.7
0 0 0 0 0 0 0 98 2 0 0 0 880 17 0 0 0 0 0 0 0 0 0 0 0 0 3 0 1000 0 0 1.8
0 0 0 0 0 0 1 130 4 0 0 1 843 10 0 0 0 0 0 0 0 0 0 0 0 0 11 0 1000 0 0 0.9
0 0 0 0 0 0 0 117 5 0 0 0 696 8 0 0 0 0 0 0 0 0 0 0 0 0 174 0 1000 0 0 0
0 0 0 0 0 0 0 113 4 0 0 0 497 11 0 0 0 0 0 0 0 0 0 0 0 0 375 0 1000 0 0 -0.9
0 0 0 0 0 0 0 101 7 0 0 0 325 12 0 0 0 0 0 0 0 0 0 0 0 0 555 0 1000 0 0 -1.8
0 0 0 0 0 0 0 52 2 0 0 0 239 12 0 0 0 0 0 0 0 0 0 0 0 0 695 0 1000 0 0 -2.7
0 0 0 0 0 0 0 36 3 0 0 0 169 15 0 0 0 0 0 0 0 0 0 0 0 0 777 0 1000 0 0 -3.6
0 0 0 0 0 0 0 33 5 0 0 0 118 9 0 0 0 0 0 0 0 0 0 0 0 0 835 0 1000 0 0 -4.5
0 0 0 0 0 0 1 19 3 0 0 2 68 5 0 0 0 0 0 0 0 0 0 0 0 0 902 0 1000 0 0 -5.4
0 0 0 0 0 0 1 19 2 0 0 1 46 5 0 0 0 0 0 0 0 0 0 0 0 0 926 0 1000 0 0 -6.3
0 0 0 0 0 0 0 13 2 0 0 0 41 3 0 0 0 0 0 0 0 0 0 0 0 0 941 0 1000 0 0 -7.2
0 0 0 0 0 0 0 4 0 0 0 0 24 3 0 0 0 0 1 0 0 0 0 0 0 0 968 0 1000 0 0 -8.1
0 0 0 0 0 0 1 8 3 0 0 0 17 6 0 0 0 0 0 0 0 0 0 0 0 0 965 0 1000 0 0 -9
0 0 0 0 0 0 0 6 0 0 0 0 10 1 0 0 0 0 0 0 0 0 0 0 0 0 983 0 1000 0 0 -9.9
0 0 0 0 0 0 0 4 2 0 0 0 12 2 0 0 0 0 0 0 0 0 0 0 0 0 980 0 1000 0 0 -10.8
0 0 0 0 0 0 0 2 0 0 0 0 2 1 0 0 0 0 0 0 0 0 0 0 0 0 995 0 1000 0 0 -11.7
0 0 0 0 0 0 0 2 0 0 0 0 5 1 0 0 0 0 0 0 0 0 0 0 0 0 992 0 1000 0 0 -12.6
0 0 0 0 0 0 0 1 0 0 0 0 3 1 0 0 0 0 0 0 0 0 0 0 0 0 995 0 1000 0 0 -13.5
0 0 0 0 0 0 0 0 1 0 0 0 1 1 0 0 0 0 0 0 0 0 0 0 0 0 997 0 1000 0 0 -14.4
0 0 0 0 0 0 0 0 0 0 0 0 2 1 0 0 0 0 0 0 0 0 0 0 0 0 997 0 1000 0 0 -15.3
0 0 0 0 0 0 0 0 0 0 0 0 1 1 0 0 0 0 0 0 0 0 0 0 0 0 998 0 1000 0 0 -16.2
0 0 0 0 0 0 0 0 0 0 0 0 0 0 0 0 0 0 0 0 0 0 0 0 0 0 1000 0 1000 0 0 -17.1
0 0 0 0 0 0 0 1 0 0 0 0 0 0 0 0 0 0 0 0 0 0 0 0 0 0 999 0 1000 0 0 -18
0 0 0 0 0 0 0 0 0 0 0 0 1 0 0 0 0 0 0 0 0 0 0 0 0 0 999 0 1000 0 0 -18.9
0 0 0 0 0 0 0 0 0 0 0 0 0 0 0 0 0 0 0 0 0 0 0 0 0 0 1000 0 1000 0 0 -19.8
0 0 0 0 0 0 0 0 0 0 0 0 0 0 0 0 0 0 0 0 0 0 0 0 0 0 1000 0 1000 0 0 -20.7
0 0 0 0 0 0 0 0 0 0 0 0 0 0 0 0 0 0 0 0 0 0 0 0 0 0 1000 0 1000 0 0 -21.6
0 0 0 0 0 0 0 0 0 0 0 0 0 0 0 0 0 0 0 0 0 0 0 0 0 0 1000 0 1000 0 0 -22.5
0 0 0 0 0 0 0 0 0 0 0 0 0 0 0 0 0 0 0 0 0 0 0 0 0 0 1000 0 1000 0 0 -23.4
0 0 0 0 0 0 0 0 0 0 0 0 0 0 0 0 0 0 0 0 0 0 0 0 0 0 1000 0 1000 0 0 -24.3
0 0 0 0 0 0 0 0 0 0 0 0 0 0 0 0 0 0 0 0 0 0 0 0 0 0 1000 0 1000 0 0 -25.2
0 0 0 0 0 0 0 0 0 0 0 0 0 0 0 0 0 0 0 0 0 0 0 0 0 0 1000 0 1000 0 0 -26.1
0 0 0 0 0 0 0 0 0 0 0 0 0 0 0 0 0 0 0 0 0 0 0 0 0 0 1000 0 1000 0 0 -27
0 0 0 0 0 0 0 0 0 0 0 0 0 0 0 0 0 0 0 0 0 0 0 0 0 0 1000 0 1000 0 0 -27.9
0 0 0 0 0 0 0 0 0 0 0 0 0 0 0 0 0 0 0 0 0 0 0 0 0 0 1000 0 1000 0 0 -28.8
0 0 0 0 0 0 0 0 0 0 0 0 0 0 0 0 0 0 0 0 0 0 0 0 0 0 1000 0 1000 0 0 -29.7
0 0 0 0 0 0 0 0 0 0 0 0 0 0 0 0 0 0 0 0 0 0 0 0 0 0 1000 0 1000 0 0 -30.6
0 0 0 0 0 0 0 0 0 0 0 0 0 0 0 0 0 0 0 0 0 0 0 0 0 0 1000 0 1000 0 0 -31.5
0 0 0 0 0 0 0 0 0 0 0 0 0 0 0 0 0 0 0 0 0 0 0 0 0 0 1000 0 1000 0 0 -32.4
0 0 0 0 0 0 0 0 0 0 0 0 0 0 0 0 0 0 0 0 0 0 0 0 0 0 1000 0 1000 0 0 -33.3
0 0 0 0 0 0 0 0 0 0 0 0 0 0 0 0 0 0 0 0 0 0 0 0 0 0 1000 0 1000 0 0 -34.2
