0 0 0 0 0 0 0 9 3 0 0 0 44 21 0 0 0 0 0 0 0 0 0 0 0 0 923 0 1000 0 0 9.9
0 0 0 0 0 0 0 55 53 0 0 0 533 195 0 0 0 0 0 0 0 0 0 0 0 0 164 0 1000 0 0 9
0 0 0 0 0 0 0 67 53 0 0 0 647 217 0 0 0 0 0 0 0 0 0 0 0 0 16 0 1000 0 0 8.1
0 0 0 0 0 0 0 87 50 0 0 0 608 248 0 0 0 0 0 0 0 0 0 0 0 0 7 0 1000 0 0 7.2
0 0 0 0 0 0 0 119 109 0 0 0 524 241 0 0 0 0 0 0 0 0 0 0 0 0 7 0 1000 0 0 6.3
0 0 0 0 0 0 0 135 115 0 0 0 455 289 0 0 0 0 0 0 0 0 0 0 0 0 6 0 1000 0 0 5.4
0 0 0 0 0 0 0 148 105 0 0 0 431 310 0 0 0 0 0 0 0 0 0 0 0 0 6 0 1000 0 0 4.5
0 0 0 0 0 0 0 164 130 0 0 0 397 304 0 0 0 0 0 0 0 0 0 0 0 0 5 0 1000 0 0 3.6
0 0 0 0 0 0 0 174 122 0 0 0 418 282 0 0 0 0 0 0 0 0 0 0 0 0 4 0 1000 0 0 2.7
0 0 0 0 0 0 0 167 124 0 0 0 393 310 0 0 0 0 0 0 0 0 0 0 0 0 6 0 1000 0 0 1.8
0 0 0 0 0 0 0 176 127 0 0 0 390 293 0 0 0 0 0 0 0 0 0 0 0 0 14 0 1000 0 0 0.9
0 0 0 0 0 0 0 159 138 0 0 0 291 241 0 0 0 0 0 0 0 0 0 0 0 0 171 0 1000 0 0 0
0 0 0 0 0 0 0 108 91 0 0 0 250 176 0 0 0 0 1 0 0 0 0 0 0 0 374 0 1000 0 0 -0.9
0 0 0 0 0 0 0 89 87 0 0 0 153 114 0 0 0 0 1 0 0 0 0 0 0 0 556 0 1000 0 0 -1.8
0 0 0 0 0 0 0 72 45 0 0 0 115 84 0 0 0 0 0 0 0 0 0 0 0 0 684 0 1000 0 0 -2.7
0 0 0 0 0 0 0 38 29 0 0 0 64 70 0 0 0 0 0 0 0 0 0 0 0 0 799 0 1000 0 0 -3.6
0 0 0 0 0 0 0 30 27 0 0 0 56 44 0 0 0 0 0 0 0 0 0 0 0 0 843 0 1000 0 0 -4.5
0 0 0 0 0 0 0 33 21 0 0 0 33 29 0 0 0 0 0 0 0 0 0 0 0 0 884 0 1000 0 0 -5.4
0 0 0 0 0 0 0 15 10 0 0 0 36 25 0 0 0 0 0 0 0 0 0 0 0 0 914 0 1000 0 0 -6.3
0 0 0 0 0 0 0 10 11 0 0 0 17 13 0 0 0 0 0 0 0 0 0 0 0 0 949 0 1000 0 0 -7.2
0 0 0 0 0 0 0 8 4 0 0 0 13 12 0 0 0 0 0 0 0 0 0 0 0 0 963 0 1000 0 0 -8.1
0 0 0 0 0 0 1 3 6 0 0 0 11 8 0 0 0 0 0 0 0 0 0 0 0 0 971 0 1000 0 0 -9
0 0 0 0 0 0 0 2 3 0 0 0 3 7 0 0 0 0 0 0 0 0 0 0 0 0 985 0 1000 0 0 -9.9
0 0 0 0 0 0 0 4 1 0 0 0 4 2 0 0 0 0 0 0 0 0 0 0 0 0 989 0 1000 0 0 -10.8
0 0 0 0 0 0 0 2 3 0 0 0 2 2 0 0 0 0 0 0 0 0 0 0 0 0 991 0 1000 0 0 -11.7
0 0 0 0 0 0 0 3 0 0 0 0 2 2 0 0 0 0 0 0 0 0 0 0 0 0 993 0 1000 0 0 -12.6
0 0 0 0 0 0 0 0 1 0 0 0 2 2 0 0 0 0 0 0 0 0 0 0 0 0 995 0 1000 0 0 -13.5
0 0 0 0 0 0 0 1 0 0 0 0 1 0 0 0 0 0 0 0 0 0 0 0 0 0 998 0 1000 0 0 -14.4
0 0 0 0 0 0 0 0 1 0 0 0 0 1 0 0 0 0 0 0 0 0 0 0 0 0 998 0 1000 0 0 -15.3
0 0 0 0 0 0 0 0 1 0 0 0 1 0 0 0 0 0 0 0 0 0 0 0 0 0 998 0 1000 0 0 -16.2
0 0 0 0 0 0 0 0 1 0 0 0 0 1 0 0 0 0 0 0 0 0 0 0 0 0 998 0 1000 0 0 -17.1
0 0 0 0 0 0 0 0 0 0 0 0 1 0 0 0 0 0 0 0 0 0 0 0 0 0 999 0 1000 0 0 -18
0 0 0 0 0 0 0 1 0 0 0 0 0 1 0 0 0 0 0 0 0 0 0 0 0 0 998 0 1000 0 0 -18.9
0 0 0 0 0 0 0 0 0 0 0 0 1 0 0 0 0 0 0 0 0 0 0 0 0 0 999 0 1000 0 0 -19.8
0 0 0 0 0 0 0 0 0 0 0 0 0 0 0 0 0 0 0 0 0 0 0 0 0 0 1000 0 1000 0 0 -20.7
0 0 0 0 0 0 0 0 0 0 0 0 0 0 0 0 0 0 0 0 0 0 0 0 0 0 1000 0 1000 0 0 -21.6
0 0 0 0 0 0 0 0 0 0 0 0 0 0 0 0 0 0 0 0 0 0 0 0 0 0 1000 0 1000 0 0 -22.5
0 0 0 0 0 0 0 0 0 0 0 0 0 0 0 0 0 0 0 0 0 0 0 0 0 0 1000 0 1000 0 0 -23.4
0 0 0 0 0 0 0 0 0 0 0 0 0 0 0 0 0 0 0 0 0 0 0 0 0 0 1000 0 1000 0 0 -24.3
0 0 0 0 0 0 0 0 0 0 0 0 0 0 0 0 0 0 0 0 0 0 0 0 0 0 1000 0 1000 0 0 -25.2
0 0 0 0 0 0 0 0 0 0 0 0 0 0 0 0 0 0 0 0 0 0 0 0 0 0 1000 0 1000 0 0 -26.1
0 0 0 0 0 0 0 0 0 0 0 0 0 0 0 0 0 0 0 0 0 0 0 0 0 0 1000 0 1000 0 0 -27
0 0 0 0 0 0 0 0 0 0 0 0 0 0 0 0 0 0 0 0 0 0 0 0 0 0 1000 0 1000 0 0 -27.9
0 0 0 0 0 0 0 0 0 0 0 0 0 0 0 0 0 0 0 0 0 0 0 0 0 0 1000 0 1000 0 0 -28.8
0 0 0 0 0 0 0 0 0 0 0 0 0 0 0 0 0 0 0 0 0 0 0 0 0 0 1000 0 1000 0 0 -29.7
0 0 0 0 0 0 0 0 0 0 0 0 0 0 0 0 0 0 0 0 0 0 0 0 0 0 1000 0 1000 0 0 -30.6
0 0 0 0 0 0 0 0 0 0 0 0 0 0 0 0 0 0 0 0 0 0 0 0 0 0 1000 0 1000 0 0 -31.5
0 0 0 0 0 0 0 0 0 0 0 0 0 0 0 0 0 0 0 0 0 0 0 0 0 0 1000 0 1000 0 0 -32.4
0 0 0 0 0 0 0 0 0 0 0 0 0 0 0 0 0 0 0 0 0 0 0 0 0 0 1000 0 1000 0 0 -33.3
0 0 0 0 0 0 0 0 0 0 0 0 0 0 0 0 0 0 0 0 0 0 0 0 0 0 1000 0 1000 0 0 -34.2
