0 0 0 0 0 0 0 0 0 0 0 0 976 0 0 0 0 0 0 0 0 0 0 0 0 0 24 0 1000 0 0 9.9
0 0 0 0 0 0 0 0 0 0 0 0 958 0 0 0 0 0 0 0 0 0 0 0 0 0 42 0 1000 0 0 9
0 0 0 0 0 0 0 0 0 0 0 0 996 0 0 0 0 0 0 0 0 0 0 0 0 0 4 0 1000 0 0 8.1
0 0 0 0 0 0 0 0 0 0 0 0 999 0 0 0 0 0 0 0 0 0 0 0 0 0 1 0 1000 0 0 7.2
0 0 0 0 0 0 0 0 0 0 0 0 999 0 0 0 0 0 0 0 0 0 0 0 0 0 1 0 1000 0 0 6.3
0 0 0 0 0 0 0 7 0 0 0 0 993 0 0 0 0 0 0 0 0 0 0 0 0 0 0 0 1000 0 0 5.4
0 0 0 0 0 0 0 28 1 0 0 0 966 2 0 0 0 0 0 0 0 0 0 0 0 0 3 0 1000 0 0 4.5
0 0 0 0 0 0 0 44 2 0 0 0 948 5 0 0 0 0 0 0 0 0 0 0 0 0 1 0 1000 0 0 3.6
0 0 0 0 0 0 0 77 6 0 0 0 906 9 0 0 0 0 0 0 0 0 0 0 0 0 2 0 1000 0 0 2.7
0 0 0 0 0 0 0 96 6 0 0 0 885 12 0 0 0 0 0 0 0 0 0 0 0 0 1 0 1000 0 0 1.8
0 0 0 0 0 0 0 67 5 0 0 0 898 22 0 0 0 0 0 0 0 0 0 0 0 0 8 0 1000 0 0 0.9
0 0 0 0 0 0 0 95 11 0 0 0 721 19 0 0 0 0 0 0 0 0 0 0 0 0 154 0 1000 0 0 0
0 0 0 0 0 0 0 88 6 0 0 0 505 15 0 0 0 0 0 0 0 0 0 0 0 0 386 0 1000 0 0 -0.9
0 0 0 0 0 0 0 65 7 0 0 0 348 15 0 0 0 0 0 0 0 0 0 0 0 0 565 0 1000 0 0 -1.8
0 0 0 0 0 0 0 47 2 0 0 0 238 14 0 0 0 0 0 0 0 0 0 0 0 0 699 0 1000 0 0 -2.7
0 0 0 0 0 0 0 36 8 0 0 1 165 17 0 0 0 0 0 0 0 0 0 0 0 0 773 0 1000 0 0 -3.6
0 0 0 0 0 0 0 29 3 0 0 0 101 11 0 0 0 1 0 0 0 0 0 0 0 0 855 0 1000 0 0 -4.5
0 0 0 0 0 0 0 23 1 0 0 0 81 7 0 0 0 0 0 0 0 0 0 0 0 0 888 0 1000 0 0 -5.4
0 0 0 0 0 0 0 14 1 0 0 1 54 1 1 0 0 0 0 0 0 0 0 0 0 0 928 0 1000 0 0 -6.3
0 0 0 0 0 0 1 10 1 0 0 1 40 2 0 0 0 0 0 0 0 0 0 0 0 0 945 0 1000 0 0 -7.2
0 0 0 0 0 0 0 4 0 0 0 0 27 1 0 0 0 0 0 0 0 0 0 0 0 0 968 0 1000 0 0 -8.1
0 0 0 0 0 0 0 3 2 0 0 0 23 4 0 0 0 0 0 0 0 0 0 0 0 0 968 0 1000 0 0 -9
0 0 0 0 0 0 0 5 0 0 0 0 11 3 0 0 0 0 0 0 0 0 0 0 0 0 981 0 1000 0 0 -9.9
0 0 0 0 0 0 0 8 1 0 0 0 4 0 0 0 0 0 0 0 0 0 0 0 0 0 987 0 1000 0 0 -10.8
0 0 0 0 0 0 0 6 0 0 0 0 8 2 0 0 0 0 0 0 0 0 0 0 0 0 984 0 1000 0 0 -11.7
0 0 0 0 0 0 0 2 1 0 0 0 4 1 0 0 0 0 0 0 0 0 0 0 0 0 992 0 1000 0 0 -12.6
0 0 0 0 0 0 0 1 0 0 0 0 2 0 0 0 0 0 0 0 0 0 0 0 0 0 997 0 1000 0 0 -13.5
0 0 0 0 0 0 0 0 0 0 0 0 1 0 0 0 0 0 0 0 0 0 0 0 0 0 999 0 1000 0 0 -14.4
0 0 0 0 0 0 0 1 0 0 0 0 2 0 0 0 0 0 0 0 0 0 0 0 0 0 997 0 1000 0 0 -15.3
0 0 0 0 0 0 0 0 0 0 0 0 0 0 0 0 0 0 0 0 0 0 0 0 0 0 1000 0 1000 0 0 -16.2
0 0 0 0 0 0 0 0 0 0 0 0 1 0 0 0 0 0 0 0 0 0 0 0 0 0 999 0 1000 0 0 -17.1
0 0 0 0 0 0 0 1 0 0 0 0 0 0 0 0 0 0 0 0 0 0 0 0 0 0 999 0 1000 0 0 -18
0 0 0 0 0 0 0 0 0 0 0 0 0 0 0 0 0 0 0 0 0 0 0 0 0 0 1000 0 1000 0 0 -18.9
0 0 0 1 0 0 0 0 0 0 0 0 0 0 0 0 0 0 0 0 0 0 0 0 0 0 999 0 1000 0 0 -19.8
0 0 0 0 0 0 0 0 0 0 0 0 0 0 0 0 0 0 0 0 0 0 0 0 0 0 1000 0 1000 0 0 -20.7
0 0 0 0 0 0 0 0 0 0 0 0 0 0 0 0 0 0 0 0 0 0 0 0 0 0 1000 0 1000 0 0 -21.6
0 0 0 0 0 0 0 0 0 0 0 0 0 0 0 0 0 0 0 0 0 0 0 0 0 0 1000 0 1000 0 0 -22.5
0 0 0 0 0 0 0 0 0 0 0 0 0 0 0 0 0 0 0 0 0 0 0 0 0 0 1000 0 1000 0 0 -23.4
0 0 0 0 0 0 0 0 0 0 0 0 0 0 0 0 1 0 0 0 0 0 0 0 0 0 999 0 1000 0 0 -24.3
0 0 0 0 0 0 0 0 0 0 0 0 0 0 0 0 0 0 0 0 0 0 0 0 0 0 1000 0 1000 0 0 -25.2
0 0 0 0 0 0 0 0 0 0 0 0 0 0 0 0 0 0 0 0 0 0 0 0 0 0 1000 0 1000 0 0 -26.1
0 0 0 0 0 0 0 0 0 0 0 0 0 0 0 0 0 0 0 0 0 0 0 0 0 0 1000 0 1000 0 0 -27
0 0 0 0 0 0 0 0 0 0 0 0 0 0 0 0 0 0 0 0 0 0 0 0 0 0 1000 0 1000 0 0 -27.9
0 0 0 0 0 0 0 0 0 0 0 0 0 0 0 0 0 0 0 0 0 0 0 0 0 0 1000 0 1000 0 0 -28.8
0 0 0 0 0 0 0 0 0 0 0 0 0 0 0 0 0 0 0 0 0 0 0 0 0 0 1000 0 1000 0 0 -29.7
0 0 0 0 0 0 0 0 0 0 0 0 0 0 0 0 0 0 0 0 0 0 0 0 0 0 1000 0 1000 0 0 -30.6
0 0 0 0 0 0 0 0 0 0 0 0 0 0 0 0 0 0 0 0 0 0 0 0 0 0 1000 0 1000 0 0 -31.5
0 0 0 0 0 0 0 0 0 0 0 0 0 0 0 0 0 0 0 0 0 0 0 0 0 0 1000 0 1000 0 0 -32.4
0 0 0 0 0 0 0 0 0 0 0 0 0 0 0 0 0 0 0 0 0 0 0 0 0 0 1000 0 1000 0 0 -33.3
0 0 0 0 0 0 0 0 0 0 0 0 0 0 0 0 0 0 0 0 0 0 0 0 0 0 1000 0 1000 0 0 -34.2
