0 0 0 0 0 0 0 0 0 0 0 0 38 24 0 0 0 0 0 0 0 0 0 0 0 0 938 0 1000 0 0 9.9
0 0 0 0 0 0 0 0 0 0 0 0 411 437 0 0 0 0 0 0 0 0 0 0 0 0 152 0 1000 0 0 9
0 0 0 0 0 0 0 0 0 0 0 0 515 481 0 0 0 0 0 0 0 0 0 0 0 0 4 0 1000 0 0 8.1
0 0 0 0 0 0 0 0 1 0 0 0 482 516 0 0 0 0 0 0 0 0 0 0 0 0 1 0 1000 0 0 7.2
0 0 0 0 0 0 0 0 0 0 0 0 502 495 0 0 0 0 0 0 0 0 0 0 0 0 3 0 1000 0 0 6.3
0 0 0 0 0 0 0 1 2 0 0 0 518 478 0 0 0 0 0 0 0 0 0 0 0 0 1 0 1000 0 0 5.4
0 0 0 0 0 0 0 1 2 0 0 0 495 501 0 0 0 0 0 0 0 0 0 0 0 0 1 0 1000 0 0 4.5
0 0 0 0 0 0 0 2 4 0 0 0 491 501 0 0 0 1 0 0 0 0 0 0 0 0 1 0 1000 0 0 3.6
0 0 0 0 0 0 0 3 1 0 0 0 481 509 0 0 0 1 0 0 0 0 0 0 0 0 5 0 1000 0 0 2.7
0 0 0 0 0 0 0 1 2 0 0 0 491 503 0 0 0 0 0 0 0 0 0 0 0 0 3 0 1000 0 0 1.8
0 0 0 0 0 0 0 2 2 0 0 0 471 516 0 0 0 0 1 0 0 0 0 0 0 0 8 0 1000 0 0 0.9
0 0 0 0 0 0 0 2 6 0 0 0 436 389 0 0 0 0 0 0 0 0 0 0 0 0 167 0 1000 0 0 0
0 0 0 0 0 0 0 6 5 0 0 0 298 309 0 0 0 1 1 0 0 0 0 0 0 0 380 0 1000 0 0 -0.9
0 0 0 0 0 0 0 0 4 0 0 0 227 201 0 0 0 1 2 0 0 0 0 0 0 0 565 0 1000 0 0 -1.8
0 0 0 0 0 0 0 6 2 0 0 0 144 146 0 0 0 1 1 0 0 0 0 0 0 0 700 0 1000 0 0 -2.7
0 0 0 0 0 0 0 2 6 0 0 0 108 108 0 0 0 0 2 0 0 0 0 0 0 0 774 0 1000 0 0 -3.6
0 0 0 0 0 0 0 1 2 0 0 0 90 72 0 0 0 2 1 0 0 0 0 0 0 0 832 0 1000 0 0 -4.5
0 0 0 0 0 0 0 3 3 0 0 0 50 43 0 0 0 0 1 0 0 0 0 0 0 0 900 0 1000 0 0 -5.4
0 0 0 0 0 0 0 1 2 0 0 0 45 35 0 0 0 0 0 0 0 0 0 0 0 0 917 0 1000 0 0 -6.3
0 0 0 0 0 0 0 2 1 0 0 0 31 27 0 0 0 0 3 0 0 0 0 0 0 0 936 0 1000 0 0 -7.2
0 0 0 0 0 0 0 1 1 0 0 0 21 12 0 0 0 2 1 0 0 0 0 0 0 0 962 0 1000 0 0 -8.1
0 0 0 0 0 0 0 1 2 0 0 0 14 20 0 0 0 0 0 0 0 0 0 0 0 0 963 0 1000 0 0 -9
0 0 0 0 0 0 0 1 0 0 0 0 14 9 0 0 0 0 0 0 0 0 0 0 0 0 976 0 1000 0 0 -9.9
0 0 0 0 0 0 0 0 0 0 0 0 6 5 0 0 0 0 0 0 0 0 0 0 0 0 989 0 1000 0 0 -10.8
0 0 0 0 0 0 0 1 0 0 0 0 4 6 0 0 0 0 0 0 0 0 0 0 0 0 989 0 1000 0 0 -11.7
0 0 0 0 0 0 0 0 0 0 0 0 1 3 0 0 0 0 0 0 0 0 0 0 0 0 996 0 1000 0 0 -12.6
0 0 0 0 0 0 0 0 1 0 0 0 2 2 0 0 0 0 0 0 0 0 0 0 0 0 995 0 1000 0 0 -13.5
0 0 0 0 0 0 0 0 0 0 0 0 5 5 0 0 0 0 0 0 0 0 0 0 0 0 990 0 1000 0 0 -14.4
0 0 0 0 0 0 0 0 0 0 0 0 1 0 0 0 0 0 0 0 0 0 0 0 0 0 999 0 1000 0 0 -15.3
0 0 0 0 0 0 0 0 0 0 0 0 0 2 0 0 0 0 0 0 0 0 0 0 0 0 998 0 1000 0 0 -16.2
0 0 0 0 0 0 0 0 0 0 0 0 0 0 0 0 0 0 0 0 0 0 0 0 0 0 1000 0 1000 0 0 -17.1
0 0 0 0 0 0 0 0 0 0 0 0 0 0 0 0 0 0 0 0 0 0 0 0 0 0 1000 0 1000 0 0 -18
0 0 0 0 0 0 0 0 0 0 0 0 0 0 0 0 0 0 0 0 0 0 0 0 0 0 1000 0 1000 0 0 -18.9
0 0 0 0 0 0 0 0 0 0 0 0 0 0 0 0 0 0 1 0 0 0 0 0 0 0 999 0 1000 0 0 -19.8
0 0 0 0 0 0 0 0 0 0 0 0 0 1 0 0 0 0 0 0 0 0 0 0 0 0 999 0 1000 0 0 -20.7
0 0 0 0 0 0 0 0 0 0 0 0 0 0 0 0 0 0 0 0 0 0 0 0 0 0 1000 0 1000 0 0 -21.6
0 0 0 0 0 0 0 0 0 0 0 0 0 0 0 0 0 0 0 0 0 0 0 0 0 0 1000 0 1000 0 0 -22.5
0 0 0 0 0 0 0 0 0 0 0 0 0 0 0 0 0 0 0 0 0 0 0 0 0 0 1000 0 1000 0 0 -23.4
0 0 0 0 0 0 0 0 0 0 0 0 0 0 0 0 0 0 0 0 0 0 0 0 0 0 1000 0 1000 0 0 -24.3
0 0 0 0 0 0 0 0 0 0 0 0 0 0 0 0 0 0 0 0 0 0 0 0 0 0 1000 0 1000 0 0 -25.2
0 0 0 0 0 0 0 0 0 0 0 0 1 0 0 0 0 0 0 0 0 0 0 0 0 0 999 0 1000 0 0 -26.1
0 0 0 0 0 0 0 0 0 0 0 0 0 0 0 0 0 0 0 0 0 0 0 0 0 0 1000 0 1000 0 0 -27
0 0 0 0 0 0 0 0 0 0 0 0 0 0 0 0 0 0 0 0 0 0 0 0 0 0 1000 0 1000 0 0 -27.9
0 0 0 0 0 0 0 0 0 0 0 0 0 0 0 0 0 0 0 0 0 0 0 0 0 0 1000 0 1000 0 0 -28.8
0 0 0 0 0 0 0 0 0 0 0 0 0 0 0 0 0 0 0 0 0 0 0 0 0 0 1000 0 1000 0 0 -29.7
0 0 0 0 0 0 0 0 0 0 0 0 0 0 0 0 0 0 0 0 0 0 0 0 0 0 1000 0 1000 0 0 -30.6
0 0 0 0 0 0 0 0 0 0 0 0 0 0 0 0 0 0 0 0 0 0 0 0 0 0 1000 0 1000 0 0 -31.5
0 0 0 0 0 0 0 0 0 0 0 0 0 0 0 0 0 0 0 0 0 0 0 0 0 0 1000 0 1000 0 0 -32.4
0 0 0 0 0 0 0 0 0 0 0 0 0 0 0 0 0 0 0 0 0 0 0 0 0 0 1000 0 1000 0 0 -33.3
0 0 0 0 0 0 0 0 0 0 0 0 0 0 0 0 0 0 0 0 0 0 0 0 0 0 1000 0 1000 0 0 -34.2
