0 0 0 0 0 0 0 38 2 0 0 0 32 1 0 0 0 0 0 0 0 0 0 0 0 0 927 0 1000 0 0 9.9
0 0 0 0 0 0 0 433 2 0 0 0 416 2 0 0 0 0 0 0 0 0 0 0 0 0 147 0 1000 0 0 9
0 0 0 0 0 0 0 509 4 0 0 0 475 7 0 0 0 0 0 0 0 0 0 0 0 0 5 0 1000 0 0 8.1
0 0 0 0 0 0 0 506 7 0 0 0 475 4 0 0 0 0 0 0 0 0 0 0 0 0 8 0 1000 0 0 7.2
0 0 0 0 0 0 0 486 18 0 0 0 475 17 0 0 0 0 0 0 0 0 0 0 0 0 4 0 1000 0 0 6.3
0 0 0 0 0 0 0 467 25 0 0 0 477 22 0 0 0 0 0 0 0 0 0 0 0 0 9 0 1000 0 0 5.4
0 0 0 0 0 0 0 466 36 0 0 0 456 34 0 0 0 0 0 0 0 0 0 0 0 0 8 0 1000 0 0 4.5
0 0 0 0 0 0 0 438 51 0 0 0 452 50 0 0 0 0 0 0 0 0 0 0 0 0 9 0 1000 0 0 3.6
0 0 0 0 0 0 0 448 46 0 0 0 450 52 0 0 0 0 0 0 0 0 0 0 0 0 4 0 1000 0 0 2.7
0 0 0 0 0 0 0 470 49 0 0 0 428 49 0 0 0 0 0 0 0 0 0 0 0 0 4 0 1000 0 0 1.8
0 0 0 0 0 0 0 412 46 0 0 0 483 47 0 0 0 0 0 0 0 0 0 0 0 0 12 0 1000 0 0 0.9
0 0 0 0 0 0 0 337 55 0 0 0 394 55 0 0 0 0 0 0 0 0 0 0 0 0 159 0 1000 0 0 0
0 0 0 0 0 0 0 269 45 0 0 0 255 42 0 0 0 0 0 0 0 0 0 0 0 0 389 0 1000 0 0 -0.9
0 0 0 0 0 0 1 160 39 0 0 0 199 34 0 0 0 0 0 0 0 0 0 0 0 0 567 0 1000 0 0 -1.8
0 0 0 0 0 0 1 124 34 0 0 0 137 28 0 0 0 0 0 0 0 0 0 0 0 0 676 0 1000 0 0 -2.7
0 0 0 0 0 0 0 81 18 0 0 0 76 20 0 0 0 0 0 0 0 0 0 0 0 0 805 0 1000 0 0 -3.6
0 0 0 0 0 0 0 52 16 0 0 0 62 18 0 0 0 0 0 0 0 0 0 0 0 0 852 0 1000 0 0 -4.5
0 0 1 0 0 0 0 31 4 0 0 0 39 11 0 0 0 0 0 0 0 0 0 0 0 0 914 0 1000 0 0 -5.4
0 0 0 0 0 0 0 26 9 0 0 0 32 7 0 0 0 0 0 0 0 0 0 0 0 0 926 0 1000 0 0 -6.3
0 0 0 0 0 0 1 24 7 0 0 0 15 7 0 0 0 0 0 0 0 0 0 0 0 0 946 0 1000 0 0 -7.2
0 0 0 0 0 0 0 17 4 0 0 0 19 6 0 0 0 0 0 0 0 0 0 0 0 0 954 0 1000 0 0 -8.1
0 0 0 0 0 0 0 6 5 0 0 0 7 7 0 0 0 0 0 0 0 0 0 0 0 0 975 0 1000 0 0 -9
0 0 0 0 0 0 0 12 6 0 0 0 7 2 0 0 0 0 0 0 0 0 0 0 0 0 973 0 1000 0 0 -9.9
0 0 0 0 0 0 1 5 1 0 0 0 8 1 0 0 0 0 0 0 0 0 0 0 0 0 984 0 1000 0 0 -10.8
0 0 0 0 0 0 0 7 1 0 0 0 2 2 0 0 0 0 0 0 0 0 0 0 0 0 988 0 1000 0 0 -11.7
0 0 0 0 0 0 0 3 2 0 0 0 2 2 0 0 0 0 0 0 0 0 0 0 0 0 991 0 1000 0 0 -12.6
0 0 0 0 0 0 0 2 1 0 0 0 2 0 0 0 0 0 0 0 0 0 0 0 0 0 995 0 1000 0 0 -13.5
0 0 0 0 0 0 0 1 1 0 0 0 3 0 0 0 0 0 0 0 0 0 0 0 0 0 995 0 1000 0 0 -14.4
0 0 0 0 0 0 0 2 0 0 0 0 0 1 0 0 0 0 0 0 0 0 0 0 0 0 997 0 1000 0 0 -15.3
0 0 0 0 0 0 0 1 0 0 0 0 0 0 0 0 0 0 0 0 0 0 0 0 0 0 999 0 1000 0 0 -16.2
0 0 0 0 0 0 0 0 0 0 0 0 1 0 0 0 0 0 0 0 0 0 0 0 0 0 999 0 1000 0 0 -17.1
0 0 0 0 0 0 0 0 1 0 0 0 0 0 0 0 0 0 0 0 0 0 0 0 0 0 999 0 1000 0 0 -18
0 0 0 0 0 0 0 0 1 0 0 0 0 0 0 0 0 0 0 0 0 0 0 0 0 0 999 0 1000 0 0 -18.9
0 0 0 0 0 0 0 0 0 0 0 0 0 1 0 0 0 0 0 0 0 0 0 0 0 0 999 0 1000 0 0 -19.8
0 0 0 0 0 0 0 0 0 0 0 0 0 0 0 0 0 0 0 0 0 0 0 0 0 0 1000 0 1000 0 0 -20.7
0 0 0 0 0 0 0 0 0 0 0 0 0 0 0 0 0 0 0 0 0 0 0 0 0 0 1000 0 1000 0 0 -21.6
0 0 0 0 0 0 0 0 0 0 0 0 0 0 0 0 0 0 0 0 0 0 0 0 0 0 1000 0 1000 0 0 -22.5
0 0 0 0 0 0 0 0 0 0 0 0 0 0 0 0 0 0 0 0 0 0 0 0 0 0 1000 0 1000 0 0 -23.4
0 0 0 0 0 0 0 0 0 0 0 0 0 0 0 0 0 0 0 0 0 0 0 0 0 0 1000 0 1000 0 0 -24.3
0 0 0 0 0 0 0 0 0 0 0 0 0 0 0 0 0 0 0 0 0 0 0 0 0 0 1000 0 1000 0 0 -25.2
0 0 0 0 0 0 0 0 0 0 0 0 0 0 0 0 0 0 0 0 0 0 0 0 0 0 1000 0 1000 0 0 -26.1
0 0 0 0 0 0 0 0 0 0 0 0 0 0 0 0 0 0 0 0 0 0 0 0 0 0 1000 0 1000 0 0 -27
0 0 0 0 0 0 0 0 0 0 0 0 0 0 0 0 0 0 0 0 0 0 0 0 0 0 1000 0 1000 0 0 -27.9
0 0 0 0 0 0 0 0 0 0 0 0 0 0 0 0 0 0 0 0 0 0 0 0 0 0 1000 0 1000 0 0 -28.8
0 0 0 0 0 0 0 0 0 0 0 0 0 0 0 0 0 0 0 0 0 0 0 0 0 0 1000 0 1000 0 0 -29.7
0 0 0 0 0 0 0 0 0 0 0 0 0 0 0 0 0 0 0 0 0 0 0 0 0 0 1000 0 1000 0 0 -30.6
0 0 0 0 0 0 0 0 0 0 0 0 0 0 0 0 0 0 0 0 0 0 0 0 0 0 1000 0 1000 0 0 -31.5
0 0 0 0 0 0 0 0 0 0 0 0 0 0 0 0 0 0 0 0 0 0 0 0 0 0 1000 0 1000 0 0 -32.4
0 0 0 0 0 0 0 0 0 0 0 0 0 0 0 0 0 0 0 0 0 0 0 0 0 0 1000 0 1000 0 0 -33.3
0 0 0 0 0 0 0 0 0 0 0 0 0 0 0 0 0 0 0 0 0 0 0 0 0 0 1000 0 1000 0 0 -34.2
