0 0 0 0 0 0 0 5 0 0 0 0 84 0 0 0 0 0 0 0 0 0 0 0 0 0 911 0 1000 0 0 9.9
0 0 0 0 0 0 0 23 0 0 0 0 830 0 0 0 0 0 0 0 0 0 0 0 0 0 147 0 1000 0 0 9
0 0 0 0 0 0 0 0 0 0 0 0 992 0 0 0 0 0 0 0 0 0 0 0 0 0 8 0 1000 0 0 8.1
0 0 0 0 0 0 0 3 1 0 0 0 993 0 0 0 0 0 0 0 0 0 0 0 0 0 3 0 1000 0 0 7.2
0 0 0 0 0 0 0 33 4 0 0 0 963 0 0 0 0 0 0 0 0 0 0 0 0 0 0 0 1000 0 0 6.3
0 0 0 0 0 0 0 115 4 0 0 0 868 9 0 0 0 0 0 0 0 0 0 0 0 0 4 0 1000 0 0 5.4
0 0 0 0 0 0 0 195 12 0 0 0 777 10 0 0 0 0 0 0 0 0 0 0 0 0 6 0 1000 0 0 4.5
0 0 0 0 0 0 0 243 10 0 0 0 727 17 0 0 0 0 0 0 0 0 0 0 0 0 3 0 1000 0 0 3.6
0 0 0 0 0 0 0 269 12 0 0 0 688 25 0 0 0 0 0 0 0 0 0 0 0 0 6 0 1000 0 0 2.7
0 0 0 0 0 0 0 260 10 0 0 0 700 23 0 0 0 0 0 0 0 0 0 0 0 0 7 0 1000 0 0 1.8
0 0 0 0 0 0 0 273 19 0 0 0 655 40 0 0 0 0 0 0 0 0 0 0 0 0 13 0 1000 0 0 0.9
0 0 0 0 0 0 0 255 17 0 0 0 564 27 0 0 0 0 0 0 0 0 0 0 0 0 137 0 1000 0 0 0
0 0 0 0 0 0 0 206 21 0 0 1 387 25 0 0 0 0 0 0 0 0 0 0 0 0 360 0 1000 0 0 -0.9
0 0 0 0 0 0 0 127 17 0 0 0 260 22 0 0 0 0 0 0 0 0 0 0 0 0 574 0 1000 0 0 -1.8
0 0 0 0 0 0 0 103 11 0 0 0 185 21 0 0 0 0 0 0 0 0 0 0 0 0 680 0 1000 0 0 -2.7
0 0 0 0 0 0 0 68 8 0 0 1 114 20 0 0 0 0 0 0 0 0 0 0 0 0 789 0 1000 0 0 -3.6
0 0 0 0 0 0 0 55 6 0 0 0 80 17 0 0 0 0 0 0 0 0 0 0 0 0 842 0 1000 0 0 -4.5
0 0 0 0 0 0 1 37 5 0 0 0 67 8 0 0 0 1 0 0 0 0 0 0 0 0 881 0 1000 0 0 -5.4
0 0 0 0 0 0 0 21 3 0 0 0 44 7 0 0 0 0 0 0 0 0 0 0 0 0 925 0 1000 0 0 -6.3
0 0 0 0 0 0 0 12 3 0 0 0 34 6 0 0 0 0 0 0 0 0 0 0 0 0 945 0 1000 0 0 -7.2
0 0 0 0 0 0 0 11 3 0 0 1 12 6 0 0 0 0 0 0 0 0 0 0 0 0 967 0 1000 0 0 -8.1
0 0 0 0 0 0 0 8 3 0 0 0 18 3 0 0 0 0 0 0 0 0 0 0 0 0 968 0 1000 0 0 -9
0 0 0 0 0 0 0 5 2 0 0 1 9 1 0 0 0 0 0 0 0 0 0 0 0 0 982 0 1000 0 0 -9.9
0 0 0 0 0 0 0 3 1 0 0 0 6 1 0 0 0 0 0 0 0 0 0 0 0 0 989 0 1000 0 0 -10.8
0 0 0 0 0 0 0 2 1 0 0 0 6 1 0 0 0 1 0 0 0 0 0 0 0 0 989 0 1000 0 0 -11.7
0 0 0 0 0 0 0 2 0 0 0 0 3 0 0 0 0 0 0 0 0 0 0 0 0 0 995 0 1000 0 0 -12.6
0 0 0 0 0 0 0 3 1 0 0 0 4 1 0 0 0 0 0 0 0 0 0 0 0 0 991 0 1000 0 0 -13.5
0 0 0 0 0 0 0 3 0 0 0 0 3 1 0 0 0 0 0 0 0 0 0 0 0 0 993 0 1000 0 0 -14.4
0 0 0 0 0 0 1 1 0 0 0 0 2 0 0 0 0 0 0 0 0 0 0 0 0 0 996 0 1000 0 0 -15.3
0 0 0 0 0 0 1 1 0 0 0 0 2 1 0 0 0 1 0 0 0 0 0 0 0 0 994 0 1000 0 0 -16.2
0 0 0 0 0 0 0 2 0 0 0 0 0 0 0 0 0 0 0 0 0 0 0 0 0 0 998 0 1000 0 0 -17.1
0 0 0 0 0 0 0 0 0 0 0 0 1 0 0 0 0 0 0 0 0 0 0 0 0 0 999 0 1000 0 0 -18
0 0 0 0 0 0 0 0 0 0 0 0 0 0 0 0 0 0 0 0 0 0 0 0 0 0 1000 0 1000 0 0 -18.9
0 0 0 0 0 0 0 0 0 0 0 0 0 0 0 0 0 0 0 0 0 0 0 0 0 0 1000 0 1000 0 0 -19.8
0 0 0 0 0 0 0 0 0 0 0 0 0 0 0 0 0 0 0 0 0 0 0 0 0 0 1000 0 1000 0 0 -20.7
0 0 0 0 0 0 0 0 0 0 0 0 0 0 0 0 0 0 0 0 0 0 0 0 0 0 1000 0 1000 0 0 -21.6
0 0 0 0 0 0 0 0 0 0 0 0 0 0 0 0 0 0 0 0 0 0 0 0 0 0 1000 0 1000 0 0 -22.5
0 0 0 0 0 0 0 0 0 0 0 0 0 0 0 0 0 0 0 0 0 0 0 0 0 0 1000 0 1000 0 0 -23.4
0 0 0 0 0 0 0 0 0 0 0 0 0 0 0 0 0 0 0 0 0 0 0 0 0 0 1000 0 1000 0 0 -24.3
0 0 0 0 0 0 0 0 1 0 0 0 0 0 0 0 0 0 0 0 0 0 0 0 0 0 999 0 1000 0 0 -25.2
0 0 0 0 0 0 0 0 0 0 0 0 0 0 0 0 0 0 0 0 0 0 0 0 0 0 1000 0 1000 0 0 -26.1
0 0 0 0 0 0 0 0 0 0 0 0 0 0 0 0 0 0 0 0 0 0 0 0 0 0 1000 0 1000 0 0 -27
0 0 0 0 0 0 0 0 0 0 0 0 1 0 0 0 0 0 0 0 0 0 0 0 0 0 999 0 1000 0 0 -27.9
0 0 0 0 0 0 0 0 0 0 0 0 0 0 0 0 0 0 0 0 0 0 0 0 0 0 1000 0 1000 0 0 -28.8
0 0 0 0 0 0 0 0 0 0 0 0 0 0 0 0 0 0 0 0 0 0 0 0 0 0 1000 0 1000 0 0 -29.7
0 0 0 0 0 0 0 0 0 0 0 0 1 0 0 0 0 0 0 0 0 0 0 0 0 0 999 0 1000 0 0 -30.6
0 0 0 0 0 0 0 0 0 0 0 0 0 0 0 0 0 0 0 0 0 0 0 0 0 0 1000 0 1000 0 0 -31.5
0 0 0 0 0 0 0 0 0 0 0 0 0 0 0 0 0 0 0 0 0 0 0 0 0 0 1000 0 1000 0 0 -32.4
0 0 0 0 0 0 0 0 0 0 0 0 0 0 0 0 0 0 0 0 0 0 0 0 0 0 1000 0 1000 0 0 -33.3
0 0 0 0 0 0 0 0 0 0 0 0 0 0 0 0 0 0 0 0 0 0 0 0 0 0 1000 0 1000 0 0 -34.2
