0 0 0 0 0 0 0 0 0 0 0 0 1000 0 0 0 0 0 0 0 0 0 0 0 0 0 0 0 1000 0 0 9.9
0 0 0 0 0 0 0 0 0 0 0 0 999 0 0 0 0 0 0 0 0 0 0 0 0 0 1 0 1000 0 0 9
0 0 0 0 0 0 0 0 0 0 0 0 998 0 0 0 0 0 0 0 0 0 0 0 0 0 2 0 1000 0 0 8.1
0 0 0 0 0 0 0 0 0 0 0 0 1000 0 0 0 0 0 0 0 0 0 0 0 0 0 0 0 1000 0 0 7.2
0 0 0 0 0 0 0 0 0 0 0 0 1000 0 0 0 0 0 0 0 0 0 0 0 0 0 0 0 1000 0 0 6.3
0 0 0 0 0 0 0 0 0 0 0 0 1000 0 0 0 0 0 0 0 0 0 0 0 0 0 0 0 1000 0 0 5.4
0 0 0 0 0 0 0 1 0 0 0 0 999 0 0 0 0 0 0 0 0 0 0 0 0 0 0 0 1000 0 0 4.5
0 0 0 0 0 0 0 8 0 0 0 0 992 0 0 0 0 0 0 0 0 0 0 0 0 0 0 0 1000 0 0 3.6
0 0 0 0 0 0 1 13 0 0 0 1 983 1 0 0 0 0 0 0 0 0 0 0 0 0 1 0 1000 0 0 2.7
0 0 0 0 0 0 0 26 0 0 0 0 973 0 0 0 0 0 0 0 0 0 0 0 0 0 1 0 1000 0 0 1.8
0 0 0 0 0 0 0 18 0 0 0 0 974 0 0 0 0 0 0 0 0 0 0 0 0 0 8 0 1000 0 0 0.9
0 0 0 0 0 0 1 44 0 0 0 1 806 0 0 0 0 0 0 0 0 0 0 0 0 0 148 0 1000 0 0 0
0 0 0 0 0 0 2 31 0 0 0 0 596 5 0 0 0 0 0 0 0 0 0 0 0 0 366 0 1000 0 0 -0.9
0 0 0 0 0 0 0 31 0 0 0 2 374 5 0 0 0 0 0 0 0 0 0 0 0 0 588 0 1000 0 0 -1.8
0 0 0 0 0 0 1 24 2 0 0 2 288 3 0 0 0 1 0 0 0 0 0 0 0 0 679 0 1000 0 0 -2.7
0 0 0 0 0 0 0 17 1 0 0 2 196 2 0 0 0 0 0 0 0 0 0 0 0 0 782 0 1000 0 0 -3.6
0 0 0 0 0 0 0 22 0 0 0 7 140 4 0 0 0 0 0 0 0 0 0 0 0 0 827 0 1000 0 0 -4.5
0 0 0 0 0 0 0 16 1 0 0 1 98 1 0 0 0 0 0 0 0 0 0 0 0 0 883 0 1000 0 0 -5.4
0 0 0 0 0 0 2 7 0 0 0 2 64 2 0 0 0 0 0 0 0 0 0 0 0 0 923 0 1000 0 0 -6.3
0 0 0 0 0 0 2 6 0 0 0 2 52 0 0 0 0 0 0 0 0 0 0 0 0 0 938 0 1000 0 0 -7.2
0 0 0 0 0 0 2 7 1 0 0 0 24 0 0 0 0 1 0 0 0 0 0 0 0 0 965 0 1000 0 0 -8.1
0 0 0 0 0 0 0 3 1 0 0 0 27 4 0 0 0 0 0 0 0 0 0 0 0 0 965 0 1000 0 0 -9
0 0 0 0 0 0 0 3 1 0 0 1 17 0 0 0 0 1 0 0 0 0 0 0 0 0 977 0 1000 0 0 -9.9
0 0 0 0 0 0 0 2 0 0 0 1 8 0 0 0 0 0 0 0 0 0 0 0 0 0 989 0 1000 0 0 -10.8
0 0 0 0 0 0 1 3 1 0 0 1 4 0 0 0 0 0 0 0 0 0 0 0 0 0 990 0 1000 0 0 -11.7
0 0 0 0 0 0 0 2 0 0 0 1 5 0 0 0 0 0 0 0 0 0 0 0 0 0 992 0 1000 0 0 -12.6
0 0 0 0 0 0 0 0 0 0 0 0 3 1 0 0 0 0 0 0 0 0 0 0 0 0 996 0 1000 0 0 -13.5
0 0 0 0 0 0 0 1 0 0 0 0 3 1 0 0 0 0 0 0 0 0 0 0 0 0 995 0 1000 0 0 -14.4
0 0 0 0 0 0 0 1 0 0 0 0 1 0 0 0 0 0 0 0 0 0 0 0 0 0 998 0 1000 0 0 -15.3
0 0 0 0 0 0 0 1 0 0 0 0 1 0 0 0 0 0 0 0 0 0 0 0 0 0 998 0 1000 0 0 -16.2
0 0 0 0 0 0 0 1 0 0 0 0 1 1 0 0 0 0 0 0 0 0 0 0 0 0 997 0 1000 0 0 -17.1
0 0 0 0 0 0 0 0 0 0 0 0 1 0 0 0 0 0 0 0 0 0 0 0 0 0 999 0 1000 0 0 -18
0 0 0 0 0 0 0 0 0 0 0 0 0 0 0 0 0 0 0 0 0 0 0 0 0 0 1000 0 1000 0 0 -18.9
0 0 0 0 0 0 1 0 0 0 0 0 0 0 0 0 0 0 0 0 0 0 0 0 0 0 999 0 1000 0 0 -19.8
0 0 0 0 0 0 0 0 0 0 0 0 0 0 0 0 0 0 0 0 0 0 0 0 0 0 1000 0 1000 0 0 -20.7
0 0 0 0 0 0 0 1 0 0 0 0 0 0 0 0 0 0 0 0 0 0 0 0 0 0 999 0 1000 0 0 -21.6
0 0 0 0 0 0 0 0 0 0 0 0 0 0 0 0 0 0 0 0 0 0 0 0 0 0 1000 0 1000 0 0 -22.5
0 0 0 0 0 0 0 0 0 0 0 0 0 0 0 0 0 0 0 0 0 0 0 0 0 0 1000 0 1000 0 0 -23.4
0 0 0 0 0 0 0 0 0 0 0 0 0 0 0 0 0 0 0 0 0 0 0 0 0 0 1000 0 1000 0 0 -24.3
0 0 0 0 0 0 0 0 0 0 0 0 0 0 0 0 0 0 0 0 0 0 0 0 0 0 1000 0 1000 0 0 -25.2
0 0 0 0 0 0 0 0 0 0 0 0 0 0 0 0 0 0 0 0 0 0 0 0 0 0 1000 0 1000 0 0 -26.1
0 0 0 0 0 0 0 0 0 0 0 0 0 0 0 0 0 0 0 0 0 0 0 0 0 0 1000 0 1000 0 0 -27
0 0 0 0 0 0 0 0 0 0 0 0 0 0 0 0 0 0 0 0 0 0 0 0 0 0 1000 0 1000 0 0 -27.9
0 0 0 0 0 0 0 0 0 0 0 0 0 0 0 0 0 0 0 0 0 0 0 0 0 0 1000 0 1000 0 0 -28.8
0 0 0 0 0 0 0 0 0 0 0 0 0 0 0 0 0 0 0 0 0 0 0 0 0 0 1000 0 1000 0 0 -29.7
0 0 0 0 0 0 0 0 0 0 0 0 0 0 0 0 0 0 0 0 0 0 0 0 0 0 1000 0 1000 0 0 -30.6
0 0 0 0 0 0 0 0 0 0 0 0 0 0 0 0 0 0 0 0 0 0 0 0 0 0 1000 0 1000 0 0 -31.5
0 0 0 0 0 0 0 0 0 0 0 0 0 0 0 0 0 0 0 0 0 0 0 0 0 0 1000 0 1000 0 0 -32.4
0 0 0 0 0 0 0 0 0 0 0 0 0 0 0 0 0 0 0 0 0 0 0 0 0 0 1000 0 1000 0 0 -33.3
0 0 0 0 0 0 0 0 0 0 0 0 0 0 0 0 0 0 0 0 0 0 0 0 0 0 1000 0 1000 0 0 -34.2
