0 0 0 0 0 0 0 8 0 0 0 0 51 1 0 0 0 0 0 0 0 0 0 0 0 0 940 0 1000 0 0 9.9
0 0 0 0 0 0 0 78 7 0 0 0 745 5 0 0 0 0 0 0 0 0 0 0 0 0 165 0 1000 0 0 9
0 0 0 0 0 0 0 18 1 0 0 0 967 4 0 0 0 0 0 0 0 0 0 0 0 0 10 0 1000 0 0 8.1
0 0 0 0 0 0 0 77 3 0 0 0 905 7 0 0 0 0 0 0 0 0 0 0 0 0 8 0 1000 0 0 7.2
0 0 0 0 0 0 0 135 13 0 0 0 817 25 0 0 0 0 0 0 0 0 0 0 0 0 10 0 1000 0 0 6.3
0 0 0 0 0 0 0 209 26 0 0 0 707 47 0 0 0 0 0 0 0 0 0 0 0 0 11 0 1000 0 0 5.4
0 0 0 0 0 0 0 248 57 0 0 0 616 74 0 0 0 0 0 0 0 0 0 0 0 0 5 0 1000 0 0 4.5
0 0 0 0 0 0 0 298 58 0 0 0 553 86 0 0 0 0 0 0 0 0 0 0 0 0 5 0 1000 0 0 3.6
0 0 0 0 0 0 0 294 55 0 0 0 555 94 0 0 0 0 0 0 0 0 0 0 0 0 2 0 1000 0 0 2.7
0 0 0 0 0 0 0 275 61 0 0 0 571 88 0 0 0 0 0 0 0 0 0 0 0 0 5 0 1000 0 0 1.8
0 0 0 0 0 0 0 280 85 0 0 0 513 106 0 0 0 0 0 0 0 0 0 0 0 0 16 0 1000 0 0 0.9
0 0 0 0 0 0 0 254 56 0 0 0 425 102 0 0 0 0 0 0 0 0 0 0 0 0 163 0 1000 0 0 0
0 0 0 0 0 0 0 196 44 0 0 0 302 83 0 0 0 0 0 0 0 0 0 0 0 0 375 0 1000 0 0 -0.9
0 0 0 0 0 0 0 137 35 0 0 0 201 66 0 0 0 0 0 0 0 0 0 0 0 0 561 0 1000 0 0 -1.8
0 0 0 0 0 0 0 89 40 0 0 0 146 51 0 0 0 1 0 0 0 0 0 0 0 0 673 0 1000 0 0 -2.7
0 0 0 0 0 0 0 69 24 0 0 0 95 34 0 0 0 0 0 0 0 0 0 0 0 0 778 0 1000 0 0 -3.6
0 0 0 0 0 0 0 53 13 0 0 0 52 18 0 0 0 0 0 0 0 0 0 0 0 0 864 0 1000 0 0 -4.5
0 0 0 0 0 0 0 43 14 0 0 0 58 20 0 0 0 0 0 0 0 0 0 0 0 0 865 0 1000 0 0 -5.4
0 0 0 0 0 0 0 25 13 0 0 0 24 12 0 0 0 0 0 0 0 0 0 0 0 0 926 0 1000 0 0 -6.3
0 0 0 0 0 0 0 19 9 0 0 0 28 8 0 0 0 0 0 0 0 0 0 0 0 0 936 0 1000 0 0 -7.2
0 0 0 0 0 0 0 19 5 0 0 0 10 5 0 0 0 0 0 0 0 0 0 0 0 0 961 0 1000 0 0 -8.1
0 0 0 0 0 0 0 6 0 0 0 0 11 4 0 0 0 0 0 0 0 0 0 0 0 0 979 0 1000 0 0 -9
0 0 0 0 0 0 0 2 3 0 0 0 6 8 0 0 0 0 0 0 0 0 0 0 0 0 981 0 1000 0 0 -9.9
0 0 0 0 0 0 0 1 3 0 0 0 6 2 0 0 0 0 0 0 0 0 0 0 0 0 988 0 1000 0 0 -10.8
0 0 0 0 0 0 0 3 2 0 0 0 3 4 0 0 0 0 0 0 0 0 0 0 0 0 988 0 1000 0 0 -11.7
0 0 0 0 0 0 0 4 0 0 0 0 1 0 0 0 0 0 0 0 0 0 0 0 0 0 995 0 1000 0 0 -12.6
0 0 0 0 0 0 0 1 1 0 0 1 2 0 0 0 0 0 0 0 0 0 0 0 0 0 995 0 1000 0 0 -13.5
0 0 0 0 0 0 0 0 0 0 0 0 0 1 0 0 0 0 0 0 0 0 0 0 0 0 999 0 1000 0 0 -14.4
0 0 0 0 0 0 0 1 0 0 0 0 0 1 0 0 0 0 0 0 0 0 0 0 0 0 998 0 1000 0 0 -15.3
0 0 0 0 0 0 0 1 1 0 0 0 0 1 0 0 0 0 0 0 0 0 0 0 0 0 997 0 1000 0 0 -16.2
0 0 0 0 0 0 0 0 0 0 0 0 1 1 0 0 0 0 0 0 0 0 0 0 0 0 998 0 1000 0 0 -17.1
0 0 0 0 0 0 0 0 0 0 0 0 0 0 0 0 0 0 0 0 0 0 0 0 0 0 1000 0 1000 0 0 -18
0 0 0 0 0 0 0 1 0 0 0 0 0 1 0 0 0 0 0 0 0 0 0 0 0 0 998 0 1000 0 0 -18.9
0 0 0 0 0 0 0 0 0 0 0 0 0 0 0 0 0 0 0 0 0 0 0 0 0 0 1000 0 1000 0 0 -19.8
0 0 0 0 0 0 0 1 0 0 0 0 0 0 0 0 0 0 0 0 0 0 0 0 0 0 999 0 1000 0 0 -20.7
0 0 0 0 0 0 0 0 0 0 0 0 0 0 0 0 0 0 0 0 0 0 0 0 0 0 1000 0 1000 0 0 -21.6
0 0 0 0 0 0 0 0 0 0 0 0 0 0 0 0 0 0 0 0 0 0 0 0 0 0 1000 0 1000 0 0 -22.5
0 0 0 0 0 0 0 0 0 0 0 0 1 0 0 0 0 0 0 0 0 0 0 0 0 0 999 0 1000 0 0 -23.4
0 0 0 0 0 0 0 0 0 0 0 0 0 0 0 0 0 0 0 0 0 0 0 0 0 0 1000 0 1000 0 0 -24.3
0 0 0 0 0 0 0 0 0 0 0 0 0 0 0 0 0 0 0 0 0 0 0 0 0 0 1000 0 1000 0 0 -25.2
0 0 0 0 0 0 0 0 0 0 0 0 0 0 0 0 0 0 0 0 0 0 0 0 0 0 1000 0 1000 0 0 -26.1
0 0 0 0 0 0 0 0 0 0 0 0 0 0 0 0 0 0 0 0 0 0 0 0 0 0 1000 0 1000 0 0 -27
0 0 0 0 0 0 0 0 0 0 0 0 0 0 0 0 0 0 0 0 0 0 0 0 0 0 1000 0 1000 0 0 -27.9
0 0 0 0 0 0 0 0 0 0 0 0 0 0 0 0 0 0 0 0 0 0 0 0 0 0 1000 0 1000 0 0 -28.8
0 0 0 0 0 0 0 0 0 0 0 0 0 0 0 0 0 0 0 0 0 0 0 0 0 0 1000 0 1000 0 0 -29.7
0 0 0 0 0 0 0 0 0 0 0 0 0 0 0 0 0 0 0 0 0 0 0 0 0 0 1000 0 1000 0 0 -30.6
0 0 0 0 0 0 0 0 0 0 0 0 0 0 0 0 0 0 0 0 0 0 0 0 0 0 1000 0 1000 0 0 -31.5
0 0 0 0 0 0 0 0 0 0 0 0 0 0 0 0 0 0 0 0 0 0 0 0 0 0 1000 0 1000 0 0 -32.4
0 0 0 0 0 0 0 0 0 0 0 0 0 0 0 0 0 0 0 0 0 0 0 0 0 0 1000 0 1000 0 0 -33.3
0 0 0 0 0 0 0 0 0 0 0 0 0 0 0 0 0 0 0 0 0 0 0 0 0 0 1000 0 1000 0 0 -34.2
