0 0 0 0 0 0 0 0 0 0 0 0 520 0 0 0 0 0 0 0 0 0 0 0 0 0 480 0 1000 0 0 9.9
0 0 0 0 0 0 0 0 0 0 0 0 917 0 0 0 0 0 0 0 0 0 0 0 0 0 83 0 1000 0 0 9
0 0 0 0 0 0 0 1 0 0 0 0 994 1 0 0 0 0 0 0 0 0 0 0 0 0 4 0 1000 0 0 8.1
0 0 0 0 0 0 0 0 0 0 0 0 997 1 0 0 0 0 0 0 0 0 0 0 0 0 2 0 1000 0 0 7.2
0 0 0 0 0 0 0 0 0 0 0 0 997 0 0 0 0 0 0 0 0 0 0 0 0 0 3 0 1000 0 0 6.3
0 0 0 0 0 0 0 0 0 0 0 0 989 9 0 0 0 0 0 0 0 0 0 0 0 0 2 0 1000 0 0 5.4
0 0 0 0 0 0 0 3 3 0 0 0 957 36 0 0 0 0 0 0 0 0 0 0 0 0 1 0 1000 0 0 4.5
0 0 0 0 0 0 0 5 3 0 0 0 906 85 0 0 0 0 0 0 0 0 0 0 0 0 1 0 1000 0 0 3.6
0 0 0 0 0 0 0 7 1 0 0 0 882 107 0 0 0 0 0 0 0 0 0 0 0 0 3 0 1000 0 0 2.7
0 0 0 0 0 0 0 14 4 0 0 0 863 118 0 0 0 0 0 0 0 0 0 0 0 0 1 0 1000 0 0 1.8
0 0 0 0 0 0 0 11 4 0 0 0 854 121 0 0 0 0 0 0 0 0 0 0 0 0 10 0 1000 0 0 0.9
0 0 0 0 0 0 0 16 5 0 0 0 687 132 0 0 0 0 0 0 0 0 0 0 0 0 160 0 1000 0 0 0
0 0 0 0 0 0 0 15 7 0 0 0 482 121 0 0 0 0 0 0 0 0 0 0 0 0 375 0 1000 0 0 -0.9
0 0 0 0 0 0 0 20 7 0 0 1 340 79 0 0 0 0 0 0 0 0 0 0 0 0 553 0 1000 0 0 -1.8
0 0 0 0 0 0 0 8 1 0 0 0 233 62 0 0 0 1 1 0 0 0 0 0 0 0 694 0 1000 0 0 -2.7
0 0 0 0 0 0 0 7 3 0 0 0 183 42 0 0 0 0 0 0 0 0 0 0 0 0 765 0 1000 0 0 -3.6
0 0 0 0 0 0 0 4 3 0 0 0 109 27 0 0 0 1 1 0 0 0 0 0 0 0 855 0 1000 0 0 -4.5
0 0 0 0 0 0 0 6 3 0 0 0 87 29 0 0 0 1 0 0 0 0 0 0 0 0 874 0 1000 0 0 -5.4
0 0 0 0 0 0 0 6 1 0 0 1 50 19 0 0 0 1 1 0 0 0 0 0 0 0 921 0 1000 0 0 -6.3
0 0 0 0 0 0 0 7 1 0 0 0 40 13 0 0 0 1 0 0 0 0 0 0 0 0 938 0 1000 0 0 -7.2
0 0 0 0 0 0 0 1 0 0 0 1 22 6 0 0 0 2 1 0 0 0 0 0 0 0 967 0 1000 0 0 -8.1
0 0 0 0 0 0 0 2 1 0 0 1 18 7 0 0 0 0 0 0 0 0 0 0 0 0 971 0 1000 0 0 -9
0 0 0 0 0 0 0 2 1 0 0 0 13 4 0 0 0 0 0 0 0 0 0 0 0 0 980 0 1000 0 0 -9.9
0 0 0 0 0 0 0 1 1 0 0 0 10 4 0 0 0 0 0 0 0 0 0 0 0 0 984 0 1000 0 0 -10.8
0 0 0 0 0 0 0 0 0 0 0 0 3 1 0 0 0 0 0 0 0 0 0 0 0 0 996 0 1000 0 0 -11.7
0 0 0 0 0 0 0 0 1 0 0 0 4 3 0 0 0 0 0 0 0 0 0 0 0 0 992 0 1000 0 0 -12.6
0 0 0 0 0 0 0 1 0 0 0 0 2 0 0 0 0 0 0 0 0 0 0 0 0 0 997 0 1000 0 0 -13.5
0 0 0 0 0 0 0 1 0 0 0 0 1 0 0 0 0 1 0 0 0 0 0 0 0 0 997 0 1000 0 0 -14.4
0 0 0 0 0 0 0 0 0 0 0 0 2 0 0 0 0 0 0 0 0 0 0 0 0 0 998 0 1000 0 0 -15.3
0 0 0 0 0 0 0 0 0 0 0 0 2 0 0 0 0 0 0 0 0 0 0 0 0 0 998 0 1000 0 0 -16.2
0 0 0 0 0 0 0 0 0 0 0 0 0 0 0 0 0 0 0 0 0 0 0 0 0 0 1000 0 1000 0 0 -17.1
0 0 0 0 0 0 0 0 0 0 0 0 0 0 0 0 0 0 0 0 0 0 0 0 0 0 1000 0 1000 0 0 -18
0 0 0 0 0 0 0 0 0 0 0 0 0 0 0 0 0 0 0 0 0 0 0 0 0 0 1000 0 1000 0 0 -18.9
0 0 0 0 0 0 0 0 0 0 0 0 0 0 0 0 0 0 0 0 0 0 0 0 0 0 1000 0 1000 0 0 -19.8
0 0 0 0 0 0 0 0 0 0 0 0 0 0 0 0 0 0 0 0 0 0 0 0 0 0 1000 0 1000 0 0 -20.7
0 0 0 0 0 0 0 0 0 0 0 0 0 0 0 0 0 0 0 0 0 0 0 0 0 0 1000 0 1000 0 0 -21.6
0 0 0 0 0 0 0 0 0 0 0 0 0 0 0 0 0 0 0 0 0 0 0 0 0 0 1000 0 1000 0 0 -22.5
0 0 0 0 0 0 0 0 0 0 0 0 0 0 0 0 0 0 0 0 0 0 0 0 0 0 1000 0 1000 0 0 -23.4
0 0 0 0 0 0 0 0 0 0 0 0 0 0 0 0 0 0 0 0 0 0 0 0 0 0 1000 0 1000 0 0 -24.3
0 0 0 0 0 0 0 0 0 0 0 0 0 0 0 0 0 0 0 0 0 0 0 0 0 0 1000 0 1000 0 0 -25.2
0 0 0 0 0 0 0 0 0 0 0 0 0 0 0 0 0 0 0 0 0 0 0 0 0 0 1000 0 1000 0 0 -26.1
0 0 0 0 0 0 0 0 0 0 0 0 0 0 0 0 0 0 0 0 0 0 0 0 0 0 1000 0 1000 0 0 -27
0 0 0 0 0 0 0 0 0 0 0 0 0 0 0 0 0 0 0 0 0 0 0 0 0 0 1000 0 1000 0 0 -27.9
0 0 0 0 0 0 0 0 0 0 0 0 0 0 0 0 0 0 0 0 0 0 0 0 0 0 1000 0 1000 0 0 -28.8
0 0 0 0 0 0 0 0 0 0 0 0 0 0 0 0 0 0 0 0 0 0 0 0 0 0 1000 0 1000 0 0 -29.7
0 0 0 0 0 0 0 0 0 0 0 0 0 0 0 0 0 0 0 0 0 0 0 0 0 0 1000 0 1000 0 0 -30.6
0 0 0 0 0 0 0 0 0 0 0 0 0 0 0 0 0 0 0 0 0 0 0 0 0 0 1000 0 1000 0 0 -31.5
0 0 0 0 0 0 0 0 0 0 0 0 0 0 0 0 0 0 0 0 0 0 0 0 0 0 1000 0 1000 0 0 -32.4
0 0 0 0 0 0 0 0 0 0 0 0 0 0 0 0 0 0 0 0 0 0 0 0 0 0 1000 0 1000 0 0 -33.3
0 0 0 0 0 0 0 0 0 0 0 0 0 0 0 0 0 0 0 0 0 0 0 0 0 0 1000 0 1000 0 0 -34.2
