0 0 0 0 0 0 0 0 1 0 0 0 94 0 0 0 0 0 0 0 0 0 0 0 0 0 905 0 1000 0 0 9.9
0 0 0 0 0 0 0 0 0 0 0 0 877 0 0 0 0 0 0 0 0 0 0 0 0 0 123 0 1000 0 0 9
0 0 0 0 0 0 0 0 0 0 0 0 995 0 0 0 0 0 0 0 0 0 0 0 0 0 5 0 1000 0 0 8.1
0 0 0 0 0 0 0 0 0 0 0 0 994 1 0 0 0 0 0 0 0 0 0 0 0 0 5 0 1000 0 0 7.2
0 0 0 0 0 0 0 4 1 0 0 0 978 10 0 0 0 0 0 0 0 0 0 0 0 0 7 0 1000 0 0 6.3
0 0 0 0 0 0 0 26 7 0 0 0 935 30 0 0 0 0 0 0 0 0 0 0 0 0 2 0 1000 0 0 5.4
0 0 0 0 0 0 0 43 13 0 0 0 840 100 0 0 0 0 0 0 0 0 0 0 0 0 4 0 1000 0 0 4.5
0 0 0 0 0 0 0 65 26 0 0 0 783 121 0 0 0 0 0 0 0 0 0 0 0 0 5 0 1000 0 0 3.6
0 0 0 0 0 0 0 98 37 0 0 0 722 139 0 0 0 0 0 0 0 0 0 0 0 0 4 0 1000 0 0 2.7
0 0 0 0 0 0 0 98 28 0 0 0 714 157 0 0 0 0 0 0 0 0 0 0 0 0 3 0 1000 0 0 1.8
0 0 0 0 0 0 0 99 43 0 0 0 701 137 0 0 0 0 0 0 0 0 0 0 0 0 20 0 1000 0 0 0.9
0 0 0 0 0 0 0 86 38 0 0 0 563 142 0 0 0 0 0 0 0 0 0 0 0 0 171 0 1000 0 0 0
0 0 0 0 0 0 0 69 30 0 0 0 431 130 0 0 0 0 0 0 0 0 0 0 0 0 340 0 1000 0 0 -0.9
0 0 0 0 0 0 0 63 34 0 0 0 288 86 0 0 0 0 0 0 0 0 0 0 0 0 529 0 1000 0 0 -1.8
0 0 0 0 0 0 0 45 10 0 0 0 204 52 0 0 0 0 0 0 0 0 0 0 0 0 689 0 1000 0 0 -2.7
0 0 0 0 0 0 0 39 14 0 0 0 132 51 0 0 0 0 0 0 0 0 0 0 0 0 764 0 1000 0 0 -3.6
0 0 0 0 0 0 0 33 10 0 0 1 92 25 0 0 0 0 0 0 0 0 0 0 0 0 839 0 1000 0 0 -4.5
0 0 0 0 0 0 0 12 7 0 0 0 60 21 0 0 0 0 0 0 0 0 0 0 0 0 900 0 1000 0 0 -5.4
0 0 0 0 0 0 1 17 7 0 0 0 38 16 0 0 0 0 0 0 0 0 0 0 0 0 921 0 1000 0 0 -6.3
0 0 0 0 0 0 0 8 2 0 0 0 29 16 0 0 0 0 1 0 0 0 0 0 0 0 944 0 1000 0 0 -7.2
0 0 0 0 0 0 0 8 2 0 0 0 15 10 0 0 0 0 1 0 0 0 0 0 0 0 964 0 1000 0 0 -8.1
0 0 0 0 0 0 0 6 4 0 0 0 14 3 0 0 0 0 0 0 0 0 0 0 0 0 973 0 1000 0 0 -9
0 0 0 0 0 0 0 7 2 0 0 0 5 8 0 0 0 0 0 0 0 0 0 0 0 0 978 0 1000 0 0 -9.9
0 0 0 0 0 0 0 0 2 0 0 0 4 2 0 0 0 0 0 0 0 0 0 0 0 0 992 0 1000 0 0 -10.8
0 0 0 0 0 0 0 1 2 0 0 0 2 1 0 0 0 0 0 0 0 0 0 0 0 0 994 0 1000 0 0 -11.7
0 0 0 0 0 0 0 2 1 0 0 0 3 1 0 0 0 0 0 0 0 0 0 0 0 0 993 0 1000 0 0 -12.6
0 0 0 0 0 0 0 1 3 0 0 0 1 0 0 0 0 0 0 0 0 0 0 0 0 0 995 0 1000 0 0 -13.5
0 0 0 0 0 0 0 0 2 0 0 0 4 2 0 0 0 0 0 0 0 0 0 0 0 0 992 0 1000 0 0 -14.4
0 0 0 0 0 0 0 0 0 0 0 0 1 0 0 0 0 0 0 0 0 0 0 0 0 0 999 0 1000 0 0 -15.3
0 0 0 0 0 0 0 0 0 0 0 0 2 0 0 0 0 0 0 0 0 0 0 0 0 0 998 0 1000 0 0 -16.2
0 0 0 0 0 0 0 0 0 0 0 0 1 1 0 0 0 0 0 0 0 0 0 0 0 0 998 0 1000 0 0 -17.1
0 0 0 0 0 0 0 0 0 0 0 0 1 0 0 0 0 0 0 0 0 0 0 0 0 0 999 0 1000 0 0 -18
0 0 0 0 0 0 0 1 0 0 0 0 0 0 0 0 0 0 0 0 0 0 0 0 0 0 999 0 1000 0 0 -18.9
0 0 0 0 0 0 0 0 0 0 0 0 0 0 0 0 0 0 0 0 0 0 0 0 0 0 1000 0 1000 0 0 -19.8
0 0 0 0 0 0 0 0 0 0 0 0 0 0 0 0 0 0 0 0 0 0 0 0 0 0 1000 0 1000 0 0 -20.7
0 0 0 0 0 0 0 0 0 0 0 0 0 0 0 0 0 0 0 0 0 0 0 0 0 0 1000 0 1000 0 0 -21.6
0 0 0 0 0 0 0 0 0 0 0 0 0 0 0 0 0 0 0 0 0 0 0 0 0 0 1000 0 1000 0 0 -22.5
0 0 0 0 0 0 0 0 0 0 0 0 0 0 0 0 0 0 0 0 0 0 0 0 0 0 1000 0 1000 0 0 -23.4
0 0 0 0 0 0 0 0 0 0 0 0 0 0 0 0 0 0 0 0 0 0 0 0 0 0 1000 0 1000 0 0 -24.3
0 0 0 0 0 0 0 0 0 0 0 0 0 0 0 0 0 0 0 0 0 0 0 0 0 0 1000 0 1000 0 0 -25.2
0 0 0 0 0 0 0 0 0 0 0 0 0 0 0 0 0 0 0 0 0 0 0 0 0 0 1000 0 1000 0 0 -26.1
0 0 0 0 0 0 0 0 0 0 0 0 0 0 0 0 0 0 0 0 0 0 0 0 0 0 1000 0 1000 0 0 -27
0 0 0 0 0 0 0 0 0 0 0 0 0 0 0 0 0 0 0 0 0 0 0 0 0 0 1000 0 1000 0 0 -27.9
0 0 0 0 0 0 0 0 0 0 0 0 0 0 0 0 0 0 0 0 0 0 0 0 0 0 1000 0 1000 0 0 -28.8
0 0 0 0 0 0 0 0 0 0 0 0 0 0 0 0 0 0 0 0 0 0 0 0 0 0 1000 0 1000 0 0 -29.7
0 0 0 0 0 0 0 0 0 0 0 0 0 0 0 0 0 0 0 0 0 0 0 0 0 0 1000 0 1000 0 0 -30.6
0 0 0 0 0 0 0 0 0 0 0 0 0 0 0 0 0 0 0 0 0 0 0 0 0 0 1000 0 1000 0 0 -31.5
0 0 0 0 0 0 0 0 0 0 0 0 0 0 0 0 0 0 0 0 0 0 0 0 0 0 1000 0 1000 0 0 -32.4
0 0 0 0 0 0 0 0 0 0 0 0 0 0 0 0 0 0 0 0 0 0 0 0 0 0 1000 0 1000 0 0 -33.3
0 0 0 0 0 0 0 0 0 0 0 0 0 0 0 0 0 0 0 0 0 0 0 0 0 0 1000 0 1000 0 0 -34.2
