0 0 0 0 0 0 0 0 0 0 0 0 66 4 0 0 0 0 0 0 0 0 0 0 0 0 930 0 1000 0 0 9.9
0 0 0 0 0 0 0 0 0 0 0 0 851 25 0 0 0 0 0 0 0 0 0 0 0 0 124 0 1000 0 0 9
0 0 0 0 0 0 0 0 0 0 0 0 995 0 0 0 0 0 0 0 0 0 0 0 0 0 5 0 1000 0 0 8.1
0 0 0 0 0 0 0 0 0 0 0 0 988 6 0 0 0 0 0 0 0 0 0 0 0 0 6 0 1000 0 0 7.2
0 0 0 0 0 0 0 1 0 0 0 0 952 42 0 0 0 0 0 0 0 0 0 0 0 0 5 0 1000 0 0 6.3
0 0 0 0 0 0 0 4 6 0 0 0 877 110 0 0 0 0 0 0 0 0 0 0 0 0 3 0 1000 0 0 5.4
0 0 0 0 0 0 0 9 7 0 0 0 811 168 0 0 0 0 1 0 0 0 0 0 0 0 4 0 1000 0 0 4.5
0 0 0 0 0 0 0 9 11 0 0 0 750 224 0 0 0 0 0 0 0 0 0 0 0 0 6 0 1000 0 0 3.6
0 0 0 0 0 0 0 17 14 0 0 0 690 278 0 0 0 0 0 0 0 0 0 0 0 0 1 0 1000 0 0 2.7
0 0 0 0 0 0 0 20 10 0 0 0 697 268 0 0 0 1 0 0 0 0 0 0 0 0 4 0 1000 0 0 1.8
0 0 0 0 0 0 0 19 7 0 0 0 686 277 0 0 0 0 0 0 0 0 0 0 0 0 11 0 1000 0 0 0.9
0 0 0 0 0 0 0 17 14 0 0 0 569 250 0 0 0 0 0 0 0 0 0 0 0 0 150 0 1000 0 0 0
0 0 0 0 0 0 0 19 10 0 0 0 408 202 0 0 0 0 0 0 0 0 0 0 0 0 361 0 1000 0 0 -0.9
0 0 0 0 0 0 0 17 7 0 0 0 280 148 0 0 0 0 1 0 0 0 0 0 0 0 547 0 1000 0 0 -1.8
0 0 0 0 0 0 0 14 7 0 0 0 216 79 0 0 0 1 0 0 0 0 0 0 0 0 683 0 1000 0 0 -2.7
0 0 0 0 0 0 0 8 8 0 0 1 133 67 0 0 0 0 0 0 0 0 0 0 0 0 783 0 1000 0 0 -3.6
0 0 0 0 0 0 0 3 4 0 0 0 107 57 0 0 0 1 1 0 0 0 0 0 0 0 827 0 1000 0 0 -4.5
0 0 0 0 0 0 0 13 2 0 0 0 63 38 0 0 0 1 0 0 0 0 0 0 0 0 883 0 1000 0 0 -5.4
0 0 0 0 0 0 0 5 1 0 0 0 38 27 0 0 0 0 0 0 0 0 0 0 0 0 929 0 1000 0 0 -6.3
0 0 0 0 0 0 0 5 4 0 0 0 26 16 0 0 0 0 0 0 0 0 0 0 0 0 949 0 1000 0 0 -7.2
0 0 0 0 0 0 0 0 2 0 0 0 26 13 0 0 0 0 1 0 0 0 0 0 0 0 958 0 1000 0 0 -8.1
0 0 0 0 0 0 0 3 4 0 0 0 14 12 0 0 0 0 0 0 0 0 0 0 0 0 967 0 1000 0 0 -9
0 0 0 0 0 0 0 0 1 0 0 0 15 4 1 0 0 1 0 0 0 0 0 0 0 0 978 0 1000 0 0 -9.9
0 0 0 0 0 0 0 2 0 0 0 0 9 4 0 0 0 0 0 0 0 0 0 0 0 0 985 0 1000 0 0 -10.8
0 0 0 0 0 0 0 1 1 0 0 0 4 3 0 0 0 0 0 0 0 0 0 0 0 0 991 0 1000 0 0 -11.7
0 0 0 0 0 0 0 3 0 0 0 0 2 5 0 0 0 0 0 0 0 0 0 0 0 0 990 0 1000 0 0 -12.6
0 0 0 0 0 0 0 1 0 0 0 0 3 2 0 0 0 0 0 0 0 0 0 0 0 0 994 0 1000 0 0 -13.5
0 0 0 0 0 0 0 0 0 0 0 0 1 0 0 0 0 0 0 0 0 0 0 0 0 0 999 0 1000 0 0 -14.4
0 0 0 0 0 0 0 0 0 0 0 1 5 2 0 0 0 0 0 0 0 0 0 0 0 0 992 0 1000 0 0 -15.3
0 0 0 0 0 0 0 0 0 0 0 0 1 1 0 0 0 0 0 0 0 0 0 0 0 0 998 0 1000 0 0 -16.2
0 0 0 0 0 0 0 0 0 0 0 0 0 0 0 0 0 0 0 0 0 0 0 0 0 0 1000 0 1000 0 0 -17.1
0 0 0 0 0 0 0 0 0 0 0 0 0 0 0 0 0 0 0 0 0 0 0 0 0 0 1000 0 1000 0 0 -18
0 0 0 0 0 0 0 0 0 0 0 0 1 0 0 0 0 0 0 0 0 0 0 0 0 0 999 0 1000 0 0 -18.9
0 0 0 0 0 0 0 0 0 0 0 0 0 0 0 0 0 0 0 0 0 0 0 0 0 0 1000 0 1000 0 0 -19.8
0 0 0 0 0 0 0 0 0 0 0 0 0 0 0 0 0 0 0 0 0 0 0 0 0 0 1000 0 1000 0 0 -20.7
0 0 0 0 0 0 0 0 0 0 0 0 0 0 0 0 0 0 0 0 0 0 0 0 0 0 1000 0 1000 0 0 -21.6
0 0 0 0 0 0 0 0 0 0 0 0 0 0 0 0 0 0 0 0 0 0 0 0 0 0 1000 0 1000 0 0 -22.5
0 0 0 0 0 0 0 0 0 0 0 0 1 0 0 0 0 0 0 0 0 0 0 0 0 0 999 0 1000 0 0 -23.4
0 0 0 0 0 0 0 0 0 0 0 0 0 0 0 0 0 0 0 0 0 0 0 0 0 0 1000 0 1000 0 0 -24.3
0 0 0 0 0 0 0 0 0 0 0 0 0 0 0 0 0 0 0 0 0 0 0 0 0 0 1000 0 1000 0 0 -25.2
0 0 0 0 0 0 0 0 0 0 0 0 0 0 0 0 0 0 0 0 0 0 0 0 0 0 1000 0 1000 0 0 -26.1
0 0 0 0 0 0 0 0 0 0 0 0 0 0 0 0 0 0 0 0 0 0 0 0 0 0 1000 0 1000 0 0 -27
0 0 0 0 0 0 0 0 0 0 0 0 0 0 0 0 0 0 0 0 0 0 0 0 0 0 1000 0 1000 0 0 -27.9
0 0 0 0 0 0 0 0 0 0 0 0 0 0 0 0 0 0 0 0 0 0 0 0 0 0 1000 0 1000 0 0 -28.8
0 0 0 0 0 0 0 0 0 0 0 0 0 0 0 0 0 0 0 0 0 0 0 0 0 0 1000 0 1000 0 0 -29.7
0 0 0 0 0 0 0 0 0 0 0 0 0 0 0 0 0 0 0 0 0 0 0 0 0 0 1000 0 1000 0 0 -30.6
0 0 0 0 0 0 0 0 0 0 0 0 0 0 0 0 0 0 0 0 0 0 0 0 0 0 1000 0 1000 0 0 -31.5
0 0 0 0 0 0 0 0 0 0 0 0 0 0 0 0 0 0 0 0 0 0 0 0 0 0 1000 0 1000 0 0 -32.4
0 0 0 0 0 0 0 0 0 0 0 0 0 0 0 0 0 0 0 0 0 0 0 0 0 0 1000 0 1000 0 0 -33.3
0 0 0 0 0 0 0 0 0 0 0 0 0 0 0 0 0 0 0 0 0 0 0 0 0 0 1000 0 1000 0 0 -34.2
