0 0 0 0 0 0 0 0 0 0 0 0 967 0 0 0 0 0 0 0 0 0 0 0 0 0 33 0 1000 0 0 9.9
0 0 0 0 0 0 0 0 0 0 0 0 945 0 0 0 0 0 0 0 0 0 0 0 0 0 55 0 1000 0 0 9
0 0 0 0 0 0 0 1 0 0 0 0 995 0 0 0 0 0 0 0 0 0 0 0 0 0 4 0 1000 0 0 8.1
0 0 0 0 0 0 0 0 0 0 0 0 993 0 0 0 0 0 0 0 0 0 0 0 0 0 7 0 1000 0 0 7.2
0 0 0 0 0 0 0 0 0 0 0 0 996 0 0 0 0 0 0 0 0 0 0 0 0 0 4 0 1000 0 0 6.3
0 0 0 0 0 0 0 7 1 0 0 0 984 5 0 0 0 0 0 0 0 0 0 0 0 0 3 0 1000 0 0 5.4
0 0 0 0 0 0 0 24 3 0 0 0 938 27 0 0 0 0 0 0 0 0 0 0 0 0 8 0 1000 0 0 4.5
0 0 0 0 0 0 0 76 9 0 0 0 872 39 0 0 0 0 0 0 0 0 0 0 0 0 4 0 1000 0 0 3.6
0 0 0 0 0 0 0 81 19 0 0 0 846 51 0 0 0 0 0 0 0 0 0 0 0 0 3 0 1000 0 0 2.7
0 0 0 0 0 0 0 76 14 0 0 0 839 70 0 0 0 0 0 0 0 0 0 0 0 0 1 0 1000 0 0 1.8
0 0 0 0 0 0 0 90 26 0 0 0 796 75 0 0 0 0 0 0 0 0 0 0 0 0 13 0 1000 0 0 0.9
0 0 0 0 0 0 0 97 23 0 0 0 640 67 0 0 0 0 0 0 0 0 0 0 0 0 173 0 1000 0 0 0
0 0 0 0 0 0 0 62 17 0 0 1 469 63 0 0 0 0 0 0 0 0 0 0 0 0 388 0 1000 0 0 -0.9
0 0 0 0 0 0 1 61 19 0 0 0 328 47 0 0 0 1 0 0 0 0 0 0 0 0 543 0 1000 0 0 -1.8
0 0 0 0 0 0 0 53 15 0 0 0 216 28 0 0 0 0 0 0 0 0 0 0 0 0 688 0 1000 0 0 -2.7
0 0 0 0 0 0 0 42 12 0 0 0 135 21 0 0 0 0 0 0 0 0 0 0 0 0 790 0 1000 0 0 -3.6
0 0 0 0 0 0 0 31 8 0 0 1 101 24 0 0 0 0 0 0 0 0 0 0 0 0 835 0 1000 0 0 -4.5
0 0 0 0 0 0 0 19 6 0 0 0 52 14 0 0 0 0 0 0 0 0 0 0 0 0 909 0 1000 0 0 -5.4
0 0 0 0 0 0 0 8 5 0 0 0 44 5 0 0 0 0 0 0 0 0 0 0 0 0 938 0 1000 0 0 -6.3
0 0 0 0 0 0 0 7 3 0 0 0 20 9 0 0 0 0 0 0 0 0 0 0 0 0 961 0 1000 0 0 -7.2
0 0 0 0 0 0 0 9 2 0 0 0 17 5 1 0 0 1 0 0 0 0 0 0 0 0 965 0 1000 0 0 -8.1
0 0 0 0 0 0 0 5 2 0 0 0 15 4 0 0 0 0 0 0 0 0 0 0 0 0 974 0 1000 0 0 -9
0 0 0 0 0 0 0 5 1 0 0 0 8 6 0 0 0 0 0 0 0 0 0 0 0 0 980 0 1000 0 0 -9.9
0 0 0 0 0 0 0 0 0 0 0 0 12 3 0 0 0 0 0 0 0 0 0 0 0 0 985 0 1000 0 0 -10.8
0 0 0 0 0 0 0 4 1 0 0 0 3 1 0 0 0 0 0 0 0 0 0 0 0 0 991 0 1000 0 0 -11.7
0 0 0 0 0 0 0 2 0 0 0 0 2 2 0 0 0 0 0 0 0 0 0 0 0 0 994 0 1000 0 0 -12.6
0 0 0 0 0 0 0 2 1 0 0 0 1 1 0 0 0 0 0 0 0 0 0 0 0 0 995 0 1000 0 0 -13.5
0 0 0 0 0 0 1 0 0 0 0 0 2 0 0 0 0 0 0 0 0 0 0 0 0 0 997 0 1000 0 0 -14.4
0 0 0 0 0 0 0 1 1 0 0 0 0 0 0 0 0 0 0 0 0 0 0 0 0 0 998 0 1000 0 0 -15.3
0 0 0 0 0 0 0 1 0 0 0 0 0 0 0 0 0 0 0 0 0 0 0 0 0 0 999 0 1000 0 0 -16.2
0 0 0 0 0 0 0 1 0 0 0 0 1 0 0 0 0 0 0 0 0 0 0 0 0 0 998 0 1000 0 0 -17.1
0 0 0 0 0 0 0 0 0 0 0 0 1 0 0 0 0 0 0 0 0 0 0 0 0 0 999 0 1000 0 0 -18
0 0 0 0 0 0 0 0 0 0 0 0 0 0 0 0 0 0 0 0 0 0 0 0 0 0 1000 0 1000 0 0 -18.9
0 0 0 0 0 0 0 0 0 0 0 0 0 0 0 0 0 0 0 0 0 0 0 0 0 0 1000 0 1000 0 0 -19.8
0 0 0 0 0 0 0 0 0 0 0 0 0 0 0 0 0 0 0 0 0 0 0 0 0 0 1000 0 1000 0 0 -20.7
0 0 0 0 0 0 0 0 0 0 0 0 0 0 0 0 0 0 0 0 0 0 0 0 0 0 1000 0 1000 0 0 -21.6
0 0 0 0 0 0 0 0 0 0 0 0 0 0 0 0 0 0 0 0 0 0 0 0 0 0 1000 0 1000 0 0 -22.5
0 0 0 0 0 0 0 1 0 0 0 0 0 0 0 0 0 0 0 0 0 0 0 0 0 0 999 0 1000 0 0 -23.4
0 0 0 0 0 0 0 0 1 0 0 0 0 0 0 0 0 0 0 0 0 0 0 0 0 0 999 0 1000 0 0 -24.3
0 0 0 0 0 0 0 0 0 0 0 0 0 0 0 0 0 0 0 0 0 0 0 0 0 0 1000 0 1000 0 0 -25.2
0 0 0 0 0 0 0 0 0 0 0 0 0 0 0 0 0 0 0 0 0 0 0 0 0 0 1000 0 1000 0 0 -26.1
0 0 0 0 0 0 0 0 0 0 0 0 0 0 0 0 0 0 0 0 0 0 0 0 0 0 1000 0 1000 0 0 -27
0 0 0 0 0 0 0 0 0 0 0 0 0 0 0 0 0 0 0 0 0 0 0 0 0 0 1000 0 1000 0 0 -27.9
0 0 0 0 0 0 0 0 0 0 0 0 0 0 0 0 0 0 0 0 0 0 0 0 0 0 1000 0 1000 0 0 -28.8
0 0 0 0 0 0 0 0 0 0 0 0 0 0 0 0 0 0 0 0 0 0 0 0 0 0 1000 0 1000 0 0 -29.7
0 0 0 0 0 0 0 0 0 0 0 0 0 0 0 0 0 0 0 0 0 0 0 0 0 0 1000 0 1000 0 0 -30.6
0 0 0 0 0 0 0 0 0 0 0 0 0 0 0 0 0 0 0 0 0 0 0 0 0 0 1000 0 1000 0 0 -31.5
0 0 0 0 0 0 0 0 0 0 0 0 0 0 0 0 0 0 0 0 0 0 0 0 0 0 1000 0 1000 0 0 -32.4
0 0 0 0 0 0 0 0 0 0 0 0 0 0 0 0 0 0 0 0 0 0 0 0 0 0 1000 0 1000 0 0 -33.3
0 0 0 0 0 0 0 0 0 0 0 0 0 0 0 0 0 0 0 0 0 0 0 0 0 0 1000 0 1000 0 0 -34.2
