0 0 0 0 0 0 0 0 0 0 0 0 74 1 0 0 0 0 0 0 0 0 0 0 0 0 925 0 1000 0 0 9.9
0 0 0 0 0 0 0 0 0 0 0 0 866 9 0 0 0 0 0 0 0 0 0 0 0 0 125 0 1000 0 0 9
0 0 0 0 0 0 0 0 0 0 0 0 997 0 0 0 0 0 0 0 0 0 0 0 0 0 3 0 1000 0 0 8.1
0 0 0 0 0 0 0 0 0 0 0 0 995 0 0 0 0 0 0 0 0 0 0 0 0 0 5 0 1000 0 0 7.2
0 0 0 0 0 0 0 0 0 0 0 0 985 14 0 0 0 0 0 0 0 0 0 0 0 0 1 0 1000 0 0 6.3
0 0 0 0 0 0 0 0 0 0 0 0 964 34 0 0 0 0 0 0 0 0 0 0 0 0 2 0 1000 0 0 5.4
0 0 0 0 0 0 0 0 0 0 0 0 891 107 0 0 0 0 0 0 0 0 0 0 0 0 2 0 1000 0 0 4.5
0 0 0 0 0 0 0 2 0 0 0 0 844 153 0 0 0 0 0 0 0 0 0 0 0 0 1 0 1000 0 0 3.6
0 0 0 0 0 0 0 3 3 0 0 0 799 192 0 0 0 1 1 0 0 0 0 0 0 0 1 0 1000 0 0 2.7
0 0 0 0 0 0 0 5 3 0 0 0 765 220 0 0 0 2 1 0 0 0 0 0 0 0 4 0 1000 0 0 1.8
0 0 0 0 0 0 0 5 3 0 0 0 775 211 0 0 0 0 0 0 0 0 0 0 0 0 6 0 1000 0 0 0.9
0 0 0 0 0 0 0 5 7 0 0 0 645 195 0 0 0 0 1 0 0 0 0 0 0 0 147 0 1000 0 0 0
0 0 0 0 0 0 0 5 3 0 0 0 427 175 0 0 0 1 1 0 0 0 0 0 0 0 388 0 1000 0 0 -0.9
0 0 0 0 0 0 0 7 7 0 0 0 291 131 0 0 0 1 2 0 0 0 0 0 0 0 561 0 1000 0 0 -1.8
0 0 0 0 0 0 0 4 3 0 0 0 220 86 0 0 0 1 1 0 0 0 0 0 0 0 685 0 1000 0 0 -2.7
0 0 0 0 0 0 0 4 5 0 0 1 137 62 0 0 0 0 0 0 0 0 0 0 0 0 791 0 1000 0 0 -3.6
0 0 0 0 0 0 0 4 3 0 0 0 104 53 0 0 0 1 1 0 0 0 0 0 0 0 834 0 1000 0 0 -4.5
0 0 0 0 0 0 0 6 2 0 0 0 72 27 0 0 0 0 0 0 0 0 0 0 0 0 893 0 1000 0 0 -5.4
0 0 0 0 0 0 0 0 1 0 0 0 53 27 0 0 0 1 2 0 0 0 0 0 0 0 916 0 1000 0 0 -6.3
0 0 0 0 0 0 0 0 1 0 0 0 27 13 0 0 0 0 0 0 0 0 0 0 0 0 959 0 1000 0 0 -7.2
0 0 0 0 0 0 0 2 0 0 0 0 13 7 0 0 0 0 1 0 0 0 0 0 0 0 977 0 1000 0 0 -8.1
0 0 0 0 0 0 0 2 0 0 0 0 14 5 0 0 0 1 0 0 0 0 0 0 0 0 978 0 1000 0 0 -9
0 0 0 0 0 0 0 1 0 0 0 0 7 6 0 0 0 0 1 0 0 0 0 0 0 0 985 0 1000 0 0 -9.9
0 0 0 0 0 0 0 0 0 0 0 0 8 4 0 0 0 1 1 0 0 0 0 0 0 0 986 0 1000 0 0 -10.8
0 0 0 0 0 0 0 1 1 0 0 0 7 4 0 0 0 0 0 0 0 0 0 0 0 0 987 0 1000 0 0 -11.7
0 0 0 0 0 0 0 0 0 0 0 0 6 1 0 0 0 1 0 0 0 0 0 0 0 0 992 0 1000 0 0 -12.6
0 0 0 0 0 0 0 0 1 0 0 0 0 0 0 0 0 0 0 0 0 0 0 0 0 0 999 0 1000 0 0 -13.5
0 0 0 0 0 0 0 1 0 0 0 0 2 0 0 0 0 0 1 0 0 0 0 0 0 0 996 0 1000 0 0 -14.4
0 0 0 0 0 0 0 0 0 0 0 0 2 2 0 0 0 0 0 0 0 0 0 0 0 0 996 0 1000 0 0 -15.3
0 0 0 0 0 0 0 0 0 0 0 0 2 1 0 0 0 1 0 0 0 0 0 0 0 0 996 0 1000 0 0 -16.2
0 0 0 0 0 0 0 0 0 0 0 0 1 0 0 0 0 0 0 0 0 0 0 0 0 0 999 0 1000 0 0 -17.1
0 0 0 0 0 0 0 0 0 0 0 0 0 2 0 0 0 0 0 0 0 0 0 0 0 0 998 0 1000 0 0 -18
0 0 0 0 0 0 0 0 0 0 0 0 0 0 0 0 0 0 0 0 0 0 0 0 0 0 1000 0 1000 0 0 -18.9
0 0 0 0 0 0 0 0 0 0 0 0 1 0 0 0 0 0 0 0 0 0 0 0 0 0 999 0 1000 0 0 -19.8
0 0 0 0 0 0 0 0 0 0 0 0 0 0 0 0 0 0 0 0 0 0 0 0 0 0 1000 0 1000 0 0 -20.7
0 0 0 0 0 0 0 0 0 0 0 0 0 0 0 0 0 0 0 0 0 0 0 0 0 0 1000 0 1000 0 0 -21.6
0 0 0 0 0 0 0 0 0 0 0 0 1 0 0 0 0 0 0 0 0 0 0 0 0 0 999 0 1000 0 0 -22.5
0 0 0 0 0 0 0 0 0 0 0 0 0 0 0 0 0 0 0 0 0 0 0 0 0 0 1000 0 1000 0 0 -23.4
0 0 0 0 0 0 0 0 0 0 0 0 0 0 0 0 0 0 0 0 0 0 0 0 0 0 1000 0 1000 0 0 -24.3
0 0 0 0 0 0 0 0 0 0 0 0 0 0 0 0 0 0 0 0 0 0 0 0 0 0 1000 0 1000 0 0 -25.2
0 0 0 0 0 0 0 0 0 0 0 0 0 0 0 0 0 0 0 0 0 0 0 0 0 0 1000 0 1000 0 0 -26.1
0 0 0 0 0 0 0 0 0 0 0 0 0 0 0 0 0 0 0 0 0 0 0 0 0 0 1000 0 1000 0 0 -27
0 0 0 0 0 0 0 0 0 0 0 0 0 0 0 0 0 0 0 0 0 0 0 0 0 0 1000 0 1000 0 0 -27.9
0 0 0 0 0 0 0 0 0 0 0 0 0 0 0 0 0 0 0 0 0 0 0 0 0 0 1000 0 1000 0 0 -28.8
0 0 0 0 0 0 0 0 0 0 0 0 0 0 0 0 0 0 0 0 0 0 0 0 0 0 1000 0 1000 0 0 -29.7
0 0 0 0 0 0 0 0 0 0 0 0 0 0 0 0 0 0 0 0 0 0 0 0 0 0 1000 0 1000 0 0 -30.6
0 0 0 0 0 0 0 0 0 0 0 0 0 0 0 0 0 0 0 0 0 0 0 0 0 0 1000 0 1000 0 0 -31.5
0 0 0 0 0 0 0 0 0 0 0 0 0 0 0 0 0 0 0 0 0 0 0 0 0 0 1000 0 1000 0 0 -32.4
0 0 0 0 0 0 0 0 0 0 0 0 0 0 0 0 0 0 0 0 0 0 0 0 0 0 1000 0 1000 0 0 -33.3
0 0 0 0 0 0 0 0 0 0 0 0 0 0 0 0 0 0 0 0 0 0 0 0 0 0 1000 0 1000 0 0 -34.2
