0 0 0 0 0 0 0 22 1 0 0 0 57 5 0 0 0 0 0 0 0 0 0 0 0 0 915 0 1000 0 0 9.9
0 0 0 0 0 0 0 246 26 0 0 0 539 38 0 0 0 0 0 0 0 0 0 0 0 0 151 0 1000 0 0 9
0 0 0 0 0 0 0 195 24 0 0 0 722 52 0 0 0 0 0 0 0 0 0 0 0 0 7 0 1000 0 0 8.1
0 0 0 0 0 0 0 214 28 0 0 0 708 44 0 0 0 0 0 0 0 0 0 0 0 0 6 0 1000 0 0 7.2
0 0 0 0 0 0 0 286 65 0 0 0 574 65 0 0 0 0 0 0 0 0 0 0 0 0 10 0 1000 0 0 6.3
0 0 0 0 0 0 0 321 76 0 0 0 496 99 0 0 0 0 0 0 0 0 0 0 0 0 8 0 1000 0 0 5.4
0 0 0 0 0 0 0 314 96 0 0 0 467 117 0 0 0 0 0 0 0 0 0 0 0 0 6 0 1000 0 0 4.5
0 0 0 0 0 0 0 327 125 0 0 0 410 136 0 0 0 0 0 0 0 0 0 0 0 0 2 0 1000 0 0 3.6
0 0 0 0 0 0 0 319 117 0 0 0 419 140 0 0 0 0 0 0 0 0 0 0 0 0 5 0 1000 0 0 2.7
0 0 0 0 0 0 0 342 108 0 0 0 394 152 0 0 0 0 0 0 0 0 0 0 0 0 4 0 1000 0 0 1.8
0 0 0 0 0 0 0 307 124 0 0 0 433 127 0 0 0 0 0 0 0 0 0 0 0 0 9 0 1000 0 0 0.9
0 0 0 0 0 0 0 282 105 0 0 0 367 120 0 0 0 0 0 0 0 0 0 0 0 0 126 0 1000 0 0 0
0 0 0 0 0 0 0 188 90 0 0 0 244 93 0 0 0 0 0 0 0 0 0 0 0 0 385 0 1000 0 0 -0.9
0 0 0 0 0 0 0 141 67 0 0 0 168 64 1 0 0 0 0 0 0 0 0 0 0 0 559 0 1000 0 0 -1.8
0 0 0 0 0 0 0 103 43 0 0 0 103 59 0 0 0 0 0 0 0 0 0 0 0 0 692 0 1000 0 0 -2.7
0 0 0 0 0 0 0 61 43 0 0 0 82 28 0 0 0 0 0 0 0 0 0 0 0 0 786 0 1000 0 0 -3.6
0 0 0 0 0 0 0 43 24 0 0 0 55 27 0 0 0 0 0 0 0 0 0 0 0 0 851 0 1000 0 0 -4.5
0 0 0 0 0 0 0 26 23 0 0 1 52 21 0 0 0 0 0 0 0 0 0 0 0 0 877 0 1000 0 0 -5.4
0 0 0 0 0 0 0 19 6 0 0 0 27 17 0 0 0 0 0 0 0 0 0 0 0 0 931 0 1000 0 0 -6.3
0 0 0 0 0 0 0 12 7 0 0 0 15 15 0 0 0 0 0 0 0 0 0 0 0 0 951 0 1000 0 0 -7.2
0 0 0 0 0 0 1 13 9 0 0 0 15 11 0 0 0 0 0 0 0 0 0 0 0 0 951 0 1000 0 0 -8.1
0 0 0 0 0 0 0 7 3 0 0 0 12 5 0 0 0 0 0 0 0 0 0 0 0 0 973 0 1000 0 0 -9
0 0 0 0 0 0 0 6 2 0 0 0 8 3 0 0 0 0 0 0 0 0 0 0 0 0 981 0 1000 0 0 -9.9
0 0 0 0 0 0 0 7 2 0 0 0 5 3 0 0 0 0 0 0 0 0 0 0 0 0 983 0 1000 0 0 -10.8
0 0 0 0 0 0 0 2 3 0 0 0 3 0 0 0 0 0 0 0 0 0 0 0 0 0 992 0 1000 0 0 -11.7
0 0 0 0 0 0 0 7 0 0 0 0 2 3 0 0 0 0 0 0 0 0 0 0 0 0 988 0 1000 0 0 -12.6
0 0 0 0 0 0 0 0 1 0 0 0 1 1 0 0 0 0 0 0 0 0 0 0 0 0 997 0 1000 0 0 -13.5
0 0 0 0 0 0 0 1 0 0 0 0 1 0 0 0 0 0 0 0 0 0 0 0 0 0 998 0 1000 0 0 -14.4
0 0 0 0 0 0 0 2 2 0 0 0 0 0 0 0 0 0 0 0 0 0 0 0 0 0 996 0 1000 0 0 -15.3
0 0 0 0 0 0 0 0 0 0 0 0 0 0 0 0 0 0 0 0 0 0 0 0 0 0 1000 0 1000 0 0 -16.2
0 0 0 0 0 0 0 1 0 0 0 0 0 0 0 0 0 0 0 0 0 0 0 0 0 0 999 0 1000 0 0 -17.1
0 0 0 0 0 0 0 0 1 0 0 0 2 0 0 0 0 0 0 0 0 0 0 0 0 0 997 0 1000 0 0 -18
0 0 0 0 0 0 0 1 0 0 0 0 0 0 0 0 0 0 0 0 0 0 0 0 0 0 999 0 1000 0 0 -18.9
0 0 0 0 0 0 0 0 0 0 0 0 0 0 0 0 0 0 0 0 0 0 0 0 0 0 1000 0 1000 0 0 -19.8
0 0 0 0 0 0 0 0 0 0 0 0 0 0 0 0 0 0 0 0 0 0 0 0 0 0 1000 0 1000 0 0 -20.7
0 0 0 0 0 0 0 0 0 0 0 0 0 0 0 0 0 0 0 0 0 0 0 0 0 0 1000 0 1000 0 0 -21.6
0 0 0 0 0 0 0 0 0 0 0 0 0 0 0 0 0 0 0 0 0 0 0 0 0 0 1000 0 1000 0 0 -22.5
0 0 0 0 0 0 0 0 0 0 0 0 0 0 0 0 0 0 0 0 0 0 0 0 0 0 1000 0 1000 0 0 -23.4
0 0 0 0 0 0 0 0 0 0 0 0 0 0 0 0 0 0 0 0 0 0 0 0 0 0 1000 0 1000 0 0 -24.3
0 0 0 0 0 0 0 0 0 0 0 0 0 0 0 0 0 0 0 0 0 0 0 0 0 0 1000 0 1000 0 0 -25.2
0 0 0 0 0 0 0 0 0 0 0 0 0 0 0 0 0 0 0 0 0 0 0 0 0 0 1000 0 1000 0 0 -26.1
0 0 0 0 0 0 0 0 0 0 0 0 0 0 0 0 0 0 0 0 0 0 0 0 0 0 1000 0 1000 0 0 -27
0 0 0 0 0 0 0 0 0 0 0 0 0 0 0 0 0 0 0 0 0 0 0 0 0 0 1000 0 1000 0 0 -27.9
0 0 0 0 0 0 0 0 0 0 0 0 0 0 0 0 0 0 0 0 0 0 0 0 0 0 1000 0 1000 0 0 -28.8
0 0 0 0 0 0 0 0 0 0 0 0 0 0 0 0 0 0 0 0 0 0 0 0 0 0 1000 0 1000 0 0 -29.7
0 0 0 0 0 0 0 0 0 0 0 0 0 0 0 0 0 0 0 0 0 0 0 0 0 0 1000 0 1000 0 0 -30.6
0 0 0 0 0 0 0 0 0 0 0 0 0 0 0 0 0 0 0 0 0 0 0 0 0 0 1000 0 1000 0 0 -31.5
0 0 0 0 0 0 0 0 0 0 0 0 0 0 0 0 0 0 0 0 0 0 0 0 0 0 1000 0 1000 0 0 -32.4
0 0 0 0 0 0 0 0 0 0 0 0 0 0 0 0 0 0 0 0 0 0 0 0 0 0 1000 0 1000 0 0 -33.3
0 0 0 0 0 0 0 0 0 0 0 0 0 0 0 0 0 0 0 0 0 0 0 0 0 0 1000 0 1000 0 0 -34.2
