0 0 0 0 0 0 0 23 7 0 0 0 29 4 0 0 0 0 0 0 0 0 0 0 0 0 937 0 1000 0 0 9.9
0 0 0 0 0 0 0 386 59 0 0 0 349 53 0 0 0 0 0 0 0 0 0 0 0 0 153 0 1000 0 0 9
0 0 0 0 0 0 0 440 68 0 0 0 411 69 0 0 0 0 0 0 0 0 0 0 0 0 12 0 1000 0 0 8.1
0 0 0 0 0 0 0 416 87 0 0 0 395 96 0 0 0 0 0 0 0 0 0 0 0 0 6 0 1000 0 0 7.2
0 0 0 0 0 0 0 402 97 0 0 0 402 92 0 0 0 0 0 0 0 0 0 0 0 0 7 0 1000 0 0 6.3
0 0 0 0 0 0 0 405 112 0 0 0 364 113 0 0 0 0 0 0 0 0 0 0 0 0 6 0 1000 0 0 5.4
0 0 0 0 0 0 0 338 133 0 0 0 373 149 0 0 0 0 0 0 0 0 0 0 0 0 7 0 1000 0 0 4.5
0 0 0 0 0 0 0 367 153 0 0 0 329 144 0 0 0 0 0 0 0 0 0 0 0 0 7 0 1000 0 0 3.6
0 0 0 0 0 0 0 349 163 0 0 0 332 147 0 0 0 0 0 0 0 0 0 0 0 0 9 0 1000 0 0 2.7
0 0 0 0 0 0 0 368 171 0 0 0 309 145 0 0 0 0 0 0 0 0 0 0 0 0 7 0 1000 0 0 1.8
0 0 0 0 0 0 0 335 153 0 0 0 333 166 0 0 0 0 0 0 0 0 0 0 0 0 13 0 1000 0 0 0.9
0 0 0 0 0 0 0 285 126 0 0 0 238 154 0 0 0 0 0 0 0 0 0 0 0 0 197 0 1000 0 0 0
0 0 0 0 0 0 0 221 95 0 0 0 206 107 0 0 0 0 0 0 0 0 0 0 0 0 371 0 1000 0 0 -0.9
0 0 0 0 0 0 0 121 78 0 0 0 160 72 0 0 0 0 0 0 0 0 0 0 0 0 569 0 1000 0 0 -1.8
0 0 0 0 0 0 0 80 44 1 0 0 100 63 0 0 0 0 0 0 0 0 0 0 0 0 712 0 1000 0 0 -2.7
0 0 0 0 0 0 0 74 34 0 0 0 68 50 0 0 0 1 0 0 0 0 0 0 0 0 773 0 1000 0 0 -3.6
0 0 0 0 0 0 0 44 28 0 0 0 39 37 0 0 0 0 0 0 0 0 0 0 0 0 852 0 1000 0 0 -4.5
0 0 0 0 0 0 0 35 16 0 0 0 32 18 0 0 0 0 0 0 0 0 0 0 0 0 899 0 1000 0 0 -5.4
0 0 0 0 0 0 0 32 15 0 0 0 24 17 0 0 0 0 0 0 0 0 0 0 0 0 912 0 1000 0 0 -6.3
0 0 0 0 0 0 0 20 12 0 0 0 15 11 0 0 0 0 0 0 0 0 0 0 0 0 942 0 1000 0 0 -7.2
0 0 0 0 0 0 0 8 11 0 0 0 12 10 0 0 0 0 0 0 0 0 0 0 0 0 959 0 1000 0 0 -8.1
0 0 0 0 0 0 0 7 9 0 0 0 10 6 0 0 0 0 0 0 0 0 0 0 0 0 968 0 1000 0 0 -9
0 0 0 0 0 0 0 2 4 0 0 0 2 6 0 0 0 0 0 0 0 0 0 0 0 0 986 0 1000 0 0 -9.9
0 0 0 0 0 0 0 3 2 0 0 0 1 2 0 0 0 0 0 0 0 0 0 0 0 0 992 0 1000 0 0 -10.8
0 0 0 0 0 0 0 1 0 0 0 0 6 1 0 0 0 0 0 0 0 0 0 0 0 0 992 0 1000 0 0 -11.7
0 0 0 0 0 0 0 0 0 0 0 0 1 0 0 0 0 0 0 0 0 0 0 0 0 0 999 0 1000 0 0 -12.6
0 0 0 0 0 0 0 2 1 0 0 0 1 2 0 0 0 0 0 0 0 0 0 0 0 0 994 0 1000 0 0 -13.5
0 0 0 0 0 0 0 0 2 0 0 0 0 0 0 0 0 0 0 0 0 0 0 0 0 0 998 0 1000 0 0 -14.4
0 0 0 0 0 0 0 0 1 0 0 0 0 0 0 0 0 0 0 0 0 0 0 0 0 0 999 0 1000 0 0 -15.3
0 0 0 0 0 0 0 1 0 0 0 0 0 0 0 0 0 0 0 0 0 0 0 0 0 0 999 0 1000 0 0 -16.2
0 0 0 0 0 0 0 0 0 0 0 0 1 1 0 0 0 0 0 0 0 0 0 0 0 0 998 0 1000 0 0 -17.1
0 0 0 0 0 0 0 0 0 0 0 0 0 0 0 0 0 0 0 0 0 0 0 0 0 0 1000 0 1000 0 0 -18
0 0 0 0 0 0 0 0 1 0 0 0 0 2 0 0 0 0 0 0 0 0 0 0 0 0 997 0 1000 0 0 -18.9
0 0 0 0 0 0 0 0 0 0 0 0 0 0 0 0 0 0 0 0 0 0 0 0 0 0 1000 0 1000 0 0 -19.8
0 0 0 0 0 0 0 1 0 0 0 0 0 0 0 0 0 0 0 0 0 0 0 0 0 0 999 0 1000 0 0 -20.7
0 0 0 0 0 0 0 0 0 0 0 0 0 0 0 0 0 0 0 0 0 0 0 0 0 0 1000 0 1000 0 0 -21.6
0 0 0 0 0 0 0 0 0 0 0 0 0 0 0 0 0 0 0 0 0 0 0 0 0 0 1000 0 1000 0 0 -22.5
0 0 0 0 0 0 0 0 0 0 0 0 0 0 0 0 0 0 0 0 0 0 0 0 0 0 1000 0 1000 0 0 -23.4
0 0 0 0 0 0 0 0 0 0 0 0 0 0 0 0 0 0 0 0 0 0 0 0 0 0 1000 0 1000 0 0 -24.3
0 0 0 0 0 0 0 0 0 0 0 0 0 0 0 0 0 0 0 0 0 0 0 0 0 0 1000 0 1000 0 0 -25.2
0 0 0 0 0 0 0 0 0 0 0 0 0 0 0 0 0 0 0 0 0 0 0 0 0 0 1000 0 1000 0 0 -26.1
0 0 0 0 0 0 0 0 0 0 0 0 0 0 0 0 0 0 0 0 0 0 0 0 0 0 1000 0 1000 0 0 -27
0 0 0 0 0 0 0 0 0 0 0 0 0 0 0 0 0 0 0 0 0 0 0 0 0 0 1000 0 1000 0 0 -27.9
0 0 0 0 0 0 0 0 0 0 0 0 0 0 0 0 0 0 0 0 0 0 0 0 0 0 1000 0 1000 0 0 -28.8
0 0 0 0 0 0 0 0 0 0 0 0 0 0 0 0 0 0 0 0 0 0 0 0 0 0 1000 0 1000 0 0 -29.7
0 0 0 0 0 0 0 0 0 0 0 0 0 0 0 0 0 0 0 0 0 0 0 0 0 0 1000 0 1000 0 0 -30.6
0 0 0 0 0 0 0 0 0 0 0 0 0 0 0 0 0 0 0 0 0 0 0 0 0 0 1000 0 1000 0 0 -31.5
0 0 0 0 0 0 0 0 0 0 0 0 0 0 0 0 0 0 0 0 0 0 0 0 0 0 1000 0 1000 0 0 -32.4
0 0 0 0 0 0 0 0 0 0 0 0 0 0 0 0 0 0 0 0 0 0 0 0 0 0 1000 0 1000 0 0 -33.3
0 0 0 0 0 0 0 0 0 0 0 0 0 0 0 0 0 0 0 0 0 0 0 0 0 0 1000 0 1000 0 0 -34.2
