0 0 0 0 0 0 0 37 0 0 0 0 30 0 0 0 0 0 0 0 0 0 0 0 0 0 933 0 1000 0 0 9.9
0 0 0 0 0 0 0 412 2 0 0 0 429 0 0 0 0 0 0 0 0 0 0 0 0 0 157 0 1000 0 0 9
0 0 0 0 0 0 0 490 3 0 0 0 499 1 0 0 0 0 0 0 0 0 0 0 0 0 7 0 1000 0 0 8.1
0 0 0 0 0 0 0 496 6 0 0 0 486 4 0 0 0 0 0 0 0 0 0 0 0 0 8 0 1000 0 0 7.2
0 0 0 0 0 0 0 475 10 0 0 0 500 9 0 0 0 0 0 0 0 0 0 0 0 0 6 0 1000 0 0 6.3
0 0 0 0 0 0 0 495 22 0 0 0 455 18 0 0 0 0 0 0 0 0 0 0 0 0 10 0 1000 0 0 5.4
0 0 0 0 0 0 0 471 25 0 0 0 464 34 0 0 0 0 0 0 0 0 0 0 0 0 6 0 1000 0 0 4.5
0 0 0 0 0 0 0 472 27 0 0 0 467 32 0 0 0 0 0 0 0 0 0 0 0 0 2 0 1000 0 0 3.6
0 0 0 0 0 0 0 452 47 0 0 0 452 47 0 0 0 0 0 0 0 0 0 0 0 0 2 0 1000 0 0 2.7
0 0 0 0 0 0 2 440 45 0 0 0 469 40 0 0 0 0 0 0 0 0 0 0 0 0 4 0 1000 0 0 1.8
0 0 0 0 0 0 0 461 35 0 0 0 440 48 0 0 0 0 0 0 0 0 0 0 0 0 16 0 1000 0 0 0.9
0 0 0 0 0 0 0 390 42 0 0 0 379 40 0 0 0 0 0 0 0 0 0 0 0 0 149 0 1000 0 0 0
0 0 0 0 0 0 0 261 37 0 0 0 276 33 0 0 0 0 0 0 0 0 0 0 0 0 393 0 1000 0 0 -0.9
0 0 0 0 0 0 0 206 35 0 0 0 199 28 0 0 0 0 0 0 0 0 0 0 0 0 532 0 1000 0 0 -1.8
0 0 0 0 0 0 1 137 23 0 0 0 137 19 0 0 0 0 0 0 0 0 0 0 0 0 683 0 1000 0 0 -2.7
0 0 0 0 0 0 0 98 15 0 0 0 94 19 0 0 0 0 0 0 0 0 0 0 0 0 774 0 1000 0 0 -3.6
0 0 0 0 0 0 1 71 15 0 0 0 68 8 0 0 0 0 0 0 0 0 0 0 0 0 837 0 1000 0 0 -4.5
0 0 0 0 0 0 0 52 12 0 0 0 38 9 0 0 0 0 0 0 0 0 0 0 0 0 889 0 1000 0 0 -5.4
0 0 0 0 0 0 0 24 7 0 0 0 42 3 0 0 0 0 0 0 0 0 0 0 0 0 924 0 1000 0 0 -6.3
0 0 0 0 0 0 0 12 5 0 0 0 34 6 0 0 0 0 0 0 0 0 0 0 0 0 943 0 1000 0 0 -7.2
0 0 0 0 0 0 0 23 3 0 0 0 10 0 0 0 0 0 0 0 0 0 0 0 0 0 964 0 1000 0 0 -8.1
0 0 0 0 0 0 0 3 3 0 0 0 11 3 0 0 0 0 0 0 0 0 0 0 0 0 980 0 1000 0 0 -9
0 0 0 0 0 0 0 3 1 0 0 0 10 2 0 0 0 0 0 0 0 0 0 0 0 0 984 0 1000 0 0 -9.9
0 0 0 0 0 0 0 4 1 0 0 0 8 2 0 0 0 0 0 0 0 0 0 0 0 0 985 0 1000 0 0 -10.8
0 0 0 0 0 0 0 5 4 0 0 0 3 2 0 0 0 0 0 0 0 0 0 0 0 0 986 0 1000 0 0 -11.7
0 0 0 0 0 0 0 1 1 0 0 0 1 0 0 0 0 0 0 0 0 0 0 0 0 0 997 0 1000 0 0 -12.6
0 0 0 0 0 0 0 5 2 0 0 0 2 0 0 0 0 0 0 0 0 0 0 0 0 0 991 0 1000 0 0 -13.5
0 0 0 0 0 0 0 1 1 0 0 0 0 0 0 0 0 0 0 0 0 0 0 0 0 0 998 0 1000 0 0 -14.4
0 0 0 0 0 0 0 1 0 0 0 0 1 0 0 0 0 0 0 0 0 0 0 0 0 0 998 0 1000 0 0 -15.3
0 0 0 0 0 0 0 2 0 0 0 0 0 1 0 0 0 0 0 0 0 0 0 0 0 0 997 0 1000 0 0 -16.2
0 0 0 0 0 0 0 0 0 0 0 0 0 0 0 0 0 0 0 0 0 0 0 0 0 0 1000 0 1000 0 0 -17.1
0 0 0 0 0 0 0 0 0 0 0 0 0 0 0 0 0 0 0 0 0 0 0 0 0 0 1000 0 1000 0 0 -18
0 0 0 0 0 0 0 0 0 0 0 0 1 0 0 0 0 0 0 0 0 0 0 0 0 0 999 0 1000 0 0 -18.9
0 0 0 0 0 0 0 0 0 0 0 0 0 0 0 0 0 0 0 0 0 0 0 0 0 0 1000 0 1000 0 0 -19.8
0 0 0 0 0 0 0 0 0 0 0 0 0 0 0 0 0 0 0 0 0 0 0 0 0 0 1000 0 1000 0 0 -20.7
0 0 0 0 0 0 0 0 0 0 0 0 0 0 0 0 0 0 0 0 0 0 0 0 0 0 1000 0 1000 0 0 -21.6
0 0 0 0 0 0 0 0 0 0 0 0 0 0 0 0 0 0 0 0 0 0 0 0 0 0 1000 0 1000 0 0 -22.5
0 0 0 0 0 0 0 0 0 0 0 0 0 0 0 0 0 0 0 0 0 0 0 0 0 0 1000 0 1000 0 0 -23.4
0 0 0 0 0 0 0 0 0 0 0 0 0 0 0 0 0 0 0 0 0 0 0 0 0 0 1000 0 1000 0 0 -24.3
0 0 0 0 0 0 0 0 0 0 0 0 0 0 0 0 0 0 0 0 0 0 0 0 0 0 1000 0 1000 0 0 -25.2
0 0 0 0 0 0 0 0 0 0 0 0 0 0 0 0 0 0 0 0 0 0 0 0 0 0 1000 0 1000 0 0 -26.1
0 0 0 0 0 0 0 0 0 0 0 0 0 0 0 0 0 0 0 0 0 0 0 0 0 0 1000 0 1000 0 0 -27
0 0 0 0 0 0 0 0 0 0 0 0 0 0 0 0 0 0 0 0 0 0 0 0 0 0 1000 0 1000 0 0 -27.9
0 0 0 0 0 0 0 0 0 0 0 0 0 0 0 0 0 0 0 0 0 0 0 0 0 0 1000 0 1000 0 0 -28.8
0 0 0 0 0 0 0 0 0 0 0 0 0 0 0 0 0 0 0 0 0 0 0 0 0 0 1000 0 1000 0 0 -29.7
0 0 0 0 0 0 0 0 0 0 0 0 0 0 0 0 0 0 0 0 0 0 0 0 0 0 1000 0 1000 0 0 -30.6
0 0 0 0 0 0 0 0 0 0 0 0 0 0 0 0 0 0 0 0 0 0 0 0 0 0 1000 0 1000 0 0 -31.5
0 0 0 0 0 0 0 0 0 0 0 0 0 0 0 0 0 0 0 0 0 0 0 0 0 0 1000 0 1000 0 0 -32.4
0 0 0 0 0 0 0 0 0 0 0 0 0 0 0 0 0 0 0 0 0 0 0 0 0 0 1000 0 1000 0 0 -33.3
0 0 0 0 0 0 0 0 0 0 0 0 0 0 0 0 0 0 0 0 0 0 0 0 0 0 1000 0 1000 0 0 -34.2
