0 0 0 0 0 0 0 4 1 0 0 0 80 0 0 0 0 0 0 0 0 0 0 0 0 0 915 0 1000 0 0 9.9
0 0 0 0 0 0 0 34 0 0 0 0 814 1 0 0 0 0 0 0 0 0 0 0 0 0 151 0 1000 0 0 9
0 0 0 0 0 0 0 1 0 0 0 0 994 0 0 0 0 0 0 0 0 0 0 0 0 0 5 0 1000 0 0 8.1
0 0 0 0 0 0 0 4 0 0 0 0 986 1 0 0 0 0 0 0 0 0 0 0 0 0 9 0 1000 0 0 7.2
0 0 0 0 0 0 0 37 1 0 0 0 953 4 0 0 0 0 0 0 0 0 0 0 0 0 5 0 1000 0 0 6.3
0 0 0 0 0 0 0 113 18 0 0 0 832 27 0 0 0 0 0 0 0 0 0 0 0 0 10 0 1000 0 0 5.4
0 0 0 0 0 0 0 178 19 0 0 0 759 44 0 0 0 0 0 0 0 0 0 0 0 0 0 0 1000 0 0 4.5
0 0 0 0 0 0 0 234 26 0 0 0 694 42 0 0 0 0 0 0 0 0 0 0 0 0 4 0 1000 0 0 3.6
0 0 0 0 0 0 0 251 39 0 0 0 639 65 0 0 0 0 0 0 0 0 0 0 0 0 6 0 1000 0 0 2.7
0 0 0 0 0 0 0 230 41 0 0 0 661 66 0 0 0 0 0 0 0 0 0 0 0 0 2 0 1000 0 0 1.8
0 0 0 0 0 0 0 256 47 0 0 0 629 57 0 0 0 0 0 0 0 0 0 0 0 0 11 0 1000 0 0 0.9
0 0 0 0 0 0 0 230 38 0 0 0 518 56 0 0 0 0 0 0 0 0 0 0 0 0 158 0 1000 0 0 0
0 0 0 0 0 0 0 175 34 0 0 0 355 55 0 0 0 0 0 0 0 0 0 0 0 0 381 0 1000 0 0 -0.9
0 0 0 0 0 0 0 125 18 0 0 0 263 41 0 0 0 0 0 0 0 0 0 0 0 0 553 0 1000 0 0 -1.8
0 0 0 0 0 0 0 108 17 0 0 1 158 26 0 0 0 0 0 0 0 0 0 0 0 0 690 0 1000 0 0 -2.7
0 0 0 0 0 0 0 55 13 0 0 1 102 22 0 0 0 0 0 0 0 0 0 0 0 0 807 0 1000 0 0 -3.6
0 0 0 0 0 0 0 47 13 0 0 0 77 23 0 0 0 0 0 0 0 0 0 0 0 0 840 0 1000 0 0 -4.5
0 0 0 0 0 0 0 36 10 0 0 0 60 17 0 0 0 0 0 0 0 0 0 0 0 0 877 0 1000 0 0 -5.4
0 0 0 0 0 0 0 22 4 0 0 0 47 13 0 0 0 0 0 0 0 0 0 0 0 0 914 0 1000 0 0 -6.3
0 0 0 0 0 0 0 11 9 0 0 0 33 3 0 0 0 0 0 0 0 0 0 0 0 0 944 0 1000 0 0 -7.2
0 0 0 0 0 0 0 11 3 0 0 0 22 4 0 0 0 0 0 0 0 0 0 0 0 0 960 0 1000 0 0 -8.1
0 0 0 0 0 0 0 4 5 0 0 0 16 6 0 0 0 0 0 0 0 0 0 0 0 0 969 0 1000 0 0 -9
0 0 0 0 0 0 1 7 1 0 0 0 10 7 0 0 0 0 0 0 0 0 0 0 0 0 974 0 1000 0 0 -9.9
0 0 0 0 0 0 0 6 2 0 0 0 6 1 0 0 0 0 0 0 0 0 0 0 0 0 985 0 1000 0 0 -10.8
0 0 0 0 0 0 0 2 1 0 0 1 6 3 0 0 0 0 0 0 0 0 0 0 0 0 987 0 1000 0 0 -11.7
0 0 0 0 0 0 0 5 0 0 0 0 3 1 0 0 0 0 0 0 0 0 0 0 0 0 991 0 1000 0 0 -12.6
0 0 0 0 0 0 0 2 0 0 0 0 3 1 0 0 0 0 0 0 0 0 0 0 0 0 994 0 1000 0 0 -13.5
0 0 0 0 0 0 0 1 0 0 0 0 4 2 0 0 0 0 0 0 0 0 0 0 0 0 993 0 1000 0 0 -14.4
0 0 0 0 0 0 0 1 0 0 0 0 1 0 0 0 0 0 0 0 0 0 0 0 0 0 998 0 1000 0 0 -15.3
0 0 0 0 0 0 0 0 0 0 0 0 0 0 0 0 0 0 0 0 0 0 0 0 0 0 1000 0 1000 0 0 -16.2
0 0 0 0 0 0 0 0 0 0 0 0 1 1 0 0 0 0 0 0 0 0 0 0 0 0 998 0 1000 0 0 -17.1
0 0 0 0 0 0 0 1 0 0 0 0 0 0 0 0 0 0 0 0 0 0 0 0 0 0 999 0 1000 0 0 -18
0 0 0 0 0 0 0 1 0 0 0 0 0 0 0 0 0 0 0 0 0 0 0 0 0 0 999 0 1000 0 0 -18.9
0 0 0 0 0 0 0 0 0 0 0 0 0 0 0 0 0 0 0 0 0 0 0 0 0 0 1000 0 1000 0 0 -19.8
0 0 0 0 0 0 0 0 0 0 0 0 0 0 0 0 0 0 0 0 0 0 0 0 0 0 1000 0 1000 0 0 -20.7
0 0 0 0 0 0 0 0 0 0 0 0 0 0 0 0 0 0 0 0 0 0 0 0 0 0 1000 0 1000 0 0 -21.6
0 0 0 0 0 0 0 0 0 0 0 0 0 0 0 0 0 0 0 0 0 0 0 0 0 0 1000 0 1000 0 0 -22.5
0 0 0 0 0 0 0 0 0 0 0 0 0 0 0 0 0 0 0 0 0 0 0 0 0 0 1000 0 1000 0 0 -23.4
0 0 0 0 0 0 0 0 0 0 0 0 0 0 0 0 0 0 0 0 0 0 0 0 0 0 1000 0 1000 0 0 -24.3
0 0 0 0 0 0 0 0 0 0 0 0 0 0 0 0 0 0 0 0 0 0 0 0 0 0 1000 0 1000 0 0 -25.2
0 0 0 0 0 0 0 0 0 0 0 0 0 0 0 0 0 0 0 0 0 0 0 0 0 0 1000 0 1000 0 0 -26.1
0 0 0 0 0 0 0 0 0 0 0 0 0 0 0 0 0 0 0 0 0 0 0 0 0 0 1000 0 1000 0 0 -27
0 0 0 0 0 0 0 0 0 0 0 0 0 0 0 0 0 0 0 0 0 0 0 0 0 0 1000 0 1000 0 0 -27.9
0 0 0 0 0 0 0 0 0 0 0 0 0 0 0 0 0 0 0 0 0 0 0 0 0 0 1000 0 1000 0 0 -28.8
0 0 0 0 0 0 0 0 0 0 0 0 0 0 0 0 0 0 0 0 0 0 0 0 0 0 1000 0 1000 0 0 -29.7
0 0 0 0 0 0 0 0 0 0 0 0 0 0 0 0 0 0 0 0 0 0 0 0 0 0 1000 0 1000 0 0 -30.6
0 0 0 0 0 0 0 0 0 0 0 0 0 0 0 0 0 0 0 0 0 0 0 0 0 0 1000 0 1000 0 0 -31.5
0 0 0 0 0 0 0 0 0 0 0 0 0 0 0 0 0 0 0 0 0 0 0 0 0 0 1000 0 1000 0 0 -32.4
0 0 0 0 0 0 0 0 0 0 0 0 0 0 0 0 0 0 0 0 0 0 0 0 0 0 1000 0 1000 0 0 -33.3
0 0 0 0 0 0 0 0 0 0 0 0 0 0 0 0 0 0 0 0 0 0 0 0 0 0 1000 0 1000 0 0 -34.2
