0 0 0 0 0 0 0 0 0 0 0 0 24 34 0 0 0 0 0 0 0 0 0 0 0 0 942 0 1000 0 0 9.9
0 0 0 0 0 0 0 0 0 0 0 0 420 440 0 0 0 0 0 0 0 0 0 0 0 0 140 0 1000 0 0 9
0 0 0 0 0 0 0 0 0 0 0 0 488 509 0 0 0 0 1 0 0 0 0 0 0 0 2 0 1000 0 0 8.1
0 0 0 0 0 0 0 1 0 0 0 0 492 499 0 0 0 0 0 0 0 0 0 0 0 0 8 0 1000 0 0 7.2
0 0 0 0 0 0 0 0 0 0 0 0 511 483 0 0 0 0 0 0 0 0 0 0 0 0 6 0 1000 0 0 6.3
0 0 0 0 0 0 0 0 1 0 0 0 506 489 0 0 0 1 0 0 0 0 0 0 0 0 3 0 1000 0 0 5.4
0 0 0 0 0 0 0 2 1 0 0 0 495 497 0 0 0 1 1 0 0 0 0 0 0 0 3 0 1000 0 0 4.5
0 0 0 0 0 0 0 5 2 0 0 0 501 488 0 0 0 1 0 0 0 0 0 0 0 0 3 0 1000 0 0 3.6
0 0 0 0 0 0 0 3 1 0 0 0 487 506 0 0 0 2 0 0 0 0 0 0 0 0 1 0 1000 0 0 2.7
0 0 0 0 0 0 0 3 2 0 0 0 477 514 0 0 0 1 0 0 0 0 0 0 0 0 3 0 1000 0 0 1.8
0 0 0 0 0 0 0 0 5 0 0 0 499 484 0 0 0 1 1 0 0 0 0 0 0 0 10 0 1000 0 0 0.9
0 0 0 0 0 0 0 1 4 0 0 0 438 401 0 0 0 0 0 0 0 0 0 0 0 0 156 0 1000 0 0 0
0 0 0 0 0 0 0 0 1 0 0 0 302 291 0 0 0 1 0 0 0 0 0 0 0 0 405 0 1000 0 0 -0.9
0 0 0 0 0 0 0 5 2 0 0 0 194 213 0 0 0 2 1 0 0 0 0 0 0 0 583 0 1000 0 0 -1.8
0 0 0 0 0 0 0 2 3 0 0 0 154 149 0 0 0 1 1 0 0 0 0 0 0 0 690 0 1000 0 0 -2.7
0 0 0 0 0 0 0 7 4 0 0 0 118 109 0 0 0 0 1 0 0 0 0 0 0 0 761 0 1000 0 0 -3.6
0 0 0 0 0 0 0 1 4 0 0 0 75 67 0 0 0 1 1 0 0 0 0 0 0 0 851 0 1000 0 0 -4.5
0 0 0 0 0 0 0 2 1 0 0 0 53 47 0 0 0 0 0 0 0 0 0 0 0 0 897 0 1000 0 0 -5.4
0 0 0 0 0 0 0 0 1 0 0 0 47 29 0 0 0 2 2 0 0 0 0 0 0 0 919 0 1000 0 0 -6.3
0 0 0 0 0 0 0 2 3 0 0 0 24 23 0 0 0 0 0 0 0 0 0 0 0 0 948 0 1000 0 0 -7.2
0 0 0 0 0 0 0 1 2 0 0 0 12 18 0 0 0 1 1 0 0 0 0 0 0 0 965 0 1000 0 0 -8.1
0 0 0 0 0 0 0 0 1 0 0 0 15 16 0 0 0 0 0 0 0 0 0 0 0 0 968 0 1000 0 0 -9
0 0 0 0 0 0 0 0 1 0 0 0 15 7 0 0 0 0 0 0 0 0 0 0 0 0 977 0 1000 0 0 -9.9
0 0 0 0 0 0 0 1 0 0 0 0 10 4 0 0 0 0 0 0 0 0 0 0 0 0 985 0 1000 0 0 -10.8
0 0 0 0 0 0 0 0 0 0 0 0 3 11 0 0 0 1 1 0 0 0 0 0 0 0 984 0 1000 0 0 -11.7
0 0 0 0 0 0 0 0 0 0 0 0 1 5 0 0 0 0 0 0 0 0 0 0 0 0 994 0 1000 0 0 -12.6
0 0 0 0 0 0 0 0 1 0 0 0 1 3 0 0 0 0 0 0 0 0 0 0 0 0 995 0 1000 0 0 -13.5
0 0 0 0 0 0 0 0 0 0 0 0 1 1 0 0 0 0 0 0 0 0 0 0 0 0 998 0 1000 0 0 -14.4
0 0 0 0 0 0 0 0 0 0 0 0 1 1 0 0 0 0 1 0 0 0 0 0 0 0 997 0 1000 0 0 -15.3
0 0 0 0 0 0 0 0 0 0 0 0 1 0 0 0 0 0 0 0 0 0 0 0 0 0 999 0 1000 0 0 -16.2
0 0 0 0 0 0 0 0 1 0 0 0 0 0 0 0 0 0 0 0 0 0 0 0 0 0 999 0 1000 0 0 -17.1
0 0 0 0 0 0 0 0 0 0 0 0 0 0 0 0 0 0 0 0 0 0 0 0 0 0 1000 0 1000 0 0 -18
0 0 0 0 0 0 0 0 0 0 0 0 0 0 0 0 0 0 0 0 0 0 0 0 0 0 1000 0 1000 0 0 -18.9
0 0 0 0 0 0 0 0 0 0 0 0 0 0 0 0 0 0 1 0 0 0 0 0 0 0 999 0 1000 0 0 -19.8
0 0 0 0 0 0 0 0 0 0 0 0 0 0 0 0 0 0 0 0 0 0 0 0 0 0 1000 0 1000 0 0 -20.7
0 0 0 0 0 0 0 0 0 0 0 0 0 0 0 0 0 0 0 0 0 0 0 0 0 0 1000 0 1000 0 0 -21.6
0 0 0 0 0 0 0 0 0 0 0 0 0 0 0 0 0 0 0 0 0 0 0 0 0 0 1000 0 1000 0 0 -22.5
0 0 0 0 0 0 0 0 0 0 0 0 0 0 0 0 0 0 0 0 0 0 0 0 0 0 1000 0 1000 0 0 -23.4
0 0 0 0 0 0 0 0 0 0 0 0 0 0 0 0 0 0 0 0 0 0 0 0 0 0 1000 0 1000 0 0 -24.3
0 0 0 0 0 0 0 0 0 0 0 0 0 0 0 0 0 0 0 0 0 0 0 0 0 0 1000 0 1000 0 0 -25.2
0 0 0 0 0 0 0 0 0 0 0 0 0 0 0 0 0 0 0 0 0 0 0 0 0 0 1000 0 1000 0 0 -26.1
0 0 0 0 0 0 0 0 0 0 0 0 0 0 0 0 0 0 0 0 0 0 0 0 0 0 1000 0 1000 0 0 -27
0 0 0 0 0 0 0 0 0 0 0 0 0 0 0 0 0 0 0 0 0 0 0 0 0 0 1000 0 1000 0 0 -27.9
0 0 0 0 0 0 0 0 0 0 0 0 0 0 0 0 0 0 0 0 0 0 0 0 0 0 1000 0 1000 0 0 -28.8
0 0 0 0 0 0 0 0 0 0 0 0 0 0 0 0 0 0 0 0 0 0 0 0 0 0 1000 0 1000 0 0 -29.7
0 0 0 0 0 0 0 0 0 0 0 0 0 0 0 0 0 0 0 0 0 0 0 0 0 0 1000 0 1000 0 0 -30.6
0 0 0 0 0 0 0 0 0 0 0 0 0 0 0 0 0 0 0 0 0 0 0 0 0 0 1000 0 1000 0 0 -31.5
0 0 0 0 0 0 0 0 0 0 0 0 0 0 0 0 0 0 0 0 0 0 0 0 0 0 1000 0 1000 0 0 -32.4
0 0 0 0 0 0 0 0 0 0 0 0 0 0 0 0 0 0 0 0 0 0 0 0 0 0 1000 0 1000 0 0 -33.3
0 0 0 0 0 0 0 0 0 0 0 0 0 0 0 0 0 0 0 0 0 0 0 0 0 0 1000 0 1000 0 0 -34.2
