0 0 0 0 0 0 0 0 0 0 0 0 1000 0 0 0 0 0 0 0 0 0 0 0 0 0 0 0 1000 0 0 9.9
0 0 0 0 0 0 0 0 0 0 0 0 1000 0 0 0 0 0 0 0 0 0 0 0 0 0 0 0 1000 0 0 9
0 0 0 0 0 0 0 0 0 0 0 0 1000 0 0 0 0 0 0 0 0 0 0 0 0 0 0 0 1000 0 0 8.1
0 0 0 0 0 0 0 0 0 0 0 0 1000 0 0 0 0 0 0 0 0 0 0 0 0 0 0 0 1000 0 0 7.2
0 0 0 0 0 0 0 0 0 0 0 0 1000 0 0 0 0 0 0 0 0 0 0 0 0 0 0 0 1000 0 0 6.3
0 0 0 0 0 0 0 0 0 0 0 0 1000 0 0 0 0 0 0 0 0 0 0 0 0 0 0 0 1000 0 0 5.4
0 0 0 0 0 0 0 2 0 0 0 0 998 0 0 0 0 0 0 0 0 0 0 0 0 0 0 0 1000 0 0 4.5
0 0 0 0 0 0 0 2 0 0 0 0 998 0 0 0 0 0 0 0 0 0 0 0 0 0 0 0 1000 0 0 3.6
0 0 0 0 0 0 0 13 0 0 0 0 986 1 0 0 0 0 0 0 0 0 0 0 0 0 0 0 1000 0 0 2.7
0 0 0 0 0 0 0 11 0 0 0 1 985 1 0 0 0 0 0 0 0 0 0 0 0 0 2 0 1000 0 0 1.8
0 0 0 0 0 0 0 7 0 0 0 0 986 0 0 0 0 0 0 0 0 0 0 0 0 0 7 0 1000 0 0 0.9
0 0 0 0 0 0 0 22 0 0 0 0 820 2 0 0 0 0 0 0 0 0 0 0 0 0 156 0 1000 0 0 0
0 0 0 0 0 0 0 32 0 0 0 1 572 10 0 0 0 0 0 0 0 0 0 0 0 0 385 0 1000 0 0 -0.9
0 0 0 0 0 0 0 27 0 0 0 0 401 7 0 0 0 1 0 0 0 0 0 0 0 0 564 0 1000 0 0 -1.8
0 0 0 0 0 0 1 23 1 0 0 6 265 3 0 0 0 0 0 0 0 0 0 0 0 0 701 0 1000 0 0 -2.7
0 0 0 0 0 0 0 15 0 0 0 3 217 2 0 0 0 0 0 0 0 0 0 0 0 0 763 0 1000 0 0 -3.6
0 0 0 0 0 0 0 16 3 0 0 2 139 6 0 0 0 0 0 0 0 0 0 0 0 0 834 0 1000 0 0 -4.5
0 0 0 0 0 0 0 10 2 0 0 1 90 4 0 0 0 0 0 0 0 0 0 0 0 0 893 0 1000 0 0 -5.4
0 0 0 0 0 0 0 13 2 0 0 1 62 4 0 0 0 0 0 0 0 0 0 0 0 0 918 0 1000 0 0 -6.3
0 0 0 0 0 0 0 11 1 0 0 0 48 2 0 0 0 1 0 0 0 0 0 0 0 0 937 0 1000 0 0 -7.2
0 0 0 0 0 0 1 2 0 0 0 0 28 0 0 0 0 1 1 0 0 0 0 0 0 0 967 0 1000 0 0 -8.1
0 0 0 0 0 0 0 4 2 0 0 0 29 1 0 0 0 0 0 0 0 0 0 0 0 0 964 0 1000 0 0 -9
0 0 0 0 0 0 0 3 1 0 0 1 17 1 0 0 0 0 0 0 0 0 0 0 0 0 977 0 1000 0 0 -9.9
0 0 0 0 0 0 0 1 0 0 0 1 6 2 0 0 0 0 0 0 0 0 0 0 0 0 990 0 1000 0 0 -10.8
0 0 0 0 0 0 0 1 0 0 0 1 6 0 0 0 0 0 0 0 0 0 0 0 0 0 992 0 1000 0 0 -11.7
0 0 0 0 0 0 0 1 0 0 0 0 6 0 0 0 0 0 0 0 0 0 0 0 0 0 993 0 1000 0 0 -12.6
0 0 0 0 0 0 0 0 0 0 0 0 2 0 0 0 0 0 0 0 0 0 0 0 0 0 998 0 1000 0 0 -13.5
0 0 0 0 0 0 0 0 0 0 0 0 5 0 0 0 0 0 0 0 0 0 0 0 0 0 995 0 1000 0 0 -14.4
0 0 0 0 0 0 0 0 0 0 0 0 1 0 0 0 0 0 0 0 0 0 0 0 0 0 999 0 1000 0 0 -15.3
0 0 0 0 0 0 0 0 0 0 0 0 2 0 0 0 0 0 1 0 0 0 0 0 0 0 997 0 1000 0 0 -16.2
0 0 0 0 0 0 0 0 0 0 0 0 2 0 0 0 0 0 0 0 0 0 0 0 0 0 998 0 1000 0 0 -17.1
0 0 0 0 0 0 0 1 0 0 0 0 0 0 0 0 0 0 0 0 0 0 0 0 0 0 999 0 1000 0 0 -18
0 0 0 0 0 0 0 0 0 0 0 0 0 0 0 0 0 0 0 0 0 0 0 0 0 0 1000 0 1000 0 0 -18.9
0 0 0 0 0 0 0 0 0 0 0 0 0 0 0 0 0 0 0 0 0 0 0 0 0 0 1000 0 1000 0 0 -19.8
0 0 0 0 0 0 0 0 0 0 0 0 0 0 0 0 0 0 0 0 0 0 0 0 0 0 1000 0 1000 0 0 -20.7
0 0 0 0 0 0 0 0 0 0 0 0 0 0 0 0 0 0 0 0 0 0 0 0 0 0 1000 0 1000 0 0 -21.6
0 0 0 0 0 0 0 0 0 0 0 0 0 0 0 0 0 0 0 0 0 0 0 0 0 0 1000 0 1000 0 0 -22.5
0 0 0 0 0 0 0 1 0 0 0 0 0 0 0 0 0 0 0 0 0 0 0 0 0 0 999 0 1000 0 0 -23.4
0 0 0 0 0 0 0 0 0 0 0 0 0 0 0 0 0 0 0 0 0 0 0 0 0 0 1000 0 1000 0 0 -24.3
0 0 0 0 0 0 0 0 0 0 0 0 0 0 0 0 0 0 0 0 0 0 0 0 0 0 1000 0 1000 0 0 -25.2
0 0 0 0 0 0 0 0 0 0 0 0 0 0 0 0 0 0 0 0 0 0 0 0 0 0 1000 0 1000 0 0 -26.1
0 0 0 0 0 0 0 0 0 0 0 0 0 0 0 0 0 0 0 0 0 0 0 0 0 0 1000 0 1000 0 0 -27
0 0 0 0 0 0 0 0 0 0 0 0 0 0 0 0 0 0 0 0 0 0 0 0 0 0 1000 0 1000 0 0 -27.9
0 0 0 0 0 0 0 0 0 0 0 0 0 0 0 0 0 0 0 0 0 0 0 0 0 0 1000 0 1000 0 0 -28.8
0 0 0 0 0 0 0 0 0 0 0 0 0 0 0 0 0 0 0 0 0 0 0 0 0 0 1000 0 1000 0 0 -29.7
0 0 0 0 0 0 0 0 0 0 0 0 0 0 0 0 0 0 0 0 0 0 0 0 0 0 1000 0 1000 0 0 -30.6
0 0 0 0 0 0 0 0 0 0 0 0 0 0 0 0 0 0 0 0 0 0 0 0 0 0 1000 0 1000 0 0 -31.5
0 0 0 0 0 0 0 0 0 0 0 0 0 0 0 0 0 0 0 0 0 0 0 0 0 0 1000 0 1000 0 0 -32.4
0 0 0 0 0 0 0 0 0 0 0 0 0 0 0 0 0 0 0 0 0 0 0 0 0 0 1000 0 1000 0 0 -33.3
0 0 0 0 0 0 0 0 0 0 0 0 0 0 0 0 0 0 0 0 0 0 0 0 0 0 1000 0 1000 0 0 -34.2
