0 0 0 0 0 0 0 0 0 0 0 0 85 0 0 0 0 0 0 0 0 0 0 0 0 0 915 0 1000 0 0 9.9
0 0 0 0 0 0 0 0 0 0 0 0 890 2 0 0 0 0 0 0 0 0 0 0 0 0 108 0 1000 0 0 9
0 0 0 0 0 0 0 0 0 0 0 0 992 1 0 0 0 0 0 0 0 0 0 0 0 0 7 0 1000 0 0 8.1
0 0 0 0 0 0 0 0 0 0 0 0 996 0 0 0 0 0 0 0 0 0 0 0 0 0 4 0 1000 0 0 7.2
0 0 0 0 0 0 0 0 0 0 0 0 994 3 0 0 0 0 0 0 0 0 0 0 0 0 3 0 1000 0 0 6.3
0 0 0 0 0 0 0 2 0 0 0 0 975 19 0 0 0 0 0 0 0 0 0 0 0 0 4 0 1000 0 0 5.4
0 0 0 0 0 0 0 0 0 0 0 0 935 64 0 0 0 0 0 0 0 0 0 0 0 0 1 0 1000 0 0 4.5
0 0 0 0 0 0 0 2 0 0 0 0 895 103 0 0 0 0 0 0 0 0 0 0 0 0 0 0 1000 0 0 3.6
0 0 0 0 0 0 0 3 1 0 0 0 872 122 0 0 0 0 0 0 0 0 0 0 0 0 2 0 1000 0 0 2.7
0 0 0 0 0 0 0 5 2 0 0 0 852 140 0 0 0 0 0 0 0 0 0 0 0 0 1 0 1000 0 0 1.8
0 0 0 0 0 0 0 1 5 0 0 0 796 188 0 0 0 0 0 0 0 0 0 0 0 0 10 0 1000 0 0 0.9
0 0 0 0 0 0 0 5 1 0 0 0 666 166 0 0 0 0 0 0 0 0 0 0 0 0 162 0 1000 0 0 0
0 0 0 0 0 0 0 5 2 0 0 0 500 112 0 0 0 2 0 0 0 0 0 0 0 0 379 0 1000 0 0 -0.9
0 0 0 0 0 0 0 4 3 0 0 0 335 95 0 0 0 2 0 0 0 0 0 0 0 0 561 0 1000 0 0 -1.8
0 0 0 0 0 0 0 4 7 0 0 0 224 87 0 0 0 2 0 0 0 0 0 0 0 0 676 0 1000 0 0 -2.7
0 0 0 0 0 0 0 0 2 0 0 0 180 57 0 0 0 0 0 0 0 0 0 0 0 0 761 0 1000 0 0 -3.6
0 0 0 0 0 0 0 2 3 0 0 0 110 47 0 0 0 0 2 0 0 0 0 0 0 0 836 0 1000 0 0 -4.5
0 0 0 0 0 0 0 4 2 0 0 0 81 30 0 0 0 1 0 0 0 0 0 0 0 0 882 0 1000 0 0 -5.4
0 0 0 0 0 0 0 3 4 0 0 0 54 19 0 0 0 0 0 0 0 0 0 0 0 0 920 0 1000 0 0 -6.3
0 0 0 0 0 0 0 0 2 0 0 0 23 18 0 0 0 0 0 0 0 0 0 0 0 0 957 0 1000 0 0 -7.2
0 0 0 0 0 0 0 1 0 0 0 0 20 9 0 0 0 0 0 0 0 0 0 0 0 0 970 0 1000 0 0 -8.1
0 0 0 0 0 0 0 2 1 0 0 0 23 8 0 0 0 1 0 0 0 0 0 0 0 0 965 0 1000 0 0 -9
0 0 0 0 0 0 0 0 1 0 0 0 17 6 0 0 0 2 0 0 0 0 0 0 0 0 974 0 1000 0 0 -9.9
0 0 0 0 0 0 0 1 0 0 0 0 10 4 0 0 0 0 0 0 0 0 0 0 0 0 985 0 1000 0 0 -10.8
0 0 0 0 0 0 0 0 0 0 0 0 1 5 0 0 0 0 1 0 0 0 0 0 0 0 993 0 1000 0 0 -11.7
0 0 0 0 0 0 0 0 0 0 0 0 5 3 0 0 0 0 0 0 0 0 0 0 0 0 992 0 1000 0 0 -12.6
0 0 0 0 0 0 0 0 0 0 0 0 4 0 0 0 0 0 0 0 0 0 0 0 0 0 996 0 1000 0 0 -13.5
0 0 0 0 0 0 0 0 0 0 0 0 3 1 0 0 0 0 1 0 0 0 0 0 0 0 995 0 1000 0 0 -14.4
0 0 0 0 0 0 0 0 0 0 0 0 3 1 0 0 0 0 0 0 0 0 0 0 0 0 996 0 1000 0 0 -15.3
0 0 0 0 0 0 0 0 0 0 0 0 0 0 0 0 0 0 0 0 0 0 0 0 0 0 1000 0 1000 0 0 -16.2
0 0 0 0 0 0 0 0 0 0 0 0 0 1 0 0 0 0 0 0 0 0 0 0 0 0 999 0 1000 0 0 -17.1
0 0 0 0 0 0 0 0 0 0 0 0 0 0 0 0 0 0 0 0 0 0 0 0 0 0 1000 0 1000 0 0 -18
0 0 0 0 0 0 0 0 0 0 0 0 0 0 0 0 0 0 0 0 0 0 0 0 0 0 1000 0 1000 0 0 -18.9
0 0 0 0 0 0 0 0 0 0 0 0 0 0 0 0 0 0 0 0 0 0 0 0 0 0 1000 0 1000 0 0 -19.8
0 0 0 0 0 0 0 0 0 0 0 0 0 0 0 0 0 0 0 0 0 0 0 0 0 0 1000 0 1000 0 0 -20.7
0 0 0 0 0 0 0 0 0 0 0 0 0 0 0 0 0 0 0 0 0 0 0 0 0 0 1000 0 1000 0 0 -21.6
0 0 0 0 0 0 0 0 0 0 0 0 0 0 0 0 0 0 0 0 0 0 0 0 0 0 1000 0 1000 0 0 -22.5
0 0 0 0 0 0 0 0 0 0 0 0 0 0 0 0 0 0 0 0 0 0 0 0 0 0 1000 0 1000 0 0 -23.4
0 0 0 0 0 0 0 0 0 0 0 0 0 0 0 0 0 0 0 0 0 0 0 0 0 0 1000 0 1000 0 0 -24.3
0 0 0 0 0 0 0 0 0 0 0 0 0 0 0 0 0 0 0 0 0 0 0 0 0 0 1000 0 1000 0 0 -25.2
0 0 0 0 0 0 0 0 0 0 0 0 0 0 0 0 0 0 0 0 0 0 0 0 0 0 1000 0 1000 0 0 -26.1
0 0 0 0 0 0 0 0 0 0 0 0 0 0 0 0 0 0 0 0 0 0 0 0 0 0 1000 0 1000 0 0 -27
0 0 0 0 0 0 0 0 0 0 0 0 0 0 0 0 0 0 0 0 0 0 0 0 0 0 1000 0 1000 0 0 -27.9
0 0 0 0 0 0 0 0 0 0 0 0 0 0 0 0 0 0 0 0 0 0 0 0 0 0 1000 0 1000 0 0 -28.8
0 0 0 0 0 0 0 0 0 0 0 0 0 0 0 0 0 0 0 0 0 0 0 0 0 0 1000 0 1000 0 0 -29.7
0 0 0 0 0 0 0 0 0 0 0 0 0 0 0 0 0 0 0 0 0 0 0 0 0 0 1000 0 1000 0 0 -30.6
0 0 0 0 0 0 0 0 0 0 0 0 0 0 0 0 0 0 0 0 0 0 0 0 0 0 1000 0 1000 0 0 -31.5
0 0 0 0 0 0 0 0 0 0 0 0 0 0 0 0 0 0 0 0 0 0 0 0 0 0 1000 0 1000 0 0 -32.4
0 0 0 0 0 0 0 0 0 0 0 0 0 0 0 0 0 0 0 0 0 0 0 0 0 0 1000 0 1000 0 0 -33.3
0 0 0 0 0 0 0 0 0 0 0 0 0 0 0 0 0 0 0 0 0 0 0 0 0 0 1000 0 1000 0 0 -34.2
