0 0 0 0 0 0 0 1 0 0 0 0 67 7 0 0 0 0 0 0 0 0 0 0 0 0 925 0 1000 0 0 9.9
0 0 0 0 0 0 0 3 1 0 0 0 805 26 0 0 0 0 0 0 0 0 0 0 0 0 165 0 1000 0 0 9
0 0 0 0 0 0 0 0 1 0 0 0 992 2 0 0 0 0 0 0 0 0 0 0 0 0 5 0 1000 0 0 8.1
0 0 0 0 0 0 0 0 0 0 0 0 989 7 0 0 0 0 0 0 0 0 0 0 0 0 4 0 1000 0 0 7.2
0 0 0 0 0 0 0 17 16 0 0 0 899 58 0 0 0 0 0 0 0 0 0 0 0 0 10 0 1000 0 0 6.3
0 0 0 0 0 0 0 37 20 0 0 0 812 127 0 0 0 0 0 0 0 0 0 0 0 0 4 0 1000 0 0 5.4
0 0 0 0 0 0 0 93 45 0 0 0 670 187 0 0 0 0 0 0 0 0 0 0 0 0 5 0 1000 0 0 4.5
0 0 0 0 0 0 0 100 61 0 0 0 621 214 0 0 0 0 0 0 0 0 0 0 0 0 4 0 1000 0 0 3.6
0 0 0 0 0 0 0 115 61 0 0 0 590 231 0 0 0 0 0 0 0 0 0 0 0 0 3 0 1000 0 0 2.7
0 0 0 0 0 0 0 115 52 0 0 0 586 243 0 0 0 0 0 0 0 0 0 0 0 0 4 0 1000 0 0 1.8
0 0 0 0 0 0 0 112 58 0 0 0 587 230 0 0 0 1 0 0 0 0 0 0 0 0 12 0 1000 0 0 0.9
0 0 0 0 0 0 0 101 39 0 0 0 492 201 0 0 0 0 0 0 0 0 0 0 0 0 167 0 1000 0 0 0
0 0 0 0 0 0 0 87 36 0 0 0 351 167 0 0 0 0 0 0 0 0 0 0 0 0 359 0 1000 0 0 -0.9
0 0 0 0 0 0 0 76 31 0 0 0 224 119 0 0 0 0 0 0 0 0 0 0 0 0 550 0 1000 0 0 -1.8
0 0 0 0 0 0 0 49 26 0 0 0 161 79 0 0 0 0 0 0 0 0 0 0 0 0 685 0 1000 0 0 -2.7
0 0 0 0 0 0 0 21 23 0 0 0 115 44 0 0 0 0 0 0 0 0 0 0 0 0 797 0 1000 0 0 -3.6
0 0 0 0 0 0 0 28 15 0 0 0 76 43 0 0 0 0 0 0 0 0 0 0 0 0 838 0 1000 0 0 -4.5
0 0 0 0 0 0 0 17 9 0 0 0 47 33 0 0 0 0 0 0 0 0 0 0 0 0 894 0 1000 0 0 -5.4
0 0 0 0 0 0 0 19 10 0 0 0 36 31 0 0 0 0 0 0 0 0 0 0 0 0 904 0 1000 0 0 -6.3
0 0 0 0 0 0 0 6 5 0 0 0 27 14 0 0 0 0 0 0 0 0 0 0 0 0 948 0 1000 0 0 -7.2
0 0 0 0 0 0 0 5 3 0 0 0 18 13 0 0 0 0 0 0 0 0 0 0 0 0 961 0 1000 0 0 -8.1
0 0 0 0 0 0 0 5 2 0 0 0 11 12 0 0 0 0 0 0 0 0 0 0 0 0 970 0 1000 0 0 -9
0 0 0 0 0 0 0 2 2 0 0 0 3 5 0 0 0 0 0 0 0 0 0 0 0 0 988 0 1000 0 0 -9.9
0 0 0 0 0 0 0 3 1 0 0 0 10 3 0 0 0 0 0 0 0 0 0 0 0 0 983 0 1000 0 0 -10.8
0 0 0 0 0 0 0 1 2 0 0 0 2 7 0 0 0 0 0 0 0 0 0 0 0 0 988 0 1000 0 0 -11.7
0 0 0 0 0 0 0 0 1 0 0 0 2 3 0 0 0 0 0 0 0 0 0 0 0 0 994 0 1000 0 0 -12.6
0 0 0 0 0 0 0 2 1 0 0 0 2 1 0 0 0 0 0 0 0 0 0 0 0 0 994 0 1000 0 0 -13.5
0 0 0 0 0 0 0 1 0 0 0 0 3 0 0 0 0 0 0 0 0 0 0 0 0 0 996 0 1000 0 0 -14.4
0 0 0 0 0 0 0 1 0 0 0 0 0 0 0 0 0 0 0 0 0 0 0 0 0 0 999 0 1000 0 0 -15.3
0 0 0 0 0 0 0 1 0 0 0 0 0 1 0 0 0 0 0 0 0 0 0 0 0 0 998 0 1000 0 0 -16.2
0 0 0 0 0 0 0 1 0 0 0 0 0 0 0 0 0 0 0 0 0 0 0 0 0 0 999 0 1000 0 0 -17.1
0 0 0 0 0 0 0 0 0 0 0 0 0 0 0 0 0 0 0 0 0 0 0 0 0 0 1000 0 1000 0 0 -18
0 0 0 0 0 0 0 0 0 0 0 0 0 0 0 0 0 0 0 0 0 0 0 0 0 0 1000 0 1000 0 0 -18.9
0 0 0 0 0 0 0 0 0 0 0 0 0 0 0 0 0 0 0 0 0 0 0 0 0 0 1000 0 1000 0 0 -19.8
0 0 0 0 0 0 0 0 0 0 0 0 0 0 0 0 0 0 0 0 0 0 0 0 0 0 1000 0 1000 0 0 -20.7
0 0 0 0 0 0 0 0 0 0 0 0 0 0 0 0 0 0 0 0 0 0 0 0 0 0 1000 0 1000 0 0 -21.6
0 0 0 0 0 0 0 0 0 0 0 0 0 0 0 0 0 0 0 0 0 0 0 0 0 0 1000 0 1000 0 0 -22.5
0 0 0 0 0 0 0 0 0 0 0 0 0 0 0 0 0 0 0 0 0 0 0 0 0 0 1000 0 1000 0 0 -23.4
0 0 0 0 0 0 0 0 0 0 0 0 0 0 0 0 0 0 0 0 0 0 0 0 0 0 1000 0 1000 0 0 -24.3
0 0 0 0 0 0 0 0 0 0 0 0 0 0 0 0 0 0 0 0 0 0 0 0 0 0 1000 0 1000 0 0 -25.2
0 0 0 0 0 0 0 0 0 0 0 0 0 0 0 0 0 0 0 0 0 0 0 0 0 0 1000 0 1000 0 0 -26.1
0 0 0 0 0 0 0 0 0 0 0 0 0 0 0 0 0 0 0 0 0 0 0 0 0 0 1000 0 1000 0 0 -27
0 0 0 0 0 0 0 0 0 0 0 0 0 0 0 0 0 0 0 0 0 0 0 0 0 0 1000 0 1000 0 0 -27.9
0 0 0 0 0 0 0 0 0 0 0 0 0 0 0 0 0 0 0 0 0 0 0 0 0 0 1000 0 1000 0 0 -28.8
0 0 0 0 0 0 0 0 0 0 0 0 0 0 0 0 0 0 0 0 0 0 0 0 0 0 1000 0 1000 0 0 -29.7
0 0 0 0 0 0 0 1 0 0 0 0 0 0 0 0 0 0 0 0 0 0 0 0 0 0 999 0 1000 0 0 -30.6
0 0 0 0 0 0 0 0 0 0 0 0 0 0 0 0 0 0 0 0 0 0 0 0 0 0 1000 0 1000 0 0 -31.5
0 0 0 0 0 0 0 0 0 0 0 0 0 0 0 0 0 0 0 0 0 0 0 0 0 0 1000 0 1000 0 0 -32.4
0 0 0 0 0 0 0 0 0 0 0 0 0 0 0 0 0 0 0 0 0 0 0 0 0 0 1000 0 1000 0 0 -33.3
0 0 0 0 0 0 0 0 0 0 0 0 0 0 0 0 0 0 0 0 0 0 0 0 0 0 1000 0 1000 0 0 -34.2
