0 0 0 0 0 0 0 0 0 0 0 0 36 32 0 0 0 0 0 0 0 0 0 0 0 0 932 0 1000 0 0 9.9
0 0 0 0 0 0 0 2 3 0 0 0 427 421 0 0 0 0 0 0 0 0 0 0 0 0 147 0 1000 0 0 9
0 0 0 0 0 0 0 3 4 0 0 0 510 473 0 0 0 0 0 0 0 0 0 0 0 0 10 0 1000 0 0 8.1
0 0 0 0 0 0 0 5 2 0 0 0 476 514 0 0 0 0 0 0 0 0 0 0 0 0 3 0 1000 0 0 7.2
0 0 0 0 0 0 0 5 15 0 0 0 488 484 0 0 0 0 0 0 0 0 0 0 0 0 8 0 1000 0 0 6.3
0 0 0 0 0 0 0 12 16 0 0 0 497 469 0 0 0 0 0 0 0 0 0 0 0 0 6 0 1000 0 0 5.4
0 0 0 0 0 0 0 32 30 0 0 0 460 471 0 0 0 0 0 0 0 0 0 0 0 0 7 0 1000 0 0 4.5
0 0 0 0 0 0 0 36 31 0 0 0 473 455 0 0 0 0 0 0 0 0 0 0 0 0 5 0 1000 0 0 3.6
0 0 0 0 0 0 0 43 29 0 0 0 464 461 0 0 0 0 0 0 0 0 0 0 0 0 3 0 1000 0 0 2.7
0 0 0 0 0 0 0 40 51 0 0 0 444 462 0 0 0 0 0 0 0 0 0 0 0 0 3 0 1000 0 0 1.8
0 0 0 0 0 0 0 52 42 0 0 0 450 442 0 0 0 0 0 0 0 0 0 0 0 0 14 0 1000 0 0 0.9
0 0 0 0 0 0 0 44 37 0 0 0 391 364 0 0 0 0 1 0 0 0 0 0 0 0 163 0 1000 0 0 0
0 0 0 0 0 0 0 36 32 0 0 0 283 271 0 0 0 0 0 0 0 0 0 0 0 0 378 0 1000 0 0 -0.9
0 0 0 0 0 0 0 27 24 0 0 0 183 210 0 0 0 0 0 0 0 0 0 0 0 0 556 0 1000 0 0 -1.8
0 0 0 0 0 0 0 24 22 0 0 0 139 127 0 0 0 0 0 0 0 0 0 0 0 0 688 0 1000 0 0 -2.7
0 0 0 0 0 0 0 19 17 0 0 0 86 90 0 0 0 0 0 0 0 0 0 0 0 0 788 0 1000 0 0 -3.6
0 0 0 0 0 0 0 11 12 0 0 1 63 77 0 0 0 0 1 0 0 0 0 0 0 0 835 0 1000 0 0 -4.5
0 0 0 0 0 0 0 8 11 0 0 0 49 47 0 0 0 0 0 0 0 0 0 0 0 0 885 0 1000 0 0 -5.4
0 0 0 0 0 0 0 7 5 0 0 0 28 31 0 0 0 0 0 0 0 0 0 0 0 0 929 0 1000 0 0 -6.3
0 0 0 0 0 0 0 6 3 0 0 0 23 32 0 0 0 0 0 0 0 0 0 0 0 0 936 0 1000 0 0 -7.2
0 0 0 0 0 0 0 3 1 0 0 0 20 15 0 0 0 0 0 0 0 0 0 0 0 0 961 0 1000 0 0 -8.1
0 0 0 0 0 0 0 5 4 0 0 0 7 3 0 0 0 0 0 0 0 0 0 0 0 0 981 0 1000 0 0 -9
0 0 0 0 0 0 0 4 5 0 0 0 5 7 0 0 0 0 0 0 0 0 0 0 0 0 979 0 1000 0 0 -9.9
0 0 0 0 0 0 0 1 1 0 0 0 6 5 0 0 0 0 0 0 0 0 0 0 0 0 987 0 1000 0 0 -10.8
0 0 0 0 0 0 1 2 2 0 0 0 4 4 0 0 0 1 0 0 0 0 0 0 0 0 986 0 1000 0 0 -11.7
0 0 0 0 0 0 0 1 2 0 0 0 0 1 0 0 0 0 0 0 0 0 0 0 0 0 996 0 1000 0 0 -12.6
0 0 0 0 0 0 0 1 0 0 0 0 0 0 0 0 0 0 0 0 0 0 0 0 0 0 999 0 1000 0 0 -13.5
0 0 0 0 0 0 0 0 1 0 0 0 0 1 0 0 0 0 0 0 0 0 0 0 0 0 998 0 1000 0 0 -14.4
0 0 0 0 0 0 0 1 0 0 0 0 0 2 0 0 0 0 0 0 0 0 0 0 0 0 997 0 1000 0 0 -15.3
0 0 0 0 0 0 0 0 0 0 0 0 0 2 0 0 0 0 0 0 0 0 0 0 0 0 998 0 1000 0 0 -16.2
0 0 0 0 0 0 0 0 0 0 0 0 1 1 0 0 0 0 0 0 0 0 0 0 0 0 998 0 1000 0 0 -17.1
0 0 0 0 0 0 0 0 0 0 0 0 1 0 0 0 0 0 0 0 0 0 0 0 0 0 999 0 1000 0 0 -18
0 0 0 0 0 0 0 1 0 0 0 0 0 0 0 0 0 0 0 0 0 0 0 0 0 0 999 0 1000 0 0 -18.9
0 0 0 0 0 0 0 0 1 0 0 0 1 0 0 0 0 0 0 0 0 0 0 0 0 0 998 0 1000 0 0 -19.8
0 0 0 0 0 0 0 0 0 0 0 0 0 0 0 0 0 0 0 0 0 0 0 0 0 0 1000 0 1000 0 0 -20.7
0 0 0 0 0 0 0 0 0 0 0 0 0 0 0 0 0 0 0 0 0 0 0 0 0 0 1000 0 1000 0 0 -21.6
0 0 0 0 0 0 0 0 0 0 0 0 0 0 0 0 0 0 0 0 0 0 0 0 0 0 1000 0 1000 0 0 -22.5
0 0 0 0 0 0 0 0 0 0 0 0 0 0 0 0 0 0 0 0 0 0 0 0 0 0 1000 0 1000 0 0 -23.4
0 0 0 0 0 0 0 0 0 0 0 0 0 0 0 0 0 0 0 0 0 0 0 0 0 0 1000 0 1000 0 0 -24.3
0 0 0 0 0 0 0 0 0 0 0 0 0 0 0 0 0 0 0 0 0 0 0 0 0 0 1000 0 1000 0 0 -25.2
0 0 0 0 0 0 0 0 0 0 0 0 0 0 0 0 0 0 0 0 0 0 0 0 0 0 1000 0 1000 0 0 -26.1
0 0 0 0 0 0 0 0 0 0 0 0 0 0 0 0 0 0 0 0 0 0 0 0 0 0 1000 0 1000 0 0 -27
0 0 0 0 0 0 0 0 0 0 0 0 0 0 0 0 0 0 0 0 0 0 0 0 0 0 1000 0 1000 0 0 -27.9
0 0 0 0 0 0 0 0 0 0 0 0 0 0 0 0 0 0 0 0 0 0 0 0 0 0 1000 0 1000 0 0 -28.8
0 0 0 0 0 0 0 0 0 0 0 0 0 0 0 0 0 0 0 0 0 0 0 0 0 0 1000 0 1000 0 0 -29.7
0 0 0 0 0 0 0 0 0 0 0 0 0 0 0 0 0 0 0 0 0 0 0 0 0 0 1000 0 1000 0 0 -30.6
0 0 0 0 0 0 0 0 0 0 0 0 0 0 0 0 0 0 0 0 0 0 0 0 0 0 1000 0 1000 0 0 -31.5
0 0 0 0 0 0 0 0 0 0 0 0 0 0 0 0 0 0 0 0 0 0 0 0 0 0 1000 0 1000 0 0 -32.4
0 0 0 0 0 0 0 0 0 0 0 0 0 0 0 0 0 0 0 0 0 0 0 0 0 0 1000 0 1000 0 0 -33.3
0 0 0 0 0 0 0 0 0 0 0 0 0 0 0 0 0 0 0 0 0 0 0 0 0 0 1000 0 1000 0 0 -34.2
