0 0 0 0 0 0 0 9 0 0 0 0 56 0 0 0 0 0 0 0 0 0 0 0 0 0 935 0 1000 0 0 9.9
0 0 0 0 0 0 0 80 5 0 0 0 745 1 0 0 0 0 0 0 0 0 0 0 0 0 169 0 1000 0 0 9
0 0 0 0 0 0 0 21 0 0 0 0 969 1 0 0 0 0 0 0 0 0 0 0 0 0 9 0 1000 0 0 8.1
0 0 0 0 0 0 0 50 1 0 0 0 940 0 0 0 0 0 0 0 0 0 0 0 0 0 9 0 1000 0 0 7.2
0 0 0 0 0 0 0 123 6 0 0 0 863 3 0 0 0 0 0 0 0 0 0 0 0 0 5 0 1000 0 0 6.3
0 0 0 0 0 0 0 198 12 0 0 0 773 13 0 0 0 0 0 0 0 0 0 0 0 0 4 0 1000 0 0 5.4
0 0 0 0 0 0 0 269 16 0 0 0 677 36 0 0 0 0 0 0 0 0 0 0 0 0 2 0 1000 0 0 4.5
0 0 0 0 0 0 0 307 35 0 0 0 613 38 0 0 0 0 0 0 0 0 0 0 0 0 7 0 1000 0 0 3.6
0 0 0 0 0 0 0 306 33 0 0 0 607 44 0 0 0 0 0 0 0 0 0 0 0 0 10 0 1000 0 0 2.7
0 0 0 0 0 0 0 320 30 0 0 1 609 38 0 0 0 0 0 0 0 0 0 0 0 0 2 0 1000 0 0 1.8
0 0 0 0 0 0 0 320 31 0 0 0 588 44 0 0 0 0 0 0 0 0 0 0 0 0 17 0 1000 0 0 0.9
0 0 0 0 0 0 0 281 40 0 0 0 467 52 0 0 0 0 0 0 0 0 0 0 0 0 160 0 1000 0 0 0
0 0 0 0 0 0 0 202 34 0 0 0 375 36 0 0 0 0 0 0 0 0 0 0 0 0 353 0 1000 0 0 -0.9
0 0 0 0 0 0 0 152 28 0 0 1 249 29 0 0 0 0 0 0 0 0 0 0 0 0 541 0 1000 0 0 -1.8
0 0 0 0 0 0 0 100 21 0 0 0 158 27 0 0 0 0 0 0 0 0 0 0 0 0 694 0 1000 0 0 -2.7
0 0 0 0 0 0 0 78 12 0 0 0 124 19 0 0 0 0 0 0 0 0 0 0 0 0 767 0 1000 0 0 -3.6
0 0 0 0 0 0 0 51 14 0 0 0 83 14 0 0 0 0 0 0 0 0 0 0 0 0 838 0 1000 0 0 -4.5
0 0 0 0 0 0 0 31 5 0 0 0 63 15 0 0 0 0 0 0 0 0 0 0 0 0 886 0 1000 0 0 -5.4
0 0 0 0 0 0 0 31 5 0 0 0 40 7 0 0 0 0 0 0 0 0 0 0 0 0 917 0 1000 0 0 -6.3
0 0 0 0 0 0 0 12 5 0 0 0 27 6 0 0 0 0 0 0 0 0 0 0 0 0 950 0 1000 0 0 -7.2
0 0 0 0 0 0 0 17 2 0 0 0 25 2 0 0 0 0 0 0 0 0 0 0 0 0 954 0 1000 0 0 -8.1
0 0 0 0 0 0 0 8 4 0 0 0 9 5 0 0 0 0 0 0 0 0 0 0 0 0 974 0 1000 0 0 -9
0 0 0 0 0 0 0 7 4 0 0 0 6 2 0 0 0 0 0 0 0 0 0 0 0 0 981 0 1000 0 0 -9.9
0 0 0 0 0 0 1 3 0 0 0 0 7 1 0 0 0 0 0 0 0 0 0 0 0 0 988 0 1000 0 0 -10.8
0 0 0 0 0 0 0 0 1 0 0 0 0 1 0 0 0 0 0 0 0 0 0 0 0 0 998 0 1000 0 0 -11.7
0 0 0 0 0 0 0 3 4 0 0 0 4 0 0 0 0 0 0 0 0 0 0 0 0 0 989 0 1000 0 0 -12.6
0 0 0 0 0 0 0 1 0 0 0 0 5 0 0 0 0 0 0 0 0 0 0 0 0 0 994 0 1000 0 0 -13.5
0 0 0 0 0 0 0 6 2 0 0 0 2 1 0 0 0 0 0 0 0 0 0 0 0 0 989 0 1000 0 0 -14.4
0 0 0 0 0 0 0 1 0 0 0 0 0 0 0 0 0 0 0 0 0 0 0 0 0 0 999 0 1000 0 0 -15.3
0 0 0 0 0 0 0 1 0 0 0 0 3 0 0 0 0 0 0 0 0 0 0 0 0 0 996 0 1000 0 0 -16.2
0 0 0 0 0 0 0 0 0 0 0 0 1 0 0 0 0 0 0 0 0 0 0 0 0 0 999 0 1000 0 0 -17.1
0 0 0 0 0 0 0 0 1 0 0 0 0 0 0 0 0 0 0 0 0 0 0 0 0 0 999 0 1000 0 0 -18
0 0 0 0 0 0 0 1 0 0 0 0 0 0 0 0 0 0 0 0 0 0 0 0 0 0 999 0 1000 0 0 -18.9
0 0 0 0 0 0 0 0 0 0 0 0 0 1 0 0 0 0 0 0 0 0 0 0 0 0 999 0 1000 0 0 -19.8
0 0 0 0 0 0 0 0 0 0 0 0 0 0 0 0 0 0 0 0 0 0 0 0 0 0 1000 0 1000 0 0 -20.7
0 0 0 0 0 0 0 0 0 0 0 0 0 0 0 0 0 0 0 0 0 0 0 0 0 0 1000 0 1000 0 0 -21.6
0 0 0 0 0 0 0 0 0 0 0 0 0 0 0 0 0 0 0 0 0 0 0 0 0 0 1000 0 1000 0 0 -22.5
0 0 0 0 0 0 0 0 0 0 0 0 0 0 0 0 0 0 0 0 0 0 0 0 0 0 1000 0 1000 0 0 -23.4
0 0 0 0 0 0 0 0 0 0 0 0 1 0 0 0 0 0 0 0 0 0 0 0 0 0 999 0 1000 0 0 -24.3
0 0 0 0 0 0 0 0 0 0 0 0 0 0 0 0 0 0 0 0 0 0 0 0 0 0 1000 0 1000 0 0 -25.2
0 0 0 0 0 0 0 0 0 0 0 0 0 0 0 0 0 0 0 0 0 0 0 0 0 0 1000 0 1000 0 0 -26.1
0 0 0 0 0 0 0 0 0 0 0 0 0 0 0 0 0 0 0 0 0 0 0 0 0 0 1000 0 1000 0 0 -27
0 0 0 0 0 0 0 0 0 0 0 0 0 0 0 0 0 0 0 0 0 0 0 0 0 0 1000 0 1000 0 0 -27.9
0 0 0 0 0 0 0 0 0 0 0 0 0 0 0 0 0 0 0 0 0 0 0 0 0 0 1000 0 1000 0 0 -28.8
0 0 0 0 0 0 0 0 0 0 0 0 0 0 0 0 0 0 0 0 0 0 0 0 0 0 1000 0 1000 0 0 -29.7
0 0 0 0 0 0 0 0 0 0 0 0 0 0 0 0 0 0 0 0 0 0 0 0 0 0 1000 0 1000 0 0 -30.6
0 0 0 0 0 0 0 0 0 0 0 0 0 0 0 0 0 0 0 0 0 0 0 0 0 0 1000 0 1000 0 0 -31.5
0 0 0 0 0 0 0 0 0 0 0 0 0 0 0 0 0 0 0 0 0 0 0 0 0 0 1000 0 1000 0 0 -32.4
0 0 0 0 0 0 0 0 0 0 0 0 0 0 0 0 0 0 0 0 0 0 0 0 0 0 1000 0 1000 0 0 -33.3
0 0 0 0 0 0 0 0 0 0 0 0 0 0 0 0 0 0 0 0 0 0 0 0 0 0 1000 0 1000 0 0 -34.2
