0 0 0 0 0 0 0 0 0 0 0 0 66 1 0 0 0 0 0 0 0 0 0 0 0 0 933 0 1000 0 0 9.9
0 0 0 0 0 0 0 0 0 0 0 0 848 3 0 0 0 0 0 0 0 0 0 0 0 0 149 0 1000 0 0 9
0 0 0 0 0 0 0 0 0 0 0 0 994 0 0 0 0 0 0 0 0 0 0 0 0 0 6 0 1000 0 0 8.1
0 0 0 0 0 0 0 0 0 0 0 0 993 1 0 0 0 0 0 0 0 0 0 0 0 0 6 0 1000 0 0 7.2
0 0 0 0 0 0 0 0 0 0 0 0 987 9 0 0 0 0 0 0 0 0 0 0 0 0 4 0 1000 0 0 6.3
0 0 0 0 0 0 0 0 0 0 0 0 950 49 0 0 0 0 0 0 0 0 0 0 0 0 1 0 1000 0 0 5.4
0 0 0 0 0 0 0 1 0 0 0 0 882 113 0 0 0 0 2 0 0 0 0 0 0 0 2 0 1000 0 0 4.5
0 0 0 0 0 0 0 1 1 0 0 0 843 150 0 0 0 1 2 0 0 0 0 0 0 0 2 0 1000 0 0 3.6
0 0 0 0 0 0 0 1 2 0 0 0 773 220 0 0 0 2 1 0 0 0 0 0 0 0 1 0 1000 0 0 2.7
0 0 0 0 0 0 0 0 1 0 0 0 787 209 0 0 0 1 1 0 0 0 0 0 0 0 1 0 1000 0 0 1.8
0 0 0 0 0 0 0 4 4 0 0 0 793 187 0 0 0 1 3 0 0 0 0 0 0 0 8 0 1000 0 0 0.9
0 0 0 0 0 0 0 3 2 0 0 0 649 194 0 0 0 3 0 0 0 0 0 0 0 0 149 0 1000 0 0 0
0 0 0 0 0 0 0 6 4 0 0 1 475 161 0 0 0 4 1 0 0 0 0 0 0 0 348 0 1000 0 0 -0.9
0 0 0 0 0 0 0 2 1 0 0 0 326 124 0 0 0 1 1 0 0 0 0 0 0 0 545 0 1000 0 0 -1.8
0 0 0 0 0 0 0 3 5 0 0 0 195 104 0 0 0 2 1 0 0 0 0 0 0 0 690 0 1000 0 0 -2.7
0 0 0 0 0 0 0 3 0 0 0 0 126 63 0 0 0 2 0 0 0 0 0 0 0 0 806 0 1000 0 0 -3.6
0 0 0 0 0 0 0 1 1 0 0 0 93 51 0 0 0 0 0 0 0 0 0 0 0 0 854 0 1000 0 0 -4.5
0 0 0 0 0 0 0 1 1 0 0 0 68 42 0 0 0 0 1 0 0 0 0 0 0 0 887 0 1000 0 0 -5.4
0 0 0 0 0 0 0 1 2 0 0 0 57 15 0 0 0 0 2 0 0 0 0 0 0 0 923 0 1000 0 0 -6.3
0 0 0 0 0 0 0 2 0 0 0 0 27 14 0 0 0 2 0 0 0 0 0 0 0 0 955 0 1000 0 0 -7.2
0 0 0 0 0 0 0 0 0 0 0 0 18 11 0 0 0 1 0 0 0 0 0 0 0 0 970 0 1000 0 0 -8.1
0 0 0 0 0 0 0 4 1 0 0 0 12 17 0 0 0 0 1 0 0 0 0 0 0 0 965 0 1000 0 0 -9
0 0 0 0 0 0 0 1 0 0 0 0 19 8 0 0 0 0 0 0 0 0 0 0 0 0 972 0 1000 0 0 -9.9
0 0 0 0 0 0 0 0 1 0 0 0 5 3 0 0 0 0 1 0 0 0 0 0 0 0 990 0 1000 0 0 -10.8
0 0 0 0 0 0 0 0 0 0 0 0 9 3 0 0 0 0 0 0 0 0 0 0 0 0 988 0 1000 0 0 -11.7
0 0 0 0 0 0 0 0 0 0 0 0 2 3 0 0 0 0 0 0 0 0 0 0 0 0 995 0 1000 0 0 -12.6
0 0 0 0 0 0 0 0 0 0 0 0 1 3 0 0 0 1 0 0 0 0 0 0 0 0 995 0 1000 0 0 -13.5
0 0 0 0 0 0 0 1 0 0 0 0 1 0 0 0 0 0 0 0 0 0 0 0 0 0 998 0 1000 0 0 -14.4
0 0 0 0 0 0 0 0 0 0 0 0 1 1 0 0 0 0 0 0 0 0 0 0 0 0 998 0 1000 0 0 -15.3
0 0 0 0 0 0 0 0 0 0 0 0 2 0 0 0 0 0 0 0 0 0 0 0 0 0 998 0 1000 0 0 -16.2
0 0 0 0 0 0 0 0 0 0 0 0 2 1 0 0 0 0 0 0 0 0 0 0 0 0 997 0 1000 0 0 -17.1
0 0 0 0 0 0 0 0 0 0 0 0 0 0 0 0 0 0 0 0 0 0 0 0 0 0 1000 0 1000 0 0 -18
0 0 0 0 0 0 0 0 0 0 0 0 0 0 0 0 0 0 0 0 0 0 0 0 0 0 1000 0 1000 0 0 -18.9
0 0 0 0 0 0 0 0 0 0 0 0 0 0 0 0 0 0 0 0 0 0 0 0 0 0 1000 0 1000 0 0 -19.8
0 0 0 0 0 0 0 0 0 0 0 0 0 0 0 0 0 0 0 0 0 0 0 0 0 0 1000 0 1000 0 0 -20.7
0 0 0 0 0 0 0 0 0 0 0 0 0 0 0 0 0 1 0 0 0 0 0 0 0 0 999 0 1000 0 0 -21.6
0 0 0 0 0 0 0 0 0 0 0 0 0 0 0 0 0 0 0 0 0 0 0 0 0 0 1000 0 1000 0 0 -22.5
0 0 0 0 0 0 0 0 0 0 0 0 0 0 0 0 0 0 0 0 0 0 0 0 0 0 1000 0 1000 0 0 -23.4
0 0 0 0 0 0 0 0 0 0 0 0 0 0 0 0 0 0 0 0 0 0 0 0 0 0 1000 0 1000 0 0 -24.3
0 0 0 0 0 0 0 0 0 0 0 0 0 0 0 0 0 0 0 0 0 0 0 0 0 0 1000 0 1000 0 0 -25.2
0 0 0 0 0 0 0 0 0 0 0 0 0 0 0 0 0 0 0 0 0 0 0 0 0 0 1000 0 1000 0 0 -26.1
0 0 0 0 0 0 0 0 0 0 0 0 0 0 0 0 0 0 0 0 0 0 0 0 0 0 1000 0 1000 0 0 -27
0 0 0 0 0 0 0 0 0 0 0 0 0 0 0 0 0 0 0 0 0 0 0 0 0 0 1000 0 1000 0 0 -27.9
0 0 0 0 0 0 0 0 0 0 0 0 0 0 0 0 0 0 0 0 0 0 0 0 0 0 1000 0 1000 0 0 -28.8
0 0 0 0 0 0 0 0 0 0 0 0 0 0 0 0 0 0 0 0 0 0 0 0 0 0 1000 0 1000 0 0 -29.7
0 0 0 0 0 0 0 0 0 0 0 0 0 0 0 0 0 0 0 0 0 0 0 0 0 0 1000 0 1000 0 0 -30.6
0 0 0 0 0 0 0 0 0 0 0 0 0 0 0 0 0 0 0 0 0 0 0 0 0 0 1000 0 1000 0 0 -31.5
0 0 0 0 0 0 0 0 0 0 0 0 0 0 0 0 0 0 0 0 0 0 0 0 0 0 1000 0 1000 0 0 -32.4
0 0 0 0 0 0 0 0 0 0 0 0 0 0 0 0 0 0 0 0 0 0 0 0 0 0 1000 0 1000 0 0 -33.3
0 0 0 0 0 0 0 0 0 0 0 0 0 0 0 0 0 0 0 0 0 0 0 0 0 0 1000 0 1000 0 0 -34.2
