0 0 0 0 0 0 0 21 0 0 0 0 45 0 0 0 0 0 0 0 0 0 0 0 0 0 934 0 1000 0 0 9.9
0 0 0 0 0 0 0 210 2 0 0 0 616 10 0 0 0 0 0 0 0 0 0 0 0 0 162 0 1000 0 0 9
0 0 0 0 0 0 0 173 6 0 0 0 804 8 0 0 0 0 0 0 0 0 0 0 0 0 9 0 1000 0 0 8.1
0 0 0 0 0 0 0 194 12 0 0 0 784 6 0 0 0 0 0 0 0 0 0 0 0 0 4 0 1000 0 0 7.2
0 0 0 0 0 0 0 287 20 0 0 0 667 19 0 0 0 0 0 0 0 0 0 0 0 0 7 0 1000 0 0 6.3
0 0 0 0 0 0 0 324 30 0 0 0 610 32 0 0 0 0 0 0 0 0 0 0 0 0 4 0 1000 0 0 5.4
0 0 0 0 0 0 0 356 46 0 0 0 546 48 0 0 0 0 0 0 0 0 0 0 0 0 4 0 1000 0 0 4.5
0 0 0 0 0 0 0 344 60 0 0 0 515 77 0 0 0 0 0 0 0 0 0 0 0 0 4 0 1000 0 0 3.6
0 0 0 0 0 0 0 348 61 0 0 0 518 68 0 0 0 0 0 0 0 0 0 0 0 0 5 0 1000 0 0 2.7
0 0 0 0 0 0 1 366 64 0 0 0 492 69 0 0 0 0 0 0 0 0 0 0 0 0 8 0 1000 0 0 1.8
0 0 0 0 0 0 0 379 53 0 0 1 491 70 0 0 0 0 0 0 0 0 0 0 0 0 6 0 1000 0 0 0.9
0 0 0 0 0 0 0 304 72 0 0 0 379 71 0 0 0 0 0 0 0 0 0 0 0 0 174 0 1000 0 0 0
0 0 1 0 0 0 0 219 51 0 0 0 295 60 0 0 0 0 0 0 0 0 0 0 0 0 374 0 1000 0 0 -0.9
0 0 0 0 0 0 0 154 45 0 0 0 201 39 0 0 0 0 0 0 0 0 0 0 0 0 561 0 1000 0 0 -1.8
0 0 0 0 0 0 0 113 31 0 0 0 147 29 0 0 0 0 0 0 0 0 0 0 0 0 680 0 1000 0 0 -2.7
0 0 0 0 0 0 0 74 18 0 0 0 96 29 0 0 0 0 0 0 0 0 0 0 0 0 783 0 1000 0 0 -3.6
0 0 0 0 0 0 0 64 19 0 0 0 63 17 0 0 0 0 0 0 0 0 0 0 0 0 837 0 1000 0 0 -4.5
0 0 0 0 0 0 0 41 14 0 0 1 47 13 0 0 0 0 0 0 0 0 0 0 0 0 884 0 1000 0 0 -5.4
0 0 0 0 0 0 0 21 5 0 0 0 30 9 0 0 0 0 0 0 0 0 0 0 0 0 935 0 1000 0 0 -6.3
0 0 0 0 0 0 0 21 1 0 0 1 25 10 0 0 0 0 0 0 0 0 0 0 0 0 942 0 1000 0 0 -7.2
0 0 0 0 0 0 0 17 6 0 0 0 16 7 0 0 0 0 0 0 0 0 0 0 0 0 954 0 1000 0 0 -8.1
0 0 0 0 0 0 0 15 3 0 0 1 9 5 0 0 0 0 0 0 0 0 0 0 0 0 967 0 1000 0 0 -9
0 0 0 0 0 0 0 10 3 0 0 0 12 4 0 0 0 0 0 0 0 0 0 0 0 0 971 0 1000 0 0 -9.9
0 0 0 0 0 0 0 7 3 0 0 0 8 4 0 0 0 0 0 0 0 0 0 0 0 0 978 0 1000 0 0 -10.8
0 0 0 0 0 0 0 3 3 0 0 0 4 0 0 0 0 0 0 0 0 0 0 0 0 0 990 0 1000 0 0 -11.7
0 0 0 0 0 0 0 1 1 0 0 0 2 1 0 0 0 0 0 0 0 0 0 0 0 0 995 0 1000 0 0 -12.6
0 0 0 0 0 0 0 2 0 0 0 0 0 2 0 0 0 0 0 0 0 0 0 0 0 0 996 0 1000 0 0 -13.5
0 0 0 0 0 0 0 1 1 0 0 0 0 0 0 0 0 0 0 0 0 0 0 0 0 0 998 0 1000 0 0 -14.4
0 0 0 0 0 0 0 2 0 0 0 0 1 0 0 0 0 0 0 0 0 0 0 0 0 0 997 0 1000 0 0 -15.3
0 0 0 0 0 0 0 0 0 0 0 0 1 0 0 0 0 0 0 0 0 0 0 0 0 0 999 0 1000 0 0 -16.2
0 0 0 0 0 0 0 0 0 0 0 0 1 0 0 0 0 0 0 0 0 0 0 0 0 0 999 0 1000 0 0 -17.1
0 0 0 0 0 0 0 0 0 0 0 0 0 0 0 0 0 0 0 0 0 0 0 0 0 0 1000 0 1000 0 0 -18
0 0 0 0 0 0 0 0 0 0 0 0 0 0 0 0 0 0 0 0 0 0 0 0 0 0 1000 0 1000 0 0 -18.9
0 0 0 0 0 0 0 0 0 0 0 0 0 0 0 0 0 0 0 0 0 0 0 0 0 0 1000 0 1000 0 0 -19.8
0 0 0 0 0 0 0 1 0 0 0 0 0 0 0 0 0 0 0 0 0 0 0 0 0 0 999 0 1000 0 0 -20.7
0 0 0 0 0 0 0 0 0 0 0 0 0 0 0 0 0 0 0 0 0 0 0 0 0 0 1000 0 1000 0 0 -21.6
0 0 0 0 0 0 0 0 0 0 0 0 0 0 0 0 0 0 0 0 0 0 0 0 0 0 1000 0 1000 0 0 -22.5
0 0 0 0 0 0 0 0 0 0 0 0 0 0 0 0 0 0 0 0 0 0 0 0 0 0 1000 0 1000 0 0 -23.4
0 0 0 0 0 0 0 0 0 0 0 0 0 0 0 0 0 0 0 0 0 0 0 0 0 0 1000 0 1000 0 0 -24.3
0 0 0 0 0 0 0 0 0 0 0 0 0 0 0 0 0 0 0 0 0 0 0 0 0 0 1000 0 1000 0 0 -25.2
0 0 0 0 0 0 0 0 0 0 0 0 0 0 0 0 0 0 0 0 0 0 0 0 0 0 1000 0 1000 0 0 -26.1
0 0 0 0 0 0 0 0 0 0 0 0 0 0 0 0 0 0 0 0 0 0 0 0 0 0 1000 0 1000 0 0 -27
0 0 0 0 0 0 0 0 0 0 0 0 0 0 0 0 0 0 0 0 0 0 0 0 0 0 1000 0 1000 0 0 -27.9
0 0 0 0 0 0 0 0 0 0 0 0 0 0 0 0 0 0 0 0 0 0 0 0 0 0 1000 0 1000 0 0 -28.8
0 0 0 0 0 0 0 0 0 0 0 0 0 0 0 0 0 0 0 0 0 0 0 0 0 0 1000 0 1000 0 0 -29.7
0 0 0 0 0 0 0 0 0 0 0 0 0 0 0 0 0 0 0 0 0 0 0 0 0 0 1000 0 1000 0 0 -30.6
0 0 0 0 0 0 0 0 0 0 0 0 0 0 0 0 0 0 0 0 0 0 0 0 0 0 1000 0 1000 0 0 -31.5
0 0 0 0 0 0 0 0 0 0 0 0 0 0 0 0 0 0 0 0 0 0 0 0 0 0 1000 0 1000 0 0 -32.4
0 0 0 0 0 0 0 0 0 0 0 0 0 0 0 0 0 0 0 0 0 0 0 0 0 0 1000 0 1000 0 0 -33.3
0 0 0 0 0 0 0 0 0 0 0 0 0 0 0 0 0 0 0 0 0 0 0 0 0 0 1000 0 1000 0 0 -34.2
