0 0 0 0 0 0 0 12 1 0 0 0 68 0 0 0 0 0 0 0 0 0 0 0 0 0 919 0 1000 0 0 9.9
0 0 0 0 0 0 0 68 0 0 0 0 764 0 0 0 0 0 0 0 0 0 0 0 0 0 168 0 1000 0 0 9
0 0 0 0 0 0 0 18 0 0 0 0 981 0 0 0 0 0 0 0 0 0 0 0 0 0 1 0 1000 0 0 8.1
0 0 0 0 0 0 0 40 0 0 0 0 955 0 0 0 0 0 0 0 0 0 0 0 0 0 5 0 1000 0 0 7.2
0 0 0 0 0 0 1 92 1 0 0 0 899 1 0 0 0 0 0 0 0 0 0 0 0 0 6 0 1000 0 0 6.3
0 0 0 0 0 0 0 194 0 0 0 0 801 0 0 0 0 0 0 0 0 0 0 0 0 0 5 0 1000 0 0 5.4
0 0 0 0 0 0 0 263 2 0 0 0 730 4 0 0 0 0 0 0 0 0 0 0 0 0 1 0 1000 0 0 4.5
0 0 0 0 0 0 0 306 1 0 0 0 685 3 0 0 0 0 0 0 0 0 0 0 0 0 5 0 1000 0 0 3.6
0 0 0 0 0 0 0 302 2 0 0 0 693 1 0 0 0 0 0 0 0 0 0 0 0 0 2 0 1000 0 0 2.7
0 0 0 0 0 0 0 333 6 0 0 0 653 6 0 0 0 0 0 0 0 0 0 0 0 0 2 0 1000 0 0 1.8
0 0 0 0 0 0 0 341 1 0 0 0 643 4 0 0 0 0 0 0 0 0 0 0 0 0 11 0 1000 0 0 0.9
0 0 0 0 0 0 0 299 5 0 0 1 521 4 0 0 0 0 0 0 0 0 0 0 0 0 170 0 1000 0 0 0
0 0 0 0 0 0 1 233 4 0 0 0 407 4 0 0 0 0 0 0 0 0 0 0 0 0 351 0 1000 0 0 -0.9
0 0 0 0 0 0 2 146 7 0 0 2 260 5 0 0 0 0 0 0 0 0 0 0 0 0 578 0 1000 0 0 -1.8
0 0 0 0 0 0 1 108 3 0 0 1 174 7 0 0 0 0 0 0 0 0 0 0 0 0 706 0 1000 0 0 -2.7
0 0 0 0 0 0 0 88 1 0 0 3 106 3 0 0 0 0 0 0 0 0 0 0 0 0 799 0 1000 0 0 -3.6
0 0 0 0 0 0 1 70 3 0 0 0 79 2 0 0 0 0 0 0 0 0 0 0 0 0 845 0 1000 0 0 -4.5
0 0 0 0 0 0 0 35 6 0 0 0 50 4 0 0 0 0 0 0 0 0 0 0 0 0 905 0 1000 0 0 -5.4
0 0 0 0 0 0 0 40 3 0 0 0 36 1 0 0 0 0 0 0 0 0 0 0 0 0 920 0 1000 0 0 -6.3
0 0 0 0 0 0 0 19 1 0 0 1 27 1 0 0 0 0 0 0 0 0 0 0 0 0 951 0 1000 0 0 -7.2
0 0 0 0 0 0 0 18 0 0 0 0 13 1 0 0 0 0 0 0 0 0 0 0 0 0 968 0 1000 0 0 -8.1
0 0 0 0 0 0 0 8 1 0 0 0 9 2 0 0 0 0 0 0 0 0 0 0 0 0 980 0 1000 0 0 -9
0 0 0 0 0 0 0 10 0 0 0 0 11 1 0 0 0 0 0 0 0 0 0 0 0 0 978 0 1000 0 0 -9.9
0 0 0 0 0 0 0 3 0 0 0 0 4 0 0 0 0 0 0 0 0 0 0 0 0 0 993 0 1000 0 0 -10.8
0 0 0 0 0 0 0 2 1 0 0 0 4 0 0 0 0 0 0 0 0 0 0 0 0 0 993 0 1000 0 0 -11.7
0 0 0 0 0 0 0 1 0 0 0 0 6 0 0 0 0 0 0 0 0 0 0 0 0 0 993 0 1000 0 0 -12.6
0 0 0 0 0 0 0 3 0 0 0 0 2 0 0 0 0 0 0 0 0 0 0 0 0 0 995 0 1000 0 0 -13.5
0 0 0 0 0 0 0 1 0 0 0 0 2 0 0 0 0 0 0 0 0 0 0 0 0 0 997 0 1000 0 0 -14.4
0 0 0 0 0 0 0 0 1 0 0 0 1 1 0 0 0 0 0 0 0 0 0 0 0 0 997 0 1000 0 0 -15.3
0 0 0 0 0 0 0 1 0 0 0 0 1 0 0 0 0 0 0 0 0 0 0 0 0 0 998 0 1000 0 0 -16.2
0 0 0 0 0 0 1 0 1 0 0 0 1 0 0 0 0 0 0 0 0 0 0 0 0 0 997 0 1000 0 0 -17.1
0 0 0 0 0 0 0 0 0 0 0 0 1 0 0 0 0 0 0 0 0 0 0 0 0 0 999 0 1000 0 0 -18
0 0 0 0 0 0 0 0 0 0 0 0 0 0 0 0 0 0 0 0 0 0 0 0 0 0 1000 0 1000 0 0 -18.9
0 0 0 0 0 0 0 0 0 0 0 0 0 0 0 0 0 0 0 0 0 0 0 0 0 0 1000 0 1000 0 0 -19.8
0 0 0 0 0 0 1 0 0 0 0 0 0 0 0 0 0 0 0 0 0 0 0 0 0 0 999 0 1000 0 0 -20.7
0 0 0 0 0 0 0 0 0 0 0 0 0 0 0 0 0 0 0 0 0 0 0 0 0 0 1000 0 1000 0 0 -21.6
0 0 0 0 0 0 0 0 0 0 0 0 0 0 0 0 0 0 0 0 0 0 0 0 0 0 1000 0 1000 0 0 -22.5
0 0 0 0 0 0 0 0 0 0 0 0 0 0 0 0 0 0 0 0 0 0 0 0 0 0 1000 0 1000 0 0 -23.4
0 0 0 0 0 0 0 0 0 0 0 0 0 0 0 0 0 0 0 0 0 0 0 0 0 0 1000 0 1000 0 0 -24.3
0 0 0 0 0 0 0 0 0 0 0 0 0 0 0 0 0 0 0 0 0 0 0 0 0 0 1000 0 1000 0 0 -25.2
0 0 0 0 0 0 0 0 0 0 0 0 0 0 0 0 0 0 0 0 0 0 0 0 0 0 1000 0 1000 0 0 -26.1
0 0 0 0 0 0 0 0 0 0 0 0 0 0 0 0 0 0 0 0 0 0 0 0 0 0 1000 0 1000 0 0 -27
0 0 0 0 0 0 0 0 0 0 0 0 0 0 0 0 0 0 0 0 0 0 0 0 0 0 1000 0 1000 0 0 -27.9
0 0 0 0 0 0 0 0 0 0 0 0 0 0 0 0 0 0 0 0 0 0 0 0 0 0 1000 0 1000 0 0 -28.8
0 0 0 0 0 0 0 0 0 0 0 0 0 0 0 0 0 0 0 0 0 0 0 0 0 0 1000 0 1000 0 0 -29.7
0 0 0 0 0 0 0 0 0 0 0 0 0 0 0 0 0 0 0 0 0 0 0 0 0 0 1000 0 1000 0 0 -30.6
0 0 0 0 0 0 0 0 0 0 0 0 0 0 0 0 0 0 0 0 0 0 0 0 0 0 1000 0 1000 0 0 -31.5
0 0 0 0 0 0 0 0 0 0 0 0 0 0 0 0 0 0 0 0 0 0 0 0 0 0 1000 0 1000 0 0 -32.4
0 0 0 0 0 0 0 0 0 0 0 0 0 0 0 0 0 0 0 0 0 0 0 0 0 0 1000 0 1000 0 0 -33.3
0 0 0 0 0 0 0 0 0 0 0 0 0 0 0 0 0 0 0 0 0 0 0 0 0 0 1000 0 1000 0 0 -34.2
