0 0 0 0 0 0 0 0 1 0 0 0 65 4 0 0 0 0 0 0 0 0 0 0 0 0 930 0 1000 0 0 9.9
0 0 0 0 0 0 0 0 0 0 0 0 832 17 0 0 0 0 0 0 0 0 0 0 0 0 151 0 1000 0 0 9
0 0 0 0 0 0 0 0 0 0 0 0 991 1 0 0 0 0 0 0 0 0 0 0 0 0 8 0 1000 0 0 8.1
0 0 0 0 0 0 0 0 0 0 0 0 980 13 0 0 0 0 0 0 0 0 0 0 0 0 7 0 1000 0 0 7.2
0 0 0 0 0 0 0 3 0 0 0 0 941 48 0 0 0 0 0 0 0 0 0 0 0 0 8 0 1000 0 0 6.3
0 0 0 0 0 0 0 10 8 0 0 0 862 115 0 0 0 0 0 0 0 0 0 0 0 0 5 0 1000 0 0 5.4
0 0 0 0 0 0 0 8 11 0 0 0 797 180 0 0 0 0 0 0 0 0 0 0 0 0 4 0 1000 0 0 4.5
0 0 0 0 0 0 0 25 16 0 0 0 722 229 0 0 0 0 0 0 0 0 0 0 0 0 8 0 1000 0 0 3.6
0 0 0 0 0 0 0 36 15 0 0 0 695 251 0 0 0 0 0 0 0 0 0 0 0 0 3 0 1000 0 0 2.7
0 0 0 0 0 0 0 33 28 0 0 0 682 254 0 0 0 0 0 0 0 0 0 0 0 0 3 0 1000 0 0 1.8
0 0 0 0 0 0 0 45 26 0 0 0 671 238 0 0 0 0 0 0 0 0 0 0 0 0 20 0 1000 0 0 0.9
0 0 0 0 0 0 0 39 25 0 0 0 540 236 0 0 0 0 0 0 0 0 0 0 0 0 160 0 1000 0 0 0
0 0 0 0 0 0 0 39 18 0 0 0 368 194 0 0 0 0 0 0 0 0 0 0 0 0 381 0 1000 0 0 -0.9
0 0 0 0 0 0 0 23 20 0 0 0 276 115 0 0 0 1 0 0 0 0 0 0 0 0 565 0 1000 0 0 -1.8
0 0 0 0 0 0 0 22 15 0 0 0 157 94 0 0 0 0 1 0 0 0 0 0 0 0 711 0 1000 0 0 -2.7
0 0 0 0 0 0 0 16 18 0 0 0 125 72 0 0 0 0 0 0 0 0 0 0 0 0 769 0 1000 0 0 -3.6
0 0 0 0 0 0 1 8 12 0 0 0 91 48 0 0 0 0 0 0 0 0 0 0 0 0 840 0 1000 0 0 -4.5
0 0 0 0 0 0 0 13 5 0 0 0 71 33 0 0 0 0 1 0 0 0 0 0 0 0 877 0 1000 0 0 -5.4
0 0 0 0 0 0 0 5 3 0 0 0 36 22 0 0 0 0 1 0 0 0 0 0 0 0 933 0 1000 0 0 -6.3
0 0 0 0 0 0 0 5 3 0 0 0 32 17 0 0 0 0 0 0 0 0 0 0 0 0 943 0 1000 0 0 -7.2
0 0 0 0 0 0 0 4 2 0 0 0 22 13 0 0 0 1 1 0 0 0 0 0 0 0 957 0 1000 0 0 -8.1
0 0 0 0 0 0 0 5 0 0 0 0 12 6 0 0 0 0 0 0 0 0 0 0 0 0 977 0 1000 0 0 -9
0 0 0 0 0 0 0 2 4 0 0 0 8 9 0 0 0 0 0 0 0 0 0 0 0 0 977 0 1000 0 0 -9.9
0 0 0 0 0 0 0 0 3 0 0 0 5 0 0 0 0 0 0 0 0 0 0 0 0 0 992 0 1000 0 0 -10.8
0 0 0 0 0 0 0 1 0 0 0 0 4 5 0 0 0 0 0 0 0 0 0 0 0 0 990 0 1000 0 0 -11.7
0 0 0 0 0 0 0 1 0 0 0 0 1 1 0 0 0 0 0 0 0 0 0 0 0 0 997 0 1000 0 0 -12.6
0 0 0 0 0 0 0 1 0 0 0 0 1 0 0 0 0 0 0 0 0 0 0 0 0 0 998 0 1000 0 0 -13.5
0 0 0 0 0 0 0 0 0 0 0 0 1 0 0 0 0 0 0 0 0 0 0 0 0 0 999 0 1000 0 0 -14.4
0 0 0 0 0 0 0 0 0 0 0 0 0 4 0 0 0 0 0 0 0 0 0 0 0 0 996 0 1000 0 0 -15.3
0 0 0 0 0 0 0 0 0 0 0 0 2 1 0 0 0 0 0 0 0 0 0 0 0 0 997 0 1000 0 0 -16.2
0 0 0 0 0 0 0 0 0 0 0 0 0 0 0 0 0 0 0 0 0 0 0 0 0 0 1000 0 1000 0 0 -17.1
0 0 0 0 0 0 0 0 0 0 0 0 0 1 0 0 0 0 0 0 0 0 0 0 0 0 999 0 1000 0 0 -18
0 0 0 0 0 0 0 0 0 0 0 0 0 0 0 0 0 0 0 0 0 0 0 0 0 0 1000 0 1000 0 0 -18.9
0 0 0 0 0 0 0 0 0 0 0 0 0 0 0 0 0 0 0 0 0 0 0 0 0 0 1000 0 1000 0 0 -19.8
0 0 0 0 0 0 0 0 0 0 0 0 0 0 0 0 0 0 1 0 0 0 0 0 0 0 999 0 1000 0 0 -20.7
0 0 0 0 0 0 0 0 0 0 0 0 0 0 0 0 0 0 0 0 0 0 0 0 0 0 1000 0 1000 0 0 -21.6
0 0 0 0 0 0 0 0 0 0 0 0 0 0 0 0 0 0 0 0 0 0 0 0 0 0 1000 0 1000 0 0 -22.5
0 0 0 0 0 0 0 0 0 0 0 0 0 0 0 0 0 0 0 0 0 0 0 0 0 0 1000 0 1000 0 0 -23.4
0 0 0 0 0 0 0 0 0 0 0 0 0 0 0 0 0 0 0 0 0 0 0 0 0 0 1000 0 1000 0 0 -24.3
0 0 0 0 0 0 0 0 0 0 0 0 0 0 0 0 0 0 0 0 0 0 0 0 0 0 1000 0 1000 0 0 -25.2
0 0 0 0 0 0 0 0 0 0 0 0 0 0 0 0 0 0 0 0 0 0 0 0 0 0 1000 0 1000 0 0 -26.1
0 0 0 0 0 0 0 0 0 0 0 0 0 0 0 0 0 0 0 0 0 0 0 0 0 0 1000 0 1000 0 0 -27
0 0 0 0 0 0 0 0 0 0 0 0 0 0 0 0 0 0 0 0 0 0 0 0 0 0 1000 0 1000 0 0 -27.9
0 0 0 0 0 0 0 0 0 0 0 0 0 0 0 0 0 0 0 0 0 0 0 0 0 0 1000 0 1000 0 0 -28.8
0 0 0 0 0 0 0 0 0 0 0 0 0 0 0 0 0 0 0 0 0 0 0 0 0 0 1000 0 1000 0 0 -29.7
0 0 0 0 0 0 0 0 0 0 0 0 0 0 0 0 0 0 0 0 0 0 0 0 0 0 1000 0 1000 0 0 -30.6
0 0 0 0 0 0 0 0 0 0 0 0 0 0 0 0 0 0 0 0 0 0 0 0 0 0 1000 0 1000 0 0 -31.5
0 0 0 0 0 0 0 0 0 0 0 0 0 0 0 0 0 0 0 0 0 0 0 0 0 0 1000 0 1000 0 0 -32.4
0 0 0 0 0 0 0 0 0 0 0 0 0 0 0 0 0 0 0 0 0 0 0 0 0 0 1000 0 1000 0 0 -33.3
0 0 0 0 0 0 0 0 0 0 0 0 0 0 0 0 0 0 0 0 0 0 0 0 0 0 1000 0 1000 0 0 -34.2
