0 0 0 0 0 0 0 0 0 0 0 0 550 0 0 0 0 0 0 0 0 0 0 0 0 0 450 0 1000 0 0 9.9
0 0 0 0 0 0 0 0 0 0 0 0 922 1 0 0 0 0 0 0 0 0 0 0 0 0 77 0 1000 0 0 9
0 0 0 0 0 0 0 0 0 0 0 0 996 0 0 0 0 0 0 0 0 0 0 0 0 0 4 0 1000 0 0 8.1
0 0 0 0 0 0 0 0 0 0 0 0 996 0 0 0 0 0 0 0 0 0 0 0 0 0 4 0 1000 0 0 7.2
0 0 0 0 0 0 0 0 0 0 0 0 997 0 0 0 0 0 0 0 0 0 0 0 0 0 3 0 1000 0 0 6.3
0 0 0 0 0 0 0 0 0 0 0 0 992 7 0 0 0 0 0 0 0 0 0 0 0 0 1 0 1000 0 0 5.4
0 0 0 0 0 0 0 1 0 0 0 0 962 35 0 0 0 0 0 0 0 0 0 0 0 0 2 0 1000 0 0 4.5
0 0 0 0 0 0 0 0 0 0 0 0 921 77 0 0 0 0 0 0 0 0 0 0 0 0 2 0 1000 0 0 3.6
0 0 0 0 0 0 0 1 0 0 0 0 902 95 0 0 0 0 0 0 0 0 0 0 0 0 2 0 1000 0 0 2.7
0 0 0 0 0 0 0 3 0 0 0 0 882 114 0 0 0 0 0 0 0 0 0 0 0 0 1 0 1000 0 0 1.8
0 0 0 0 0 0 0 1 3 0 0 0 871 110 0 0 0 0 1 0 0 0 0 0 0 0 14 0 1000 0 0 0.9
0 0 0 0 0 0 0 0 3 0 0 0 709 122 0 0 0 2 1 0 0 0 0 0 0 0 163 0 1000 0 0 0
0 0 0 0 0 0 0 3 0 0 0 0 524 124 0 0 0 0 3 0 0 0 0 0 0 0 346 0 1000 0 0 -0.9
0 0 0 0 0 0 0 6 6 0 0 0 328 88 0 0 0 0 1 0 0 0 0 0 0 0 571 0 1000 0 0 -1.8
0 0 0 0 0 0 0 4 2 0 0 0 204 58 0 0 0 1 0 0 0 0 0 0 0 0 731 0 1000 0 0 -2.7
0 0 0 0 0 0 0 5 2 0 0 0 161 56 0 0 0 2 0 0 0 0 0 0 0 0 774 0 1000 0 0 -3.6
0 0 0 0 0 0 0 9 0 0 0 0 135 27 0 0 0 1 2 0 0 0 0 0 0 0 826 0 1000 0 0 -4.5
0 0 0 0 0 0 0 4 2 0 0 0 92 24 0 0 0 1 1 0 0 0 0 0 0 0 876 0 1000 0 0 -5.4
0 0 0 0 0 0 0 5 2 0 0 1 65 12 0 0 0 1 0 0 0 0 0 0 0 0 914 0 1000 0 0 -6.3
0 0 0 0 0 0 0 0 2 0 0 0 31 15 0 0 0 0 0 0 0 0 0 0 0 0 952 0 1000 0 0 -7.2
0 0 0 0 0 0 0 0 1 0 0 0 21 6 0 0 0 0 1 0 0 0 0 0 0 0 971 0 1000 0 0 -8.1
0 0 0 0 0 0 0 0 1 0 0 0 23 9 0 0 0 0 1 0 0 0 0 0 0 0 966 0 1000 0 0 -9
0 0 0 0 0 0 0 2 0 0 0 0 8 6 0 0 0 0 0 0 0 0 0 0 0 0 984 0 1000 0 0 -9.9
0 0 0 0 0 0 0 0 0 0 0 1 6 1 0 0 0 0 0 0 0 0 0 0 0 0 992 0 1000 0 0 -10.8
0 0 0 0 0 0 0 0 0 0 0 0 8 3 0 0 0 0 0 0 0 0 0 0 0 0 989 0 1000 0 0 -11.7
0 0 0 0 0 0 0 0 0 0 0 0 6 8 0 0 0 0 0 0 0 0 0 0 0 0 986 0 1000 0 0 -12.6
0 0 0 0 0 0 0 0 0 0 0 0 3 2 0 0 0 0 0 0 0 0 0 0 0 0 995 0 1000 0 0 -13.5
0 0 0 0 0 0 0 0 0 0 0 0 3 2 0 0 0 0 0 0 0 0 0 0 0 0 995 0 1000 0 0 -14.4
0 0 0 0 0 0 0 0 0 0 0 0 2 0 0 0 0 0 0 0 0 0 0 0 0 0 998 0 1000 0 0 -15.3
0 0 0 0 0 0 0 0 0 0 0 1 1 0 0 0 0 0 0 0 0 0 0 0 0 0 998 0 1000 0 0 -16.2
0 0 0 0 0 0 0 0 0 0 0 0 1 0 0 0 0 0 0 0 0 0 0 0 0 0 999 0 1000 0 0 -17.1
0 0 0 0 0 0 0 0 0 0 0 0 0 0 0 0 0 0 0 0 0 0 0 0 0 0 1000 0 1000 0 0 -18
0 0 0 0 0 0 0 0 0 0 0 0 1 0 0 0 0 0 0 0 0 0 0 0 0 0 999 0 1000 0 0 -18.9
0 0 0 0 0 0 0 0 0 0 0 0 0 0 0 0 0 0 0 0 0 0 0 0 0 0 1000 0 1000 0 0 -19.8
0 0 0 0 0 0 0 0 0 0 0 0 0 0 0 0 0 0 0 0 0 0 0 0 0 0 1000 0 1000 0 0 -20.7
0 0 0 0 0 0 0 0 0 0 0 0 0 0 0 0 0 0 0 0 0 0 0 0 0 0 1000 0 1000 0 0 -21.6
0 0 0 0 0 0 0 0 0 0 0 0 0 0 0 0 0 0 0 0 0 0 0 0 0 0 1000 0 1000 0 0 -22.5
0 0 0 0 0 0 0 0 0 0 0 0 0 0 0 0 0 0 0 0 0 0 0 0 0 0 1000 0 1000 0 0 -23.4
0 0 0 0 0 0 0 0 0 0 0 0 0 0 0 0 0 0 0 0 0 0 0 0 0 0 1000 0 1000 0 0 -24.3
0 0 0 0 0 0 0 0 0 0 0 0 0 0 0 0 0 0 0 0 0 0 0 0 0 0 1000 0 1000 0 0 -25.2
0 0 0 0 0 0 0 0 0 0 0 0 0 0 0 0 0 0 0 0 0 0 0 0 0 0 1000 0 1000 0 0 -26.1
0 0 0 0 0 0 0 0 0 0 0 0 0 0 0 0 0 0 0 0 0 0 0 0 0 0 1000 0 1000 0 0 -27
0 0 0 0 0 0 0 0 0 0 0 0 0 0 0 0 0 0 0 0 0 0 0 0 0 0 1000 0 1000 0 0 -27.9
0 0 0 0 0 0 0 0 0 0 0 0 0 0 0 0 0 0 0 0 0 0 0 0 0 0 1000 0 1000 0 0 -28.8
0 0 0 0 0 0 0 0 0 0 0 0 0 0 0 0 0 0 0 0 0 0 0 0 0 0 1000 0 1000 0 0 -29.7
0 0 0 0 0 0 0 0 0 0 0 0 0 0 0 0 0 0 0 0 0 0 0 0 0 0 1000 0 1000 0 0 -30.6
0 0 0 0 0 0 0 0 0 0 0 0 0 0 0 0 0 0 0 0 0 0 0 0 0 0 1000 0 1000 0 0 -31.5
0 0 0 0 0 0 0 0 0 0 0 0 0 0 0 0 0 0 0 0 0 0 0 0 0 0 1000 0 1000 0 0 -32.4
0 0 0 0 0 0 0 0 0 0 0 0 0 0 0 0 0 0 0 0 0 0 0 0 0 0 1000 0 1000 0 0 -33.3
0 0 0 0 0 0 0 0 0 0 0 0 0 0 0 0 0 0 0 0 0 0 0 0 0 0 1000 0 1000 0 0 -34.2
