0 0 0 0 0 0 0 0 0 0 0 0 54 15 0 0 0 0 0 0 0 0 0 0 0 0 931 0 1000 0 0 9.9
0 0 0 0 0 0 0 2 2 0 0 0 614 230 0 0 0 0 0 0 0 0 0 0 0 0 152 0 1000 0 0 9
0 0 0 0 0 0 0 0 1 0 0 0 793 201 0 0 0 0 0 0 0 0 0 0 0 0 5 0 1000 0 0 8.1
0 0 0 0 0 0 0 2 2 0 0 0 772 218 0 0 0 0 0 0 0 0 0 0 0 0 6 0 1000 0 0 7.2
0 0 0 0 0 0 0 4 0 0 0 0 703 290 0 0 0 0 0 0 0 0 0 0 0 0 3 0 1000 0 0 6.3
0 0 0 0 0 0 0 5 12 0 0 0 648 332 0 0 0 0 0 0 0 0 0 0 0 0 3 0 1000 0 0 5.4
0 0 0 0 0 0 0 24 14 0 0 0 590 368 0 0 0 0 0 0 0 0 0 0 0 0 4 0 1000 0 0 4.5
0 0 0 0 0 0 0 19 20 0 0 0 546 414 0 0 0 0 0 0 0 0 0 0 0 0 1 0 1000 0 0 3.6
0 0 0 0 0 0 0 27 16 0 0 0 514 439 0 0 0 0 0 0 0 0 0 0 0 0 4 0 1000 0 0 2.7
0 0 0 0 0 0 0 26 19 0 0 0 564 384 0 0 0 0 0 0 0 0 0 0 0 0 7 0 1000 0 0 1.8
0 0 0 0 0 0 0 30 22 0 0 0 494 438 0 0 0 0 0 0 0 0 0 0 0 0 16 0 1000 0 0 0.9
0 0 0 0 0 0 0 14 28 0 0 0 452 348 0 0 0 0 0 0 0 0 0 0 0 0 158 0 1000 0 0 0
0 0 0 0 0 0 0 26 28 0 0 0 333 255 0 0 0 0 0 0 0 0 0 0 0 0 358 0 1000 0 0 -0.9
0 0 0 0 0 0 0 19 16 0 0 0 243 183 0 0 0 1 0 0 0 0 0 0 0 0 538 0 1000 0 0 -1.8
0 0 0 0 0 0 0 21 15 0 0 0 152 116 0 0 0 0 0 0 0 0 0 0 0 0 696 0 1000 0 0 -2.7
0 0 0 0 0 0 0 12 9 0 0 0 110 100 0 0 0 0 0 0 0 0 0 0 0 0 769 0 1000 0 0 -3.6
0 0 0 0 0 0 0 9 9 0 0 0 75 68 0 0 0 0 0 0 0 0 0 0 0 0 839 0 1000 0 0 -4.5
0 0 0 0 0 0 0 8 9 0 0 0 61 47 0 0 0 1 0 0 0 0 0 0 0 0 874 0 1000 0 0 -5.4
0 0 0 0 0 0 0 9 7 0 0 0 35 34 0 0 0 0 1 0 0 0 0 0 0 0 914 0 1000 0 0 -6.3
0 0 0 0 0 0 0 5 0 0 0 0 25 16 0 0 0 0 0 0 0 0 0 0 0 0 954 0 1000 0 0 -7.2
0 0 0 0 0 0 0 2 5 0 0 0 12 14 0 0 0 0 0 0 0 0 0 0 0 0 967 0 1000 0 0 -8.1
0 0 0 0 0 0 0 3 1 0 0 0 17 13 0 0 0 0 0 0 0 0 0 0 0 0 966 0 1000 0 0 -9
0 0 0 0 0 0 0 0 2 0 0 0 10 4 0 0 0 0 0 0 0 0 0 0 0 0 984 0 1000 0 0 -9.9
0 0 0 0 0 0 0 1 0 0 0 0 3 3 0 0 0 0 0 0 0 0 0 0 0 0 993 0 1000 0 0 -10.8
0 0 0 0 0 0 0 1 1 0 0 0 3 1 0 0 0 0 0 0 0 0 0 0 0 0 994 0 1000 0 0 -11.7
0 0 0 0 0 0 1 0 1 0 0 0 5 1 0 0 0 0 0 0 0 0 0 0 0 0 992 0 1000 0 0 -12.6
0 0 0 0 0 0 0 0 0 0 0 0 1 2 0 0 0 0 0 0 0 0 0 0 0 0 997 0 1000 0 0 -13.5
0 0 0 0 0 0 0 1 1 0 0 0 0 4 0 0 0 0 0 0 0 0 0 0 0 0 994 0 1000 0 0 -14.4
0 0 0 0 0 0 0 0 0 0 0 0 2 3 0 0 0 0 0 0 0 0 0 0 0 0 995 0 1000 0 0 -15.3
0 0 0 0 0 0 0 0 0 0 0 0 0 0 0 0 0 0 0 0 0 0 0 0 0 0 1000 0 1000 0 0 -16.2
0 0 0 0 0 0 0 0 0 0 0 0 2 0 0 0 0 0 0 0 0 0 0 0 0 0 998 0 1000 0 0 -17.1
0 0 0 0 0 0 0 1 0 0 0 0 0 0 0 0 0 1 0 0 0 0 0 0 0 0 998 0 1000 0 0 -18
0 0 0 0 0 0 0 0 0 0 0 0 0 0 0 0 0 0 0 0 0 0 0 0 0 0 1000 0 1000 0 0 -18.9
0 0 0 0 0 0 0 0 0 0 0 0 0 0 0 0 0 0 0 0 0 0 0 0 0 0 1000 0 1000 0 0 -19.8
0 0 0 0 0 0 0 0 0 0 0 0 0 0 0 0 0 0 0 0 0 0 0 0 0 0 1000 0 1000 0 0 -20.7
0 0 0 0 0 0 0 0 0 0 0 0 0 0 0 0 0 0 0 0 0 0 0 0 0 0 1000 0 1000 0 0 -21.6
0 0 0 0 0 0 0 0 0 0 0 0 0 0 0 0 0 0 0 0 0 0 0 0 0 0 1000 0 1000 0 0 -22.5
0 0 0 0 0 0 0 0 0 0 0 0 0 0 0 0 0 0 1 0 0 0 0 0 0 0 999 0 1000 0 0 -23.4
0 0 0 0 0 0 0 0 0 0 0 0 0 0 0 0 0 0 0 0 0 0 0 0 0 0 1000 0 1000 0 0 -24.3
0 0 0 0 0 0 0 0 0 0 0 0 0 0 0 0 0 0 0 0 0 0 0 0 0 0 1000 0 1000 0 0 -25.2
0 0 0 0 0 0 0 0 0 0 0 0 0 0 0 0 0 0 0 0 0 0 0 0 0 0 1000 0 1000 0 0 -26.1
0 0 0 0 0 0 0 0 0 0 0 0 0 0 0 0 0 0 0 0 0 0 0 0 0 0 1000 0 1000 0 0 -27
0 0 0 0 0 0 0 0 0 0 0 0 0 0 0 0 0 0 0 0 0 0 0 0 0 0 1000 0 1000 0 0 -27.9
0 0 0 0 0 0 0 0 0 0 0 0 0 0 0 0 0 0 0 0 0 0 0 0 0 0 1000 0 1000 0 0 -28.8
0 0 0 0 0 0 0 0 0 0 0 0 0 0 0 0 0 0 0 0 0 0 0 0 0 0 1000 0 1000 0 0 -29.7
0 0 0 0 0 0 0 0 0 0 0 0 0 0 0 0 0 0 0 0 0 0 0 0 0 0 1000 0 1000 0 0 -30.6
0 0 0 0 0 0 0 0 0 0 0 0 0 0 0 0 0 0 0 0 0 0 0 0 0 0 1000 0 1000 0 0 -31.5
0 0 0 0 0 0 0 0 0 0 0 0 0 0 0 0 0 0 0 0 0 0 0 0 0 0 1000 0 1000 0 0 -32.4
0 0 0 0 0 0 0 0 0 0 0 0 0 0 0 0 0 0 0 0 0 0 0 0 0 0 1000 0 1000 0 0 -33.3
0 0 0 0 0 0 0 0 0 0 0 0 0 0 0 0 0 0 0 0 0 0 0 0 0 0 1000 0 1000 0 0 -34.2
