0 0 0 0 0 0 0 4 1 0 0 0 45 26 0 0 0 0 0 0 0 0 0 0 0 0 924 0 1000 0 0 9.9
0 0 0 0 0 0 0 32 31 0 0 0 604 190 0 0 0 0 0 0 0 0 0 0 0 0 143 0 1000 0 0 9
0 0 0 0 0 0 0 30 28 0 0 0 734 200 0 0 0 0 0 0 0 0 0 0 0 0 8 0 1000 0 0 8.1
0 0 0 0 0 0 0 63 46 0 0 0 664 219 0 0 0 0 0 0 0 0 0 0 0 0 8 0 1000 0 0 7.2
0 0 0 0 0 0 0 81 54 0 0 0 612 241 0 0 0 0 0 0 0 0 0 0 0 0 12 0 1000 0 0 6.3
0 0 0 0 0 0 0 105 68 0 0 0 500 318 0 0 0 0 0 0 0 0 0 0 0 0 9 0 1000 0 0 5.4
0 0 0 0 0 0 0 129 104 0 0 0 449 317 0 0 0 0 0 0 0 0 0 0 0 0 1 0 1000 0 0 4.5
0 0 0 0 0 0 0 119 110 0 0 0 448 318 0 0 0 0 0 0 0 0 0 0 0 0 5 0 1000 0 0 3.6
0 0 0 0 0 0 0 133 98 0 0 0 419 346 0 0 0 0 0 0 0 0 0 0 0 0 4 0 1000 0 0 2.7
0 0 0 0 0 0 0 146 105 0 0 0 424 322 0 0 0 0 0 0 0 0 0 0 0 0 3 0 1000 0 0 1.8
0 0 0 0 0 0 0 156 104 0 0 0 406 321 0 0 0 0 0 0 0 0 0 0 0 0 13 0 1000 0 0 0.9
0 0 0 0 0 0 0 115 115 0 0 0 315 279 0 0 0 0 0 0 0 0 0 0 0 0 176 0 1000 0 0 0
0 0 0 0 0 0 0 86 79 0 0 0 253 201 0 0 0 0 0 0 0 0 0 0 0 0 381 0 1000 0 0 -0.9
0 0 0 0 0 0 0 72 57 0 0 0 169 122 0 0 0 0 0 0 0 0 0 0 0 0 580 0 1000 0 0 -1.8
0 0 0 0 0 0 0 56 55 0 0 0 115 98 0 0 0 0 0 0 0 0 0 0 0 0 676 0 1000 0 0 -2.7
0 0 0 0 0 0 0 47 39 0 0 0 89 67 0 0 0 0 0 0 0 0 0 0 0 0 758 0 1000 0 0 -3.6
0 0 0 0 0 0 0 29 25 1 0 0 52 45 0 0 0 0 0 0 0 0 0 0 0 0 848 0 1000 0 0 -4.5
0 0 0 0 0 0 0 12 21 0 0 0 38 28 0 0 0 0 0 0 0 0 0 0 0 0 901 0 1000 0 0 -5.4
0 0 0 0 0 0 0 14 16 0 0 0 30 28 0 0 0 0 0 0 0 0 0 0 0 0 912 0 1000 0 0 -6.3
0 0 0 0 0 0 0 13 8 0 0 0 15 14 0 0 0 0 0 0 0 0 0 0 0 0 950 0 1000 0 0 -7.2
0 0 0 0 0 0 0 7 2 0 0 0 14 11 0 0 0 0 0 0 0 0 0 0 0 0 966 0 1000 0 0 -8.1
0 0 0 0 0 0 0 10 5 0 0 0 8 8 0 0 0 0 0 0 0 0 0 0 0 0 969 0 1000 0 0 -9
0 0 0 0 0 0 0 5 3 0 0 0 7 6 0 0 0 0 0 0 0 0 0 0 0 0 979 0 1000 0 0 -9.9
0 0 0 0 0 0 0 5 0 0 0 0 3 1 0 0 0 0 0 0 0 0 0 0 0 0 991 0 1000 0 0 -10.8
0 0 0 0 0 0 0 3 1 0 0 0 1 4 0 0 0 0 0 0 0 0 0 0 0 0 991 0 1000 0 0 -11.7
0 0 0 0 0 0 0 1 0 0 0 0 0 2 0 0 0 0 0 0 0 0 0 0 0 0 997 0 1000 0 0 -12.6
0 0 0 0 0 0 0 2 2 0 0 0 1 0 0 0 0 0 0 0 0 0 0 0 0 0 995 0 1000 0 0 -13.5
0 0 0 0 0 0 0 2 2 0 0 0 1 0 0 0 0 0 0 0 0 0 0 0 0 0 995 0 1000 0 0 -14.4
0 0 0 0 0 0 0 0 0 1 0 0 1 0 0 0 0 0 0 0 0 0 0 0 0 0 998 0 1000 0 0 -15.3
0 0 0 0 0 0 0 0 0 0 0 0 0 1 0 0 0 0 0 0 0 0 0 0 0 0 999 0 1000 0 0 -16.2
0 0 0 0 0 0 0 0 0 0 0 0 0 0 0 0 0 0 0 0 0 0 0 0 0 0 1000 0 1000 0 0 -17.1
0 0 0 0 0 0 0 0 0 0 0 0 0 0 0 0 0 0 0 0 0 0 0 0 0 0 1000 0 1000 0 0 -18
0 0 0 0 0 0 0 0 0 0 0 0 3 0 0 0 0 0 0 0 0 0 0 0 0 0 997 0 1000 0 0 -18.9
0 0 0 0 0 0 0 0 0 0 0 0 0 0 0 0 0 0 0 0 0 0 0 0 0 0 1000 0 1000 0 0 -19.8
0 0 0 0 0 0 0 0 0 0 0 0 0 0 0 0 0 0 0 0 0 0 0 0 0 0 1000 0 1000 0 0 -20.7
0 0 0 0 0 0 0 0 0 0 0 0 0 0 0 0 0 0 0 0 0 0 0 0 0 0 1000 0 1000 0 0 -21.6
0 0 0 0 0 0 0 0 0 0 0 0 0 0 0 0 0 0 0 0 0 0 0 0 0 0 1000 0 1000 0 0 -22.5
0 0 0 0 0 0 0 0 0 0 0 0 0 0 0 0 0 0 0 0 0 0 0 0 0 0 1000 0 1000 0 0 -23.4
0 0 0 0 0 0 0 0 0 0 0 0 0 1 0 0 0 0 0 0 0 0 0 0 0 0 999 0 1000 0 0 -24.3
0 0 0 0 0 0 0 0 0 0 0 0 0 0 0 0 0 0 0 0 0 0 0 0 0 0 1000 0 1000 0 0 -25.2
0 0 0 0 0 0 0 0 0 0 0 0 0 0 0 0 0 0 0 0 0 0 0 0 0 0 1000 0 1000 0 0 -26.1
0 0 0 0 0 0 0 0 0 0 0 0 0 0 0 0 0 0 0 0 0 0 0 0 0 0 1000 0 1000 0 0 -27
0 0 0 0 0 0 0 0 0 0 0 0 0 0 0 0 0 0 0 0 0 0 0 0 0 0 1000 0 1000 0 0 -27.9
0 0 0 0 0 0 0 0 0 0 0 0 0 0 0 0 0 0 0 0 0 0 0 0 0 0 1000 0 1000 0 0 -28.8
0 0 0 0 0 0 0 0 0 0 0 0 0 0 0 0 0 0 0 0 0 0 0 0 0 0 1000 0 1000 0 0 -29.7
0 0 0 0 0 0 0 0 0 0 0 0 0 0 0 0 0 0 0 0 0 0 0 0 0 0 1000 0 1000 0 0 -30.6
0 0 0 0 0 0 0 0 0 0 0 0 0 0 0 0 0 0 0 0 0 0 0 0 0 0 1000 0 1000 0 0 -31.5
0 0 0 0 0 0 0 0 0 0 0 0 0 0 0 0 0 0 0 0 0 0 0 0 0 0 1000 0 1000 0 0 -32.4
0 0 0 0 0 0 0 0 0 0 0 0 0 0 0 0 0 0 0 0 0 0 0 0 0 0 1000 0 1000 0 0 -33.3
0 0 0 0 0 0 0 0 0 0 0 0 0 0 0 0 0 0 0 0 0 0 0 0 0 0 1000 0 1000 0 0 -34.2
