0 0 0 0 0 0 0 0 0 0 0 0 53 35 0 0 0 0 0 0 0 0 0 0 0 0 912 0 1000 0 0 9.9
0 0 0 0 0 0 0 0 0 0 0 0 636 222 0 0 0 0 0 0 0 0 0 0 0 0 142 0 1000 0 0 9
0 0 0 0 0 0 0 1 1 0 0 0 822 173 0 0 0 0 0 0 0 0 0 0 0 0 3 0 1000 0 0 8.1
0 0 0 0 0 0 0 0 2 0 0 0 795 201 0 0 0 0 0 0 0 0 0 0 0 0 2 0 1000 0 0 7.2
0 0 0 0 0 0 0 1 0 0 0 0 714 278 0 0 0 0 0 0 0 0 0 0 0 0 7 0 1000 0 0 6.3
0 0 0 0 0 0 0 1 0 0 0 0 651 342 0 0 0 0 0 0 0 0 0 0 0 0 6 0 1000 0 0 5.4
0 0 0 0 0 0 0 1 0 0 0 0 607 387 0 0 0 1 1 0 0 0 0 0 0 0 3 0 1000 0 0 4.5
0 0 0 0 0 0 0 6 3 0 0 0 581 409 0 0 0 0 0 0 0 0 0 0 0 0 1 0 1000 0 0 3.6
0 0 0 0 0 0 0 3 4 0 0 0 585 404 0 0 0 0 0 0 0 0 0 0 0 0 4 0 1000 0 0 2.7
0 0 0 0 0 0 0 6 6 0 0 0 587 396 0 0 0 2 0 0 0 0 0 0 0 0 3 0 1000 0 0 1.8
0 0 0 0 0 0 0 4 5 0 0 0 577 400 0 0 0 1 1 0 0 0 0 0 0 0 12 0 1000 0 0 0.9
0 0 0 0 0 0 0 11 8 0 0 0 470 342 0 0 0 0 0 0 0 0 0 0 0 0 169 0 1000 0 0 0
0 0 0 0 0 0 0 7 4 0 0 0 351 259 0 0 0 0 3 0 0 0 0 0 0 0 376 0 1000 0 0 -0.9
0 0 0 0 0 0 0 9 6 0 0 0 195 217 0 0 0 0 1 0 0 0 0 0 0 0 572 0 1000 0 0 -1.8
0 0 0 0 0 0 0 3 3 0 0 0 164 140 0 0 0 2 1 0 0 0 0 0 0 0 687 0 1000 0 0 -2.7
0 0 0 0 0 0 0 8 7 0 0 0 105 91 0 0 0 1 0 0 0 0 0 0 0 0 788 0 1000 0 0 -3.6
0 0 0 0 0 0 0 2 6 0 0 0 78 67 0 0 0 1 0 0 0 0 0 0 0 0 846 0 1000 0 0 -4.5
0 0 0 0 0 0 0 3 3 0 0 0 51 44 0 0 0 1 1 0 0 0 0 0 0 0 897 0 1000 0 0 -5.4
0 0 0 0 0 0 0 5 5 0 0 0 36 35 0 0 0 1 0 0 0 0 0 0 0 0 918 0 1000 0 0 -6.3
0 0 0 0 0 0 0 3 0 0 0 0 30 15 0 0 0 1 2 0 0 0 0 0 0 0 949 0 1000 0 0 -7.2
0 0 0 0 0 0 0 1 3 0 0 0 26 18 0 0 0 3 0 0 0 0 0 0 0 0 949 0 1000 0 0 -8.1
0 0 0 0 0 0 0 2 0 0 0 0 15 10 0 0 0 1 1 0 0 0 0 0 0 0 971 0 1000 0 0 -9
0 0 0 0 0 0 0 1 2 0 0 0 10 7 0 0 0 1 0 0 0 0 0 0 0 0 979 0 1000 0 0 -9.9
0 0 0 0 0 0 0 1 2 0 0 0 8 4 0 0 0 1 0 0 0 0 0 0 0 0 984 0 1000 0 0 -10.8
0 0 0 0 0 0 0 0 0 0 0 0 4 3 0 0 0 0 1 0 0 0 0 0 0 0 992 0 1000 0 0 -11.7
0 0 0 0 0 0 0 1 1 0 0 0 3 5 0 0 0 0 0 0 0 0 0 0 0 0 990 0 1000 0 0 -12.6
0 0 0 0 0 0 0 0 0 0 0 0 2 0 0 0 0 0 0 0 0 0 0 0 0 0 998 0 1000 0 0 -13.5
0 0 0 0 0 0 0 0 0 0 0 0 3 1 0 0 0 0 0 0 0 0 0 0 0 0 996 0 1000 0 0 -14.4
0 0 0 0 0 0 0 0 3 0 0 0 3 0 0 0 0 0 0 0 0 0 0 0 0 0 994 0 1000 0 0 -15.3
0 0 0 0 0 0 0 0 0 0 0 0 0 1 0 0 0 0 0 0 0 0 0 0 0 0 999 0 1000 0 0 -16.2
0 0 0 0 0 0 0 0 0 0 0 0 2 1 0 0 0 0 0 0 0 0 0 0 0 0 997 0 1000 0 0 -17.1
0 0 0 0 0 0 0 0 0 0 0 0 0 0 0 0 0 0 0 0 0 0 0 0 0 0 1000 0 1000 0 0 -18
0 0 0 0 0 0 0 0 0 0 0 0 0 0 0 0 0 0 0 0 0 0 0 0 0 0 1000 0 1000 0 0 -18.9
0 0 0 0 0 0 0 0 0 0 0 0 0 1 0 0 0 0 0 0 0 0 0 0 0 0 999 0 1000 0 0 -19.8
0 0 0 0 0 0 0 0 0 0 0 0 0 0 0 0 0 0 0 0 0 0 0 0 0 0 1000 0 1000 0 0 -20.7
0 0 0 0 0 0 0 0 0 0 0 0 0 0 0 0 0 0 0 0 0 0 0 0 0 0 1000 0 1000 0 0 -21.6
0 0 0 0 0 0 0 0 0 0 0 0 0 0 0 0 0 0 0 0 0 0 0 0 0 0 1000 0 1000 0 0 -22.5
0 0 0 0 0 0 0 0 0 0 0 0 0 0 0 0 0 0 1 0 0 0 0 0 0 0 999 0 1000 0 0 -23.4
0 0 0 0 0 0 0 0 0 0 0 0 0 0 0 0 0 0 0 0 0 0 0 0 0 0 1000 0 1000 0 0 -24.3
0 0 0 0 0 0 0 0 0 0 0 0 0 0 0 0 0 0 0 0 0 0 0 0 0 0 1000 0 1000 0 0 -25.2
0 0 0 0 0 0 0 0 0 0 0 0 0 0 0 0 0 0 0 0 0 0 0 0 0 0 1000 0 1000 0 0 -26.1
0 0 0 0 0 0 0 0 0 0 0 0 0 0 0 0 0 0 0 0 0 0 0 0 0 0 1000 0 1000 0 0 -27
0 0 0 0 0 0 0 0 0 0 0 0 0 0 0 0 0 0 0 0 0 0 0 0 0 0 1000 0 1000 0 0 -27.9
0 0 0 0 0 0 0 0 0 0 0 0 0 0 0 0 0 0 0 0 0 0 0 0 0 0 1000 0 1000 0 0 -28.8
0 0 0 0 0 0 0 0 0 0 0 0 0 0 0 0 0 0 0 0 0 0 0 0 0 0 1000 0 1000 0 0 -29.7
0 0 0 0 0 0 0 0 0 0 0 0 0 0 0 0 0 0 0 0 0 0 0 0 0 0 1000 0 1000 0 0 -30.6
0 0 0 0 0 0 0 0 0 0 0 0 0 0 0 0 0 0 0 0 0 0 0 0 0 0 1000 0 1000 0 0 -31.5
0 0 0 0 0 0 0 0 0 0 0 0 0 0 0 0 0 0 0 0 0 0 0 0 0 0 1000 0 1000 0 0 -32.4
0 0 0 0 0 0 0 0 0 0 0 0 0 0 0 0 0 0 0 0 0 0 0 0 0 0 1000 0 1000 0 0 -33.3
0 0 0 0 0 0 0 0 0 0 0 0 0 0 0 0 0 0 0 0 0 0 0 0 0 0 1000 0 1000 0 0 -34.2
