0 0 0 0 0 0 0 24 1 0 0 0 39 0 0 0 0 0 0 0 0 0 0 0 0 0 936 0 1000 0 0 9.9
0 0 0 0 0 0 0 208 7 0 0 0 601 11 0 0 0 0 0 0 0 0 0 0 0 0 173 0 1000 0 0 9
0 0 0 0 0 0 0 172 12 0 0 0 790 12 0 0 0 0 0 0 0 0 0 0 0 0 14 0 1000 0 0 8.1
0 0 0 0 0 0 0 196 19 0 0 0 759 19 0 0 0 0 0 0 0 0 0 0 0 0 7 0 1000 0 0 7.2
0 0 0 0 0 0 0 305 20 0 0 0 644 25 0 0 0 0 0 0 0 0 0 0 0 0 6 0 1000 0 0 6.3
0 0 0 0 0 0 0 351 28 0 0 0 566 49 0 0 0 0 0 0 0 0 0 0 0 0 6 0 1000 0 0 5.4
0 0 0 0 0 0 0 351 53 0 0 0 521 68 0 0 0 0 0 0 0 0 0 0 0 0 7 0 1000 0 0 4.5
0 0 0 0 0 0 0 337 72 0 0 0 502 84 0 0 0 0 0 0 0 0 0 0 0 0 5 0 1000 0 0 3.6
0 0 0 0 0 0 0 325 79 0 0 1 501 91 0 0 0 0 0 0 0 0 0 0 0 0 3 0 1000 0 0 2.7
0 0 0 0 0 0 0 366 77 0 0 0 467 87 0 0 0 0 0 0 0 0 0 0 0 0 3 0 1000 0 0 1.8
0 0 0 0 0 0 0 343 77 0 0 0 471 96 0 0 0 0 0 0 0 0 0 0 0 0 13 0 1000 0 0 0.9
0 0 0 0 0 0 0 314 79 0 0 0 381 84 0 0 0 0 0 0 0 0 0 0 0 0 142 0 1000 0 0 0
0 0 0 0 0 0 0 206 61 0 0 0 285 85 0 0 0 0 0 0 0 0 0 0 0 0 363 0 1000 0 0 -0.9
0 0 0 0 0 0 0 142 54 0 0 0 187 39 0 0 0 0 0 0 0 0 0 0 0 0 578 0 1000 0 0 -1.8
0 0 0 0 0 0 0 87 31 0 0 0 143 41 0 0 0 0 0 0 0 0 0 0 0 0 698 0 1000 0 0 -2.7
0 0 0 0 0 0 0 79 21 0 0 0 76 27 0 0 0 0 0 0 0 0 0 0 0 0 797 0 1000 0 0 -3.6
0 0 0 0 0 0 0 53 25 0 0 0 61 15 0 0 0 0 0 0 0 0 0 0 0 0 846 0 1000 0 0 -4.5
0 0 0 0 0 0 0 32 8 0 0 0 54 12 0 0 0 0 0 0 0 0 0 0 0 0 894 0 1000 0 0 -5.4
0 0 0 0 0 0 0 24 9 0 0 0 24 7 0 0 0 0 0 0 0 0 0 0 0 0 936 0 1000 0 0 -6.3
0 0 1 0 0 0 0 26 10 0 0 0 26 6 0 0 0 0 0 0 0 0 0 0 0 0 931 0 1000 0 0 -7.2
0 0 0 0 0 0 0 12 3 0 0 0 17 4 0 0 0 0 0 0 0 0 0 0 0 0 964 0 1000 0 0 -8.1
0 0 0 0 0 0 0 9 3 0 0 0 16 1 0 0 0 0 0 0 0 0 0 0 0 0 971 0 1000 0 0 -9
0 0 0 0 0 0 0 6 4 0 0 0 5 5 0 0 0 0 0 0 0 0 0 0 0 0 980 0 1000 0 0 -9.9
0 0 0 0 0 0 0 3 5 0 0 0 6 1 0 0 0 0 0 0 0 0 0 0 0 0 985 0 1000 0 0 -10.8
0 0 0 0 0 0 0 3 2 0 0 0 1 0 0 0 0 0 0 0 0 0 0 0 0 0 994 0 1000 0 0 -11.7
0 0 0 0 0 0 0 3 1 0 0 0 5 0 0 0 0 0 0 0 0 0 0 0 0 0 991 0 1000 0 0 -12.6
0 0 1 0 0 0 0 3 1 0 0 0 1 0 0 0 0 0 0 0 0 0 0 0 0 0 994 0 1000 0 0 -13.5
0 0 0 0 0 0 0 0 0 0 0 0 3 0 0 0 0 0 0 0 0 0 0 0 0 0 997 0 1000 0 0 -14.4
0 0 0 0 0 0 0 0 0 0 0 0 0 0 0 0 0 0 0 0 0 0 0 0 0 0 1000 0 1000 0 0 -15.3
0 0 0 0 0 0 0 1 1 0 0 0 0 1 0 0 0 0 0 0 0 0 0 0 0 0 997 0 1000 0 0 -16.2
0 0 0 0 0 0 0 0 0 0 0 0 0 0 0 0 0 0 0 0 0 0 0 0 0 0 1000 0 1000 0 0 -17.1
0 0 0 1 0 0 0 0 0 0 0 0 0 0 0 0 0 0 0 0 0 0 0 0 0 0 999 0 1000 0 0 -18
0 0 0 0 0 0 0 0 0 0 0 0 0 1 0 0 0 0 0 0 0 0 0 0 0 0 999 0 1000 0 0 -18.9
0 0 0 0 0 0 0 0 0 0 0 0 0 0 0 0 0 0 0 0 0 0 0 0 0 0 1000 0 1000 0 0 -19.8
0 0 0 0 0 0 0 1 0 0 0 0 0 0 0 0 0 0 0 0 0 0 0 0 0 0 999 0 1000 0 0 -20.7
0 0 0 0 0 0 0 0 0 0 0 0 0 0 0 0 0 0 0 0 0 0 0 0 0 0 1000 0 1000 0 0 -21.6
0 0 0 0 0 0 0 0 0 0 0 0 0 0 0 0 0 0 0 0 0 0 0 0 0 0 1000 0 1000 0 0 -22.5
0 0 0 0 0 0 0 0 0 0 0 0 0 0 0 0 0 0 0 0 0 0 0 0 0 0 1000 0 1000 0 0 -23.4
0 0 0 0 0 0 0 0 0 0 0 0 0 0 0 0 0 0 0 0 0 0 0 0 0 0 1000 0 1000 0 0 -24.3
0 0 0 0 0 0 0 0 0 0 0 0 0 0 0 0 0 0 0 0 0 0 0 0 0 0 1000 0 1000 0 0 -25.2
0 0 0 0 0 0 0 0 0 0 0 0 0 0 0 0 0 0 0 0 0 0 0 0 0 0 1000 0 1000 0 0 -26.1
0 0 0 0 0 0 0 0 0 0 0 0 0 0 0 0 0 0 0 0 0 0 0 0 0 0 1000 0 1000 0 0 -27
0 0 0 0 0 0 0 0 0 0 0 0 0 0 0 0 0 0 0 0 0 0 0 0 0 0 1000 0 1000 0 0 -27.9
0 0 0 0 0 0 0 0 0 0 0 0 0 0 0 0 0 0 0 0 0 0 0 0 0 0 1000 0 1000 0 0 -28.8
0 0 0 0 0 0 0 0 0 0 0 0 0 0 0 0 0 0 0 0 0 0 0 0 0 0 1000 0 1000 0 0 -29.7
0 0 0 0 0 0 0 0 0 0 0 0 0 0 0 0 0 0 0 0 0 0 0 0 0 0 1000 0 1000 0 0 -30.6
0 0 0 0 0 0 0 0 0 0 0 0 0 0 0 0 0 0 0 0 0 0 0 0 0 0 1000 0 1000 0 0 -31.5
0 0 0 0 0 0 0 0 0 0 0 0 0 0 0 0 0 0 0 0 0 0 0 0 0 0 1000 0 1000 0 0 -32.4
0 0 0 0 0 0 0 0 0 0 0 0 0 0 0 0 0 0 0 0 0 0 0 0 0 0 1000 0 1000 0 0 -33.3
0 0 0 0 0 0 0 0 0 0 0 0 0 0 0 0 0 0 0 0 0 0 0 0 0 0 1000 0 1000 0 0 -34.2
