0 0 0 0 0 0 0 0 0 0 0 0 996 0 0 0 0 0 0 0 0 0 0 0 0 0 4 0 1000 0 0 9.9
0 0 0 0 0 0 0 0 0 0 0 0 987 0 0 0 0 0 0 0 0 0 0 0 0 0 13 0 1000 0 0 9
0 0 0 0 0 0 0 0 0 0 0 0 1000 0 0 0 0 0 0 0 0 0 0 0 0 0 0 0 1000 0 0 8.1
0 0 0 0 0 0 0 0 0 0 0 0 1000 0 0 0 0 0 0 0 0 0 0 0 0 0 0 0 1000 0 0 7.2
0 0 0 0 0 0 0 0 0 0 0 0 998 1 0 0 0 0 0 0 0 0 0 0 0 0 1 0 1000 0 0 6.3
0 0 0 0 0 0 0 0 0 0 0 0 997 1 0 0 0 0 0 0 0 0 0 0 0 0 2 0 1000 0 0 5.4
0 0 0 0 0 0 0 6 0 0 0 0 994 0 0 0 0 0 0 0 0 0 0 0 0 0 0 0 1000 0 0 4.5
0 0 0 0 0 0 0 22 1 0 0 0 975 1 0 0 0 0 0 0 0 0 0 0 0 0 1 0 1000 0 0 3.6
0 0 0 0 0 0 0 58 2 0 0 0 934 6 0 0 0 0 0 0 0 0 0 0 0 0 0 0 1000 0 0 2.7
0 0 0 0 0 0 0 64 4 0 0 0 925 7 0 0 0 0 0 0 0 0 0 0 0 0 0 0 1000 0 0 1.8
0 0 0 0 0 0 0 67 2 0 0 0 918 3 0 0 0 0 0 0 0 0 0 0 0 0 10 0 1000 0 0 0.9
0 0 0 0 0 0 0 72 0 0 0 1 766 10 0 0 0 0 0 0 0 0 0 0 0 0 151 0 1000 0 0 0
0 0 0 0 0 0 1 47 5 0 0 1 560 6 0 0 0 0 0 0 0 0 0 0 0 0 380 0 1000 0 0 -0.9
0 0 0 0 0 0 1 54 3 0 0 0 361 11 0 0 0 0 0 0 0 0 0 0 0 0 570 0 1000 0 0 -1.8
0 0 0 0 0 0 0 62 2 0 0 0 262 12 0 0 0 0 0 0 0 0 0 0 0 0 662 0 1000 0 0 -2.7
0 0 0 0 0 0 0 29 3 0 0 1 197 10 0 0 0 1 0 0 0 0 0 0 0 0 759 0 1000 0 0 -3.6
0 0 0 0 0 0 2 37 1 0 0 1 105 1 0 0 0 0 0 0 0 0 0 0 0 0 853 0 1000 0 0 -4.5
0 0 0 0 0 0 0 21 2 0 0 0 88 3 0 0 0 0 0 0 0 0 0 0 0 0 886 0 1000 0 0 -5.4
0 0 0 0 0 0 0 20 2 0 0 0 47 5 0 0 0 0 0 0 0 0 0 0 0 0 926 0 1000 0 0 -6.3
0 0 0 0 0 0 0 14 1 0 0 0 34 3 0 0 0 0 0 0 0 0 0 0 0 0 948 0 1000 0 0 -7.2
0 0 0 0 0 0 0 7 4 0 0 0 26 3 0 0 0 0 0 0 0 0 0 0 0 0 960 0 1000 0 0 -8.1
0 0 0 0 0 0 0 4 2 0 0 2 26 2 0 0 0 0 1 0 0 0 0 0 0 0 963 0 1000 0 0 -9
0 0 0 0 0 0 0 4 0 0 0 0 13 0 0 0 0 0 0 0 0 0 0 0 0 0 983 0 1000 0 0 -9.9
0 0 0 0 0 0 0 4 2 0 0 1 17 1 0 0 0 0 0 0 0 0 0 0 0 0 975 0 1000 0 0 -10.8
0 0 0 0 0 0 0 2 0 0 0 0 3 0 0 0 0 0 0 0 0 0 0 0 0 0 995 0 1000 0 0 -11.7
0 0 0 0 0 0 0 4 1 0 0 0 5 0 0 0 0 0 0 0 0 0 0 0 0 0 990 0 1000 0 0 -12.6
0 0 0 0 0 0 0 0 0 0 0 0 2 1 0 0 0 0 0 0 0 0 0 0 0 0 997 0 1000 0 0 -13.5
0 0 0 0 0 0 0 1 0 0 0 1 1 1 0 0 0 0 0 0 0 0 0 0 0 0 996 0 1000 0 0 -14.4
0 0 0 0 0 0 0 0 0 0 0 0 0 0 0 0 0 0 0 0 0 0 0 0 0 0 1000 0 1000 0 0 -15.3
0 0 0 0 0 0 0 0 0 0 0 0 0 0 0 0 0 0 0 0 0 0 0 0 0 0 1000 0 1000 0 0 -16.2
0 0 0 0 0 0 0 1 1 0 0 0 0 0 0 0 0 0 0 0 0 0 0 0 0 0 998 0 1000 0 0 -17.1
0 0 0 0 0 0 0 0 0 0 0 0 0 0 0 0 0 0 0 0 0 0 0 0 0 0 1000 0 1000 0 0 -18
0 0 0 0 0 0 0 0 0 0 0 0 0 0 0 0 0 0 0 0 0 0 0 0 0 0 1000 0 1000 0 0 -18.9
0 0 0 0 0 0 0 0 0 0 0 0 0 0 0 0 0 0 0 0 0 0 0 0 0 0 1000 0 1000 0 0 -19.8
0 0 0 0 0 0 0 1 0 0 0 0 0 0 0 0 0 0 0 0 0 0 0 0 0 0 999 0 1000 0 0 -20.7
0 0 0 0 0 0 0 0 0 0 0 0 0 0 0 0 0 0 0 0 0 0 0 0 0 0 1000 0 1000 0 0 -21.6
0 0 0 0 0 0 0 0 0 0 0 0 0 0 0 0 0 0 0 0 0 0 0 0 0 0 1000 0 1000 0 0 -22.5
0 0 0 0 0 0 0 0 0 0 0 0 0 0 0 0 0 0 0 0 0 0 0 0 0 0 1000 0 1000 0 0 -23.4
0 0 0 0 0 0 0 0 0 0 0 0 0 0 0 0 0 0 0 0 0 0 0 0 0 0 1000 0 1000 0 0 -24.3
0 0 0 0 0 0 0 0 0 0 0 0 0 0 0 0 0 0 0 0 0 0 0 0 0 0 1000 0 1000 0 0 -25.2
0 0 0 0 0 0 0 0 0 0 0 0 0 0 0 0 0 0 0 0 0 0 0 0 0 0 1000 0 1000 0 0 -26.1
0 0 0 0 0 0 0 0 0 0 0 0 0 0 0 0 0 0 0 0 0 0 0 0 0 0 1000 0 1000 0 0 -27
0 0 0 0 0 0 0 0 0 0 0 0 0 0 0 0 0 0 0 0 0 0 0 0 0 0 1000 0 1000 0 0 -27.9
0 0 0 0 0 0 0 0 0 0 0 0 0 0 0 0 0 0 0 0 0 0 0 0 0 0 1000 0 1000 0 0 -28.8
0 0 0 0 0 0 0 0 0 0 0 0 0 0 0 0 0 0 0 0 0 0 0 0 0 0 1000 0 1000 0 0 -29.7
0 0 0 0 0 0 0 0 0 0 0 0 0 0 0 0 0 0 0 0 0 0 0 0 0 0 1000 0 1000 0 0 -30.6
0 0 0 0 0 0 0 0 0 0 0 0 0 0 0 0 0 0 0 0 0 0 0 0 0 0 1000 0 1000 0 0 -31.5
0 0 0 0 0 0 0 0 0 0 0 0 0 0 0 0 0 0 0 0 0 0 0 0 0 0 1000 0 1000 0 0 -32.4
0 0 0 0 0 0 0 0 0 0 0 0 0 0 0 0 0 0 0 0 0 0 0 0 0 0 1000 0 1000 0 0 -33.3
0 0 0 0 0 0 0 0 0 0 0 0 0 0 0 0 0 0 0 0 0 0 0 0 0 0 1000 0 1000 0 0 -34.2
