0 0 0 0 0 0 0 25 22 0 0 0 13 13 0 0 0 0 0 0 0 0 0 0 0 0 927 0 1000 0 0 9.9
0 0 0 0 0 0 0 214 198 0 0 0 189 248 0 0 0 0 0 0 0 0 0 0 0 0 151 0 1000 0 0 9
0 0 0 0 0 0 0 251 262 0 0 0 245 230 0 0 0 0 0 0 0 0 0 0 0 0 12 0 1000 0 0 8.1
0 0 0 0 0 0 0 252 248 0 0 0 243 253 0 0 0 0 0 0 0 0 0 0 0 0 4 0 1000 0 0 7.2
0 0 0 0 0 0 0 243 245 0 0 0 269 240 0 0 0 0 0 0 0 0 0 0 0 0 3 0 1000 0 0 6.3
0 0 0 0 0 0 0 267 251 0 0 0 234 241 0 0 0 0 0 0 0 0 0 0 0 0 7 0 1000 0 0 5.4
0 0 0 0 0 0 0 253 244 0 0 0 257 236 0 0 0 0 0 0 0 0 0 0 0 0 10 0 1000 0 0 4.5
0 0 0 0 0 0 0 235 259 0 0 0 243 255 0 0 0 0 0 0 0 0 0 0 0 0 8 0 1000 0 0 3.6
0 0 0 0 0 0 0 255 239 0 0 0 245 254 0 0 0 0 0 0 0 0 0 0 0 0 7 0 1000 0 0 2.7
0 0 0 0 0 0 0 239 245 0 0 0 265 245 0 0 0 0 0 0 0 0 0 0 0 0 6 0 1000 0 0 1.8
0 0 0 0 0 0 0 245 275 0 0 0 229 241 0 0 0 0 0 0 0 0 0 0 0 0 10 0 1000 0 0 0.9
0 0 0 0 0 0 0 236 184 0 0 0 219 203 0 0 0 0 0 0 0 0 0 0 0 0 158 0 1000 0 0 0
0 0 0 0 0 0 0 163 169 0 0 0 150 134 0 0 0 0 0 0 0 0 0 0 0 0 384 0 1000 0 0 -0.9
0 0 0 0 0 0 0 88 116 0 0 0 110 105 0 0 0 0 0 0 0 0 0 0 0 0 581 0 1000 0 0 -1.8
0 0 0 0 0 0 0 75 76 0 0 0 71 81 0 0 0 0 0 0 0 0 0 0 0 0 697 0 1000 0 0 -2.7
0 0 0 0 0 0 0 56 44 0 0 0 60 63 0 0 0 0 1 0 0 0 0 0 0 0 776 0 1000 0 0 -3.6
0 0 0 0 0 0 0 42 26 0 0 0 51 38 0 0 0 0 0 0 0 0 0 0 0 0 843 0 1000 0 0 -4.5
0 0 0 0 0 0 0 23 30 0 0 0 26 30 0 0 0 0 0 0 0 0 0 0 0 0 891 0 1000 0 0 -5.4
0 0 0 0 0 0 0 25 19 0 0 0 19 23 0 0 0 0 0 0 0 0 0 0 0 0 914 0 1000 0 0 -6.3
0 0 0 0 0 0 0 6 12 0 0 0 13 11 0 0 0 0 0 0 0 0 0 0 0 0 958 0 1000 0 0 -7.2
0 0 0 0 0 0 0 14 7 0 0 0 13 12 1 0 0 0 0 0 0 0 0 0 0 0 953 0 1000 0 0 -8.1
0 0 0 0 0 0 0 8 5 0 0 0 8 5 0 0 0 0 0 0 0 0 0 0 0 0 974 0 1000 0 0 -9
0 0 0 0 0 0 0 4 6 0 0 0 3 4 0 0 0 0 0 0 0 0 0 0 0 0 983 0 1000 0 0 -9.9
0 0 0 0 0 0 0 5 5 0 0 0 1 3 0 0 0 0 0 0 0 0 0 0 0 0 986 0 1000 0 0 -10.8
0 0 0 0 0 0 0 2 4 0 0 0 0 2 0 0 0 0 0 0 0 0 0 0 0 0 992 0 1000 0 0 -11.7
0 0 0 0 0 0 0 2 2 0 0 0 1 2 0 0 0 0 0 0 0 0 0 0 0 0 993 0 1000 0 0 -12.6
0 0 0 0 0 0 0 3 0 0 0 0 2 3 0 0 0 0 0 0 0 0 0 0 0 0 992 0 1000 0 0 -13.5
0 0 0 0 0 0 0 0 1 0 0 0 1 0 0 0 0 0 0 0 0 0 0 0 0 0 998 0 1000 0 0 -14.4
0 0 0 0 0 0 0 0 1 0 0 0 1 1 0 0 0 0 0 0 0 0 0 0 0 0 997 0 1000 0 0 -15.3
0 0 0 0 0 0 0 2 0 0 0 0 0 0 0 0 0 0 0 0 0 0 0 0 0 0 998 0 1000 0 0 -16.2
0 0 0 0 0 0 0 0 0 0 0 0 0 0 0 0 0 0 0 0 0 0 0 0 0 0 1000 0 1000 0 0 -17.1
0 0 0 0 0 0 0 1 0 0 0 0 0 0 0 0 0 0 0 0 0 0 0 0 0 0 999 0 1000 0 0 -18
0 0 0 0 0 0 0 0 0 0 0 0 0 0 0 0 0 0 0 0 0 0 0 0 0 0 1000 0 1000 0 0 -18.9
0 0 0 0 0 0 0 0 0 0 0 0 0 0 0 0 0 0 0 0 0 0 0 0 0 0 1000 0 1000 0 0 -19.8
0 0 0 0 0 0 0 0 0 0 0 0 1 0 0 0 0 0 0 0 0 0 0 0 0 0 999 0 1000 0 0 -20.7
0 0 0 0 0 0 0 0 0 0 0 0 0 1 0 0 0 0 0 0 0 0 0 0 0 0 999 0 1000 0 0 -21.6
0 0 0 0 0 0 0 0 0 0 0 0 0 0 0 0 0 0 0 0 0 0 0 0 0 0 1000 0 1000 0 0 -22.5
0 0 0 0 0 0 0 0 0 0 0 0 0 0 0 0 0 0 0 0 0 0 0 0 0 0 1000 0 1000 0 0 -23.4
0 0 0 0 0 0 0 0 0 0 0 0 0 0 0 0 0 0 0 0 0 0 0 0 0 0 1000 0 1000 0 0 -24.3
0 0 0 0 0 0 0 0 0 0 0 0 0 0 0 0 0 0 0 0 0 0 0 0 0 0 1000 0 1000 0 0 -25.2
0 0 0 0 0 0 0 0 0 0 0 0 0 0 0 0 0 0 0 0 0 0 0 0 0 0 1000 0 1000 0 0 -26.1
0 0 0 0 0 0 0 0 0 0 0 0 0 0 0 0 0 0 0 0 0 0 0 0 0 0 1000 0 1000 0 0 -27
0 0 0 0 0 0 0 0 0 0 0 0 0 0 0 0 0 0 0 0 0 0 0 0 0 0 1000 0 1000 0 0 -27.9
0 0 0 0 0 0 0 0 0 0 0 0 0 0 0 0 0 0 0 0 0 0 0 0 0 0 1000 0 1000 0 0 -28.8
0 0 0 0 0 0 0 0 0 0 0 0 0 0 0 0 0 0 0 0 0 0 0 0 0 0 1000 0 1000 0 0 -29.7
0 0 0 0 0 0 0 0 0 0 0 0 0 0 0 0 0 0 0 0 0 0 0 0 0 0 1000 0 1000 0 0 -30.6
0 0 0 0 0 0 0 0 0 0 0 0 0 0 0 0 0 0 0 0 0 0 0 0 0 0 1000 0 1000 0 0 -31.5
0 0 0 0 0 0 0 0 0 0 0 0 0 0 0 0 0 0 0 0 0 0 0 0 0 0 1000 0 1000 0 0 -32.4
0 0 0 0 0 0 0 0 0 0 0 0 0 0 0 0 0 0 0 0 0 0 0 0 0 0 1000 0 1000 0 0 -33.3
0 0 0 0 0 0 0 0 0 0 0 0 0 0 0 0 0 0 0 0 0 0 0 0 0 0 1000 0 1000 0 0 -34.2
