0 0 0 0 0 0 0 0 0 0 0 0 69 10 0 0 0 0 0 0 0 0 0 0 0 0 921 0 1000 0 0 9.9
0 0 0 0 0 0 0 0 0 0 0 0 777 83 0 0 0 0 0 0 0 0 0 0 0 0 140 0 1000 0 0 9
0 0 0 0 0 0 0 0 0 0 0 0 984 13 0 0 0 0 0 0 0 0 0 0 0 0 3 0 1000 0 0 8.1
0 0 0 0 0 0 0 2 0 0 0 0 957 38 0 0 0 0 0 0 0 0 0 0 0 0 3 0 1000 0 0 7.2
0 0 0 0 0 0 0 1 0 0 0 0 885 111 0 0 0 0 0 0 0 0 0 0 0 0 3 0 1000 0 0 6.3
0 0 0 0 0 0 0 2 5 0 0 0 811 177 0 0 0 0 0 0 0 0 0 0 0 0 5 0 1000 0 0 5.4
0 0 0 0 0 0 0 4 5 0 0 0 718 271 0 0 0 1 0 0 0 0 0 0 0 0 1 0 1000 0 0 4.5
0 0 0 0 0 0 0 17 8 0 0 0 694 281 0 0 0 0 0 0 0 0 0 0 0 0 0 0 1000 0 0 3.6
0 0 0 0 0 0 0 12 7 0 0 0 626 349 0 0 0 0 1 0 0 0 0 0 0 0 5 0 1000 0 0 2.7
0 0 0 0 0 0 0 10 13 0 0 0 654 319 0 0 0 0 1 0 0 0 0 0 0 0 3 0 1000 0 0 1.8
0 0 0 0 0 0 0 9 8 0 0 0 627 343 0 0 0 1 0 0 0 0 0 0 0 0 12 0 1000 0 0 0.9
0 0 0 0 0 0 0 11 6 0 0 0 515 304 0 0 0 0 0 0 0 0 0 0 0 0 164 0 1000 0 0 0
0 0 0 0 0 0 0 14 9 0 0 0 387 219 0 0 0 0 0 0 0 0 0 0 0 0 371 0 1000 0 0 -0.9
0 0 0 0 0 0 0 12 13 0 0 0 232 159 0 0 0 1 0 0 0 0 0 0 0 0 583 0 1000 0 0 -1.8
0 0 0 0 0 0 0 7 8 0 0 0 164 114 0 0 0 1 0 0 0 0 0 0 0 0 706 0 1000 0 0 -2.7
0 0 0 0 0 0 0 7 5 0 0 0 136 88 0 0 0 0 0 0 0 0 0 0 0 0 764 0 1000 0 0 -3.6
0 0 0 0 0 0 0 7 5 0 0 0 84 70 0 0 0 1 0 0 0 0 0 0 0 0 833 0 1000 0 0 -4.5
0 0 0 0 0 0 0 8 5 0 0 0 65 35 0 0 0 0 1 0 0 0 0 0 0 0 886 0 1000 0 0 -5.4
0 0 0 0 0 0 0 1 0 0 0 0 34 36 0 0 0 0 0 0 0 0 0 0 0 0 929 0 1000 0 0 -6.3
0 0 0 0 0 0 0 3 1 0 0 0 23 16 0 0 0 0 0 0 0 0 0 0 0 0 957 0 1000 0 0 -7.2
0 0 0 0 0 0 0 3 5 0 0 0 23 13 1 0 0 0 0 0 0 0 0 0 0 0 955 0 1000 0 0 -8.1
0 0 0 0 0 0 0 2 2 0 0 0 19 10 0 0 0 0 0 0 0 0 0 0 0 0 967 0 1000 0 0 -9
0 0 0 0 0 0 0 0 1 0 0 0 14 5 0 0 0 0 0 0 0 0 0 0 0 0 980 0 1000 0 0 -9.9
0 0 0 0 0 0 0 2 4 0 0 0 4 5 0 0 0 0 0 0 0 0 0 0 0 0 985 0 1000 0 0 -10.8
0 0 0 0 0 0 0 0 0 0 0 0 2 2 0 0 0 0 0 0 0 0 0 0 0 0 996 0 1000 0 0 -11.7
0 0 0 0 0 0 0 0 0 0 0 1 10 4 0 0 0 0 0 0 0 0 0 0 0 0 985 0 1000 0 0 -12.6
0 0 0 0 0 0 0 1 0 0 0 0 5 1 0 0 0 0 0 0 0 0 0 0 0 0 993 0 1000 0 0 -13.5
0 0 0 0 0 0 0 0 0 0 0 0 2 1 0 0 0 0 0 0 0 0 0 0 0 0 997 0 1000 0 0 -14.4
0 0 0 0 0 0 0 0 0 0 0 0 1 3 0 0 0 1 0 0 0 0 0 0 0 0 995 0 1000 0 0 -15.3
0 0 0 0 0 0 0 1 0 0 0 0 1 0 0 0 0 0 2 0 0 0 0 0 0 0 996 0 1000 0 0 -16.2
0 0 0 0 0 0 0 0 0 0 0 0 1 0 0 0 0 0 0 0 0 0 0 0 0 0 999 0 1000 0 0 -17.1
0 0 0 0 0 0 0 0 0 0 0 0 0 1 0 0 0 0 0 0 0 0 0 0 0 0 999 0 1000 0 0 -18
0 0 0 0 0 0 0 0 0 0 0 0 5 0 0 0 0 0 0 0 0 0 0 0 0 0 995 0 1000 0 0 -18.9
0 0 0 0 0 0 0 0 0 0 0 0 0 2 0 0 0 0 0 0 0 0 0 0 0 0 998 0 1000 0 0 -19.8
0 0 0 0 0 0 0 0 0 0 0 0 0 0 0 0 0 0 0 0 0 0 0 0 0 0 1000 0 1000 0 0 -20.7
0 0 0 0 0 0 0 0 0 0 0 0 0 0 0 0 0 0 0 0 0 0 0 0 0 0 1000 0 1000 0 0 -21.6
0 0 0 0 0 0 0 0 0 0 0 0 0 1 0 0 0 0 0 0 0 0 0 0 0 0 999 0 1000 0 0 -22.5
0 0 0 0 0 0 0 0 0 0 0 0 0 0 0 0 0 0 0 0 0 0 0 0 0 0 1000 0 1000 0 0 -23.4
0 0 0 0 0 0 0 0 0 0 0 0 0 0 0 0 0 0 0 0 0 0 0 0 0 0 1000 0 1000 0 0 -24.3
0 0 0 0 0 0 0 0 0 0 0 0 0 1 0 0 0 0 0 0 0 0 0 0 0 0 999 0 1000 0 0 -25.2
0 0 0 0 0 0 0 0 0 0 0 0 0 0 0 0 0 0 0 0 0 0 0 0 0 0 1000 0 1000 0 0 -26.1
0 0 0 0 0 0 0 0 0 0 0 0 0 0 0 0 0 0 0 0 0 0 0 0 0 0 1000 0 1000 0 0 -27
0 0 0 0 0 0 0 0 0 0 0 0 0 0 0 0 0 0 0 0 0 0 0 0 0 0 1000 0 1000 0 0 -27.9
0 0 0 0 0 0 0 0 0 0 0 0 0 0 0 0 0 0 0 0 0 0 0 0 0 0 1000 0 1000 0 0 -28.8
0 0 0 0 0 0 0 0 0 0 0 0 0 0 0 0 0 0 0 0 0 0 0 0 0 0 1000 0 1000 0 0 -29.7
0 0 0 0 0 0 0 0 0 0 0 0 0 0 0 0 0 0 0 0 0 0 0 0 0 0 1000 0 1000 0 0 -30.6
0 0 0 0 0 0 0 0 0 0 0 0 0 0 0 0 0 0 0 0 0 0 0 0 0 0 1000 0 1000 0 0 -31.5
0 0 0 0 0 0 0 0 0 0 0 0 0 0 0 0 0 0 0 0 0 0 0 0 0 0 1000 0 1000 0 0 -32.4
0 0 0 0 0 0 0 0 0 0 0 0 0 0 0 0 0 0 0 0 0 0 0 0 0 0 1000 0 1000 0 0 -33.3
0 0 0 0 0 0 0 0 0 0 0 0 0 0 0 0 0 0 0 0 0 0 0 0 0 0 1000 0 1000 0 0 -34.2
