0 0 0 0 0 0 0 0 0 0 0 0 1000 0 0 0 0 0 0 0 0 0 0 0 0 0 0 0 1000 0 0 9.9
0 0 0 0 0 0 0 0 0 0 0 0 995 0 0 0 0 0 0 0 0 0 0 0 0 0 5 0 1000 0 0 9
0 0 0 0 0 0 0 0 0 0 0 0 996 0 0 0 0 0 0 0 0 0 0 0 0 0 4 0 1000 0 0 8.1
0 0 0 0 0 0 0 0 0 0 0 0 998 0 0 0 0 0 0 0 0 0 0 0 0 0 2 0 1000 0 0 7.2
0 0 0 0 0 0 0 0 0 0 0 0 1000 0 0 0 0 0 0 0 0 0 0 0 0 0 0 0 1000 0 0 6.3
0 0 0 0 0 0 0 0 0 0 0 0 998 0 0 0 0 0 0 0 0 0 0 0 0 0 2 0 1000 0 0 5.4
0 0 0 0 0 0 0 7 0 0 0 0 988 4 0 0 0 0 0 0 0 0 0 0 0 0 1 0 1000 0 0 4.5
0 0 0 0 0 0 0 11 3 0 0 0 980 4 0 0 0 0 0 0 0 0 0 0 0 0 2 0 1000 0 0 3.6
0 0 0 0 0 0 0 22 8 0 0 0 952 17 0 0 0 0 0 0 0 0 0 0 0 0 1 0 1000 0 0 2.7
0 0 0 0 0 0 0 27 4 0 0 0 953 16 0 0 0 0 0 0 0 0 0 0 0 0 0 0 1000 0 0 1.8
0 0 0 0 0 0 0 37 5 0 0 0 932 17 0 0 0 0 0 0 0 0 0 0 0 0 9 0 1000 0 0 0.9
0 0 0 0 0 0 0 43 6 0 0 0 769 20 0 0 0 0 0 0 0 0 0 0 0 0 162 0 1000 0 0 0
0 0 0 0 0 0 0 35 2 0 0 1 552 33 0 0 0 0 0 0 0 0 0 0 0 0 377 0 1000 0 0 -0.9
0 0 0 0 0 0 0 40 4 0 0 1 365 36 0 0 0 1 0 0 0 0 0 0 0 0 553 0 1000 0 0 -1.8
0 0 0 0 0 0 0 23 4 0 0 0 265 25 0 0 0 0 0 0 0 0 0 0 0 0 683 0 1000 0 0 -2.7
0 0 0 0 0 0 0 22 6 0 0 0 190 12 0 0 0 1 0 0 0 0 0 0 0 0 769 0 1000 0 0 -3.6
0 0 0 0 0 0 0 22 4 0 0 0 114 14 0 0 0 0 0 0 0 0 0 0 0 0 846 0 1000 0 0 -4.5
0 0 0 0 0 0 0 14 5 0 0 0 70 15 0 0 0 1 0 0 0 0 0 0 0 0 895 0 1000 0 0 -5.4
0 0 0 0 0 0 1 14 3 0 0 0 59 5 0 0 0 0 0 0 0 0 0 0 0 0 918 0 1000 0 0 -6.3
0 0 0 0 0 0 0 6 1 0 0 1 39 2 0 0 0 1 0 0 0 0 0 0 0 0 950 0 1000 0 0 -7.2
0 0 0 0 0 0 0 6 1 0 0 1 26 7 0 0 0 1 0 0 0 0 0 0 0 0 958 0 1000 0 0 -8.1
0 0 0 0 0 0 0 4 0 0 0 0 20 3 0 0 0 0 0 0 0 0 0 0 0 0 973 0 1000 0 0 -9
0 0 0 0 0 0 0 2 0 0 0 1 15 1 0 0 0 0 0 0 0 0 0 0 0 0 981 0 1000 0 0 -9.9
0 0 0 0 0 0 0 2 0 0 0 0 7 2 0 0 0 1 0 0 0 0 0 0 0 0 988 0 1000 0 0 -10.8
0 0 0 0 0 0 0 0 0 0 0 3 7 2 0 0 0 1 0 0 0 0 0 0 0 0 987 0 1000 0 0 -11.7
0 0 0 0 0 0 0 0 2 0 0 0 10 1 0 0 0 0 0 0 0 0 0 0 0 0 987 0 1000 0 0 -12.6
0 0 0 0 0 0 0 0 0 0 0 0 2 3 0 0 0 0 0 0 0 0 0 0 0 0 995 0 1000 0 0 -13.5
0 0 0 0 0 0 0 0 0 0 0 1 2 0 0 0 0 0 0 0 0 0 0 0 0 0 997 0 1000 0 0 -14.4
0 0 0 0 0 0 0 0 0 0 0 0 2 1 0 0 0 0 1 0 0 0 0 0 0 0 996 0 1000 0 0 -15.3
0 0 0 0 0 0 0 1 0 0 0 0 2 0 0 0 0 0 0 0 0 0 0 0 0 0 997 0 1000 0 0 -16.2
0 0 0 0 0 0 0 0 0 0 0 0 0 1 0 0 0 0 0 0 0 0 0 0 0 0 999 0 1000 0 0 -17.1
0 0 0 0 0 0 0 0 0 0 0 0 1 0 0 0 0 0 0 0 0 0 0 0 0 0 999 0 1000 0 0 -18
0 0 0 0 0 0 0 0 1 0 0 0 0 0 0 0 0 0 0 0 0 0 0 0 0 0 999 0 1000 0 0 -18.9
0 0 0 0 0 0 0 0 0 0 0 0 0 0 0 0 0 0 0 0 0 0 0 0 0 0 1000 0 1000 0 0 -19.8
0 0 0 0 0 0 0 0 0 0 0 0 0 0 0 0 0 0 0 0 0 0 0 0 0 0 1000 0 1000 0 0 -20.7
0 0 0 0 0 0 0 0 0 0 0 0 0 0 0 0 0 0 0 0 0 0 0 0 0 0 1000 0 1000 0 0 -21.6
0 0 0 0 0 0 0 0 0 0 0 0 0 0 0 0 0 0 0 0 0 0 0 0 0 0 1000 0 1000 0 0 -22.5
0 0 0 0 0 0 0 0 0 0 0 0 0 0 0 0 0 0 0 0 0 0 0 0 0 0 1000 0 1000 0 0 -23.4
0 0 0 0 0 0 0 0 0 0 0 0 1 0 0 0 0 0 0 0 0 0 0 0 0 0 999 0 1000 0 0 -24.3
0 0 0 0 0 0 0 0 0 0 0 0 0 0 0 0 0 0 0 0 0 0 0 0 0 0 1000 0 1000 0 0 -25.2
0 0 0 0 0 0 0 0 0 0 0 0 0 0 0 0 0 0 1 0 0 0 0 0 0 0 999 0 1000 0 0 -26.1
0 0 0 0 0 0 0 0 0 0 0 0 0 0 0 0 0 0 0 0 0 0 0 0 0 0 1000 0 1000 0 0 -27
0 0 0 0 0 0 0 0 0 0 0 0 0 0 0 0 0 0 0 0 0 0 0 0 0 0 1000 0 1000 0 0 -27.9
0 0 0 0 0 0 0 0 0 0 0 0 0 0 0 0 0 0 0 0 0 0 0 0 0 0 1000 0 1000 0 0 -28.8
0 0 0 0 0 0 0 0 0 0 0 0 0 0 0 0 0 0 0 0 0 0 0 0 0 0 1000 0 1000 0 0 -29.7
0 0 0 0 0 0 0 0 0 0 0 0 0 0 0 0 0 0 0 0 0 0 0 0 0 0 1000 0 1000 0 0 -30.6
0 0 0 0 0 0 0 0 0 0 0 0 0 0 0 0 0 0 0 0 0 0 0 0 0 0 1000 0 1000 0 0 -31.5
0 0 0 0 0 0 0 0 0 0 0 0 0 0 0 0 0 0 0 0 0 0 0 0 0 0 1000 0 1000 0 0 -32.4
0 0 0 0 0 0 0 0 0 0 0 0 0 0 0 0 0 0 0 0 0 0 0 0 0 0 1000 0 1000 0 0 -33.3
0 0 0 0 0 0 0 0 0 0 0 0 0 0 0 0 0 0 0 0 0 0 0 0 0 0 1000 0 1000 0 0 -34.2
