0 0 0 0 0 0 0 0 0 0 0 0 996 0 0 0 0 0 0 0 0 0 0 0 0 0 4 0 1000 0 0 9.9
0 0 0 0 0 0 0 0 0 0 0 0 993 0 0 0 0 0 0 0 0 0 0 0 0 0 7 0 1000 0 0 9
0 0 0 0 0 0 0 0 0 0 0 0 999 0 0 0 0 0 0 0 0 0 0 0 0 0 1 0 1000 0 0 8.1
0 0 0 0 0 0 0 0 0 0 0 0 999 0 0 0 0 0 0 0 0 0 0 0 0 0 1 0 1000 0 0 7.2
0 0 0 0 0 0 0 0 0 0 0 0 998 0 0 0 0 0 0 0 0 0 0 0 0 0 2 0 1000 0 0 6.3
0 0 0 0 0 0 0 2 0 0 0 0 993 0 0 0 0 0 0 0 0 0 0 0 0 0 5 0 1000 0 0 5.4
0 0 0 0 0 0 0 10 1 0 0 0 981 8 0 0 0 0 0 0 0 0 0 0 0 0 0 0 1000 0 0 4.5
0 0 0 0 0 0 0 20 1 0 0 0 945 31 0 0 0 0 0 0 0 0 0 0 0 0 3 0 1000 0 0 3.6
0 0 0 0 0 0 0 31 7 0 0 0 912 45 0 0 0 0 0 0 0 0 0 0 0 0 5 0 1000 0 0 2.7
0 0 0 0 0 0 0 37 7 0 0 0 912 43 0 0 0 0 0 0 0 0 0 0 0 0 1 0 1000 0 0 1.8
0 0 0 0 0 0 0 37 15 0 0 0 894 46 0 0 0 0 0 0 0 0 0 0 0 0 8 0 1000 0 0 0.9
0 0 0 0 0 0 0 34 11 0 0 0 758 52 0 0 0 0 0 0 0 0 0 0 0 0 145 0 1000 0 0 0
0 0 0 0 0 0 0 43 11 0 0 0 504 54 0 0 0 1 0 0 0 0 0 0 0 0 387 0 1000 0 0 -0.9
0 0 0 0 0 0 0 36 9 0 0 0 348 38 0 0 0 0 0 0 0 0 0 0 0 0 569 0 1000 0 0 -1.8
0 0 0 0 0 0 0 30 5 0 0 1 256 27 0 0 0 0 0 0 0 0 0 0 0 0 681 0 1000 0 0 -2.7
0 0 0 0 0 0 0 15 4 0 0 0 178 35 0 0 0 0 0 0 0 0 0 0 0 0 768 0 1000 0 0 -3.6
0 0 0 0 0 0 0 21 6 0 0 0 108 22 0 0 0 0 0 0 0 0 0 0 0 0 843 0 1000 0 0 -4.5
0 0 0 0 0 0 0 11 3 0 0 0 77 14 0 0 0 0 0 0 0 0 0 0 0 0 895 0 1000 0 0 -5.4
0 0 0 0 0 0 0 9 2 0 0 1 60 12 0 0 0 0 0 0 0 0 0 0 0 0 916 0 1000 0 0 -6.3
0 0 0 0 0 0 0 5 5 0 0 0 39 9 0 0 0 0 0 0 0 0 0 0 0 0 942 0 1000 0 0 -7.2
0 0 0 0 0 0 0 7 3 0 0 0 28 8 0 0 0 0 1 0 0 0 0 0 0 0 953 0 1000 0 0 -8.1
0 0 0 0 0 0 0 3 0 0 0 0 16 4 0 0 0 0 0 0 0 0 0 0 0 0 977 0 1000 0 0 -9
0 0 0 0 0 0 0 3 0 0 0 0 9 7 0 0 0 0 0 0 0 0 0 0 0 0 981 0 1000 0 0 -9.9
0 0 0 0 0 0 0 2 1 0 0 0 8 3 0 0 0 0 0 0 0 0 0 0 0 0 986 0 1000 0 0 -10.8
0 0 0 0 0 0 0 0 1 0 0 0 3 2 0 0 0 0 0 0 0 0 0 0 0 0 994 0 1000 0 0 -11.7
0 0 0 0 0 0 0 1 0 0 0 0 3 0 0 0 0 0 0 0 0 0 0 0 0 0 996 0 1000 0 0 -12.6
0 0 0 0 0 0 0 1 0 0 0 1 0 2 0 0 0 0 0 0 0 0 0 0 0 0 996 0 1000 0 0 -13.5
0 0 0 0 0 0 0 0 0 0 0 0 1 0 0 0 0 0 0 0 0 0 0 0 0 0 999 0 1000 0 0 -14.4
0 0 0 0 0 0 0 0 0 0 0 0 2 0 0 0 0 0 0 0 0 0 0 0 0 0 998 0 1000 0 0 -15.3
0 0 0 0 0 0 0 0 0 0 0 0 1 0 0 0 0 0 0 0 0 0 0 0 0 0 999 0 1000 0 0 -16.2
0 0 0 0 0 0 0 0 0 0 0 0 0 0 0 0 0 0 0 0 0 0 0 0 0 0 1000 0 1000 0 0 -17.1
0 0 0 0 0 0 0 0 0 0 0 0 0 0 0 0 0 0 0 0 0 0 0 0 0 0 1000 0 1000 0 0 -18
0 0 0 0 0 0 0 0 0 0 0 0 0 0 0 0 0 0 0 0 0 0 0 0 0 0 1000 0 1000 0 0 -18.9
0 0 0 0 0 0 0 0 0 0 0 0 0 1 0 0 0 0 0 0 0 0 0 0 0 0 999 0 1000 0 0 -19.8
0 0 0 0 0 0 0 0 0 0 0 0 0 0 0 0 0 0 0 0 0 0 0 0 0 0 1000 0 1000 0 0 -20.7
0 0 0 0 0 0 0 0 0 0 0 0 0 0 0 0 0 0 0 0 0 0 0 0 0 0 1000 0 1000 0 0 -21.6
0 0 0 0 0 0 0 0 0 0 0 0 0 0 0 0 0 0 0 0 0 0 0 0 0 0 1000 0 1000 0 0 -22.5
0 0 0 0 0 0 0 0 0 0 0 0 0 0 0 0 0 0 0 0 0 0 0 0 0 0 1000 0 1000 0 0 -23.4
0 0 0 0 0 0 0 0 0 0 0 0 0 0 0 0 0 0 0 0 0 0 0 0 0 0 1000 0 1000 0 0 -24.3
0 0 0 0 0 0 0 0 0 0 0 0 0 0 0 0 0 0 0 0 0 0 0 0 0 0 1000 0 1000 0 0 -25.2
0 0 0 0 0 0 0 0 0 0 0 0 0 0 0 0 0 0 0 0 0 0 0 0 0 0 1000 0 1000 0 0 -26.1
0 0 0 0 0 0 0 0 0 0 0 0 0 0 0 0 0 0 0 0 0 0 0 0 0 0 1000 0 1000 0 0 -27
0 0 0 0 0 0 0 0 0 0 0 0 0 0 0 0 0 0 0 0 0 0 0 0 0 0 1000 0 1000 0 0 -27.9
0 0 0 0 0 0 0 0 0 0 0 0 0 0 0 0 0 0 0 0 0 0 0 0 0 0 1000 0 1000 0 0 -28.8
0 0 0 0 0 0 0 0 0 0 0 0 0 0 0 0 0 0 0 0 0 0 0 0 0 0 1000 0 1000 0 0 -29.7
0 0 0 0 0 0 0 0 0 0 0 0 0 0 0 0 0 0 0 0 0 0 0 0 0 0 1000 0 1000 0 0 -30.6
0 0 0 0 0 0 0 0 0 0 0 0 0 0 0 0 0 0 0 0 0 0 0 0 0 0 1000 0 1000 0 0 -31.5
0 0 0 0 0 0 0 0 0 0 0 0 0 0 0 0 0 0 0 0 0 0 0 0 0 0 1000 0 1000 0 0 -32.4
0 0 0 0 0 0 0 0 0 0 0 0 0 0 0 0 0 0 0 0 0 0 0 0 0 0 1000 0 1000 0 0 -33.3
0 0 0 0 0 0 0 0 0 0 0 0 0 0 0 0 0 0 0 0 0 0 0 0 0 0 1000 0 1000 0 0 -34.2
