0 0 0 0 0 0 0 0 0 0 0 0 1000 0 0 0 0 0 0 0 0 0 0 0 0 0 0 0 1000 0 0 9.9
0 0 0 0 0 0 0 0 0 0 0 0 1000 0 0 0 0 0 0 0 0 0 0 0 0 0 0 0 1000 0 0 9
0 0 0 0 0 0 0 0 0 0 0 0 1000 0 0 0 0 0 0 0 0 0 0 0 0 0 0 0 1000 0 0 8.1
0 0 0 0 0 0 0 0 0 0 0 0 1000 0 0 0 0 0 0 0 0 0 0 0 0 0 0 0 1000 0 0 7.2
0 0 0 0 0 0 0 0 0 0 0 0 1000 0 0 0 0 0 0 0 0 0 0 0 0 0 0 0 1000 0 0 6.3
0 0 0 0 0 0 0 0 0 0 0 0 1000 0 0 0 0 0 0 0 0 0 0 0 0 0 0 0 1000 0 0 5.4
0 0 0 0 0 0 0 0 0 0 0 0 1000 0 0 0 0 0 0 0 0 0 0 0 0 0 0 0 1000 0 0 4.5
0 0 0 0 0 0 0 0 0 0 0 0 1000 0 0 0 0 0 0 0 0 0 0 0 0 0 0 0 1000 0 0 3.6
0 0 0 0 0 0 0 0 0 0 0 0 1000 0 0 0 0 0 0 0 0 0 0 0 0 0 0 0 1000 0 0 2.7
0 0 0 0 0 0 0 0 0 0 0 0 1000 0 0 0 0 0 0 0 0 0 0 0 0 0 0 0 1000 0 0 1.8
0 0 0 0 0 0 0 0 0 0 0 0 991 0 0 0 0 0 0 0 0 0 0 0 0 0 9 0 1000 0 0 0.9
0 0 0 0 0 0 0 2 0 0 0 1 852 3 0 0 0 0 1 0 0 0 0 0 0 0 141 0 1000 0 0 0
0 0 0 0 0 0 0 3 1 0 0 0 633 6 0 0 0 1 0 0 0 0 0 0 0 0 356 0 1000 0 0 -0.9
0 0 0 0 0 0 1 2 0 0 0 3 414 9 0 0 0 1 0 0 0 0 0 0 0 0 570 0 1000 0 0 -1.8
0 0 0 0 0 0 0 2 0 0 0 2 297 7 0 0 1 0 0 0 0 0 0 0 0 0 691 0 1000 0 0 -2.7
0 0 0 0 0 0 0 2 0 0 0 0 203 7 0 0 0 3 0 0 0 0 0 0 0 0 785 0 1000 0 0 -3.6
0 0 0 0 0 0 0 4 0 0 0 1 148 11 0 0 0 2 0 0 0 0 0 0 0 0 834 0 1000 0 0 -4.5
0 0 0 0 0 0 0 6 0 0 0 0 95 7 0 0 0 1 0 0 0 0 0 0 0 0 891 0 1000 0 0 -5.4
0 0 0 0 0 0 0 2 1 0 0 1 67 3 0 0 1 0 0 0 0 0 0 0 0 0 925 0 1000 0 0 -6.3
0 0 0 0 0 0 0 3 0 0 0 1 38 4 0 0 0 0 0 0 0 0 0 0 0 0 954 0 1000 0 0 -7.2
0 0 0 0 0 0 0 3 0 0 0 2 39 1 0 0 0 0 0 0 0 0 0 0 0 0 955 0 1000 0 0 -8.1
0 0 0 0 0 0 0 1 0 0 0 0 20 0 0 0 0 0 0 0 0 0 0 0 0 0 979 0 1000 0 0 -9
0 0 0 0 0 0 0 1 1 0 0 0 23 0 0 0 0 1 0 0 0 0 0 0 0 0 974 0 1000 0 0 -9.9
0 0 0 0 0 0 0 0 0 0 0 1 12 3 0 0 0 0 0 0 0 0 0 0 0 0 984 0 1000 0 0 -10.8
0 0 0 0 0 0 0 1 0 0 0 0 10 1 0 0 0 1 0 0 0 0 0 0 0 0 987 0 1000 0 0 -11.7
0 0 0 0 0 0 0 0 0 0 0 0 9 0 0 0 0 0 0 0 0 0 0 0 0 0 991 0 1000 0 0 -12.6
0 0 0 0 0 0 0 1 0 0 0 0 2 1 0 0 0 0 0 0 0 0 0 0 0 0 996 0 1000 0 0 -13.5
0 0 0 0 0 0 0 0 0 0 0 0 4 0 0 0 0 0 0 0 0 0 0 0 0 0 996 0 1000 0 0 -14.4
0 0 0 0 0 0 0 0 0 0 0 0 3 1 0 0 0 0 0 0 0 0 0 0 0 0 996 0 1000 0 0 -15.3
0 0 0 0 0 0 0 0 0 0 0 0 3 0 0 0 0 0 0 0 0 0 0 0 0 0 997 0 1000 0 0 -16.2
0 0 0 0 0 0 0 0 0 0 0 0 2 1 0 0 0 0 0 0 0 0 0 0 0 0 997 0 1000 0 0 -17.1
0 0 0 0 0 0 0 0 0 0 0 0 0 0 0 0 0 0 0 0 0 0 0 0 0 0 1000 0 1000 0 0 -18
0 0 0 0 0 0 0 0 0 0 0 0 0 0 0 0 0 0 0 0 0 0 0 0 0 0 1000 0 1000 0 0 -18.9
0 0 0 0 0 0 0 0 0 0 0 0 0 0 0 0 0 0 0 0 0 0 0 0 0 0 1000 0 1000 0 0 -19.8
0 0 0 0 0 0 0 0 0 0 0 0 0 0 0 0 0 0 0 0 0 0 0 0 0 0 1000 0 1000 0 0 -20.7
0 0 0 0 0 0 0 0 0 0 0 0 0 0 0 0 0 0 0 0 0 0 0 0 0 0 1000 0 1000 0 0 -21.6
0 0 0 0 0 0 0 0 0 0 0 0 0 0 0 0 0 0 0 0 0 0 0 0 0 0 1000 0 1000 0 0 -22.5
0 0 0 0 0 0 0 0 0 0 0 0 1 0 0 0 0 0 0 0 0 0 0 0 0 0 999 0 1000 0 0 -23.4
0 0 0 0 0 0 0 0 0 0 0 0 0 0 0 0 0 0 0 0 0 0 0 0 0 0 1000 0 1000 0 0 -24.3
0 0 0 0 0 0 0 0 0 0 0 0 0 0 0 0 0 0 0 0 0 0 0 0 0 0 1000 0 1000 0 0 -25.2
0 0 0 0 0 0 0 0 0 0 0 0 0 0 0 0 0 0 0 0 0 0 0 0 0 0 1000 0 1000 0 0 -26.1
0 0 0 0 0 0 0 0 0 0 0 0 0 0 0 0 0 0 0 0 0 0 0 0 0 0 1000 0 1000 0 0 -27
0 0 0 0 0 0 0 0 0 0 0 0 0 0 0 0 0 0 0 0 0 0 0 0 0 0 1000 0 1000 0 0 -27.9
0 0 0 0 0 0 0 0 0 0 0 0 0 0 0 0 0 0 0 0 0 0 0 0 0 0 1000 0 1000 0 0 -28.8
0 0 0 0 0 0 0 0 0 0 0 0 0 0 0 0 0 0 0 0 0 0 0 0 0 0 1000 0 1000 0 0 -29.7
0 0 0 0 0 0 0 0 0 0 0 0 0 0 0 0 0 0 0 0 0 0 0 0 0 0 1000 0 1000 0 0 -30.6
0 0 0 0 0 0 0 0 0 0 0 0 0 0 0 0 0 0 0 0 0 0 0 0 0 0 1000 0 1000 0 0 -31.5
0 0 0 0 0 0 0 0 0 0 0 0 0 0 0 0 0 0 0 0 0 0 0 0 0 0 1000 0 1000 0 0 -32.4
0 0 0 0 0 0 0 0 0 0 0 0 0 0 0 0 0 0 0 0 0 0 0 0 0 0 1000 0 1000 0 0 -33.3
0 0 0 0 0 0 0 0 0 0 0 0 0 0 0 0 0 0 0 0 0 0 0 0 0 0 1000 0 1000 0 0 -34.2
