0 0 0 0 0 0 0 8 0 0 0 0 44 2 0 0 0 0 0 0 0 0 0 0 0 0 946 0 1000 0 0 9.9
0 0 0 0 0 0 0 94 27 0 0 0 690 25 0 0 0 0 0 0 0 0 0 0 0 0 164 0 1000 0 0 9
0 0 0 0 0 0 0 43 8 0 0 0 927 12 0 0 0 0 0 0 0 0 0 0 0 0 10 0 1000 0 0 8.1
0 0 0 0 0 0 0 83 20 0 0 0 854 34 0 0 0 0 0 0 0 0 0 0 0 0 9 0 1000 0 0 7.2
0 0 0 0 0 0 0 163 32 0 0 0 736 62 0 0 0 0 0 0 0 0 0 0 0 0 7 0 1000 0 0 6.3
0 0 0 0 0 0 0 230 57 0 0 0 611 93 0 0 0 0 0 0 0 0 0 0 0 0 9 0 1000 0 0 5.4
0 0 0 0 0 0 0 242 72 0 0 0 539 140 0 0 0 0 0 0 0 0 0 0 0 0 7 0 1000 0 0 4.5
0 0 0 0 0 0 0 259 93 0 0 0 495 152 0 0 0 0 0 0 0 0 0 0 0 0 1 0 1000 0 0 3.6
0 0 0 0 0 0 0 263 110 0 0 0 470 152 0 0 0 0 0 0 0 0 0 0 0 0 5 0 1000 0 0 2.7
0 0 0 0 0 0 0 281 102 0 0 0 456 154 0 0 0 0 0 0 0 0 0 0 0 0 7 0 1000 0 0 1.8
0 0 0 0 0 0 1 248 103 0 0 0 475 163 0 0 0 0 0 0 0 0 0 0 0 0 10 0 1000 0 0 0.9
0 0 0 0 0 0 0 239 86 0 0 0 380 147 0 0 0 0 0 0 0 0 0 0 0 0 148 0 1000 0 0 0
0 0 0 0 0 0 0 171 68 0 0 1 281 115 0 0 0 0 0 0 0 0 0 0 0 0 364 0 1000 0 0 -0.9
0 0 0 0 0 0 0 97 57 0 0 0 194 79 0 0 0 0 0 0 0 0 0 0 0 0 573 0 1000 0 0 -1.8
0 0 0 0 0 0 0 90 42 0 0 0 118 58 0 0 0 0 0 0 0 0 0 0 0 0 692 0 1000 0 0 -2.7
0 0 0 0 0 0 0 60 32 0 0 0 87 43 0 0 0 0 0 0 0 0 0 0 0 0 778 0 1000 0 0 -3.6
0 0 0 0 0 0 0 38 24 1 0 0 64 32 0 0 0 0 0 0 0 0 0 0 0 0 841 0 1000 0 0 -4.5
0 0 0 0 0 0 0 19 21 0 0 0 41 17 0 0 0 0 0 0 0 0 0 0 0 0 902 0 1000 0 0 -5.4
0 0 0 0 0 0 0 20 14 0 0 0 30 13 0 0 0 0 0 0 0 0 0 0 0 0 923 0 1000 0 0 -6.3
0 0 0 0 0 0 0 13 12 0 0 0 22 17 0 0 0 0 0 0 0 0 0 0 0 0 936 0 1000 0 0 -7.2
0 0 0 1 0 0 0 10 6 0 0 0 12 2 0 0 0 0 0 0 0 0 0 0 0 0 969 0 1000 0 0 -8.1
0 0 0 0 0 0 0 8 4 0 0 0 1 5 0 0 0 0 0 0 0 0 0 0 0 0 982 0 1000 0 0 -9
0 0 0 0 0 0 0 7 2 0 0 0 11 5 0 0 0 0 0 0 0 0 0 0 0 0 975 0 1000 0 0 -9.9
0 0 0 0 0 0 0 7 2 0 0 0 1 1 0 0 0 0 0 0 0 0 0 0 0 0 989 0 1000 0 0 -10.8
0 0 0 0 0 0 0 4 1 0 0 0 2 1 0 0 0 0 0 0 0 0 0 0 0 0 992 0 1000 0 0 -11.7
0 0 0 0 0 0 0 2 1 0 0 0 1 2 0 0 0 0 0 0 0 0 0 0 0 0 994 0 1000 0 0 -12.6
0 0 0 0 0 0 0 0 0 0 0 0 2 0 0 0 0 0 0 0 0 0 0 0 0 0 998 0 1000 0 0 -13.5
0 0 0 0 0 0 0 0 0 0 0 0 3 1 0 0 0 0 0 0 0 0 0 0 0 0 996 0 1000 0 0 -14.4
0 0 0 0 0 0 0 0 0 0 0 0 0 0 0 0 0 0 0 0 0 0 0 0 0 0 1000 0 1000 0 0 -15.3
0 0 0 0 0 0 0 1 0 0 0 0 1 1 0 0 0 0 0 0 0 0 0 0 0 0 997 0 1000 0 0 -16.2
0 0 0 0 0 0 0 0 0 0 0 0 0 0 0 0 0 0 0 0 0 0 0 0 0 0 1000 0 1000 0 0 -17.1
0 0 0 0 0 0 0 0 0 0 0 0 0 0 0 0 0 0 0 0 0 0 0 0 0 0 1000 0 1000 0 0 -18
0 0 0 0 0 0 0 0 0 0 0 0 0 0 0 0 0 0 0 0 0 0 0 0 0 0 1000 0 1000 0 0 -18.9
0 0 0 0 0 0 0 0 0 0 0 0 0 0 0 0 0 0 0 0 0 0 0 0 0 0 1000 0 1000 0 0 -19.8
0 0 0 0 0 0 0 0 0 0 0 0 0 0 0 0 0 0 0 0 0 0 0 0 0 0 1000 0 1000 0 0 -20.7
0 0 0 0 0 0 0 0 0 0 0 0 0 0 0 0 0 0 0 0 0 0 0 0 0 0 1000 0 1000 0 0 -21.6
0 0 0 0 0 0 0 0 0 0 0 0 0 0 0 0 0 0 0 0 0 0 0 0 0 0 1000 0 1000 0 0 -22.5
0 0 0 0 0 0 0 0 0 0 0 0 0 0 0 0 0 0 0 0 0 0 0 0 0 0 1000 0 1000 0 0 -23.4
0 0 0 0 0 0 0 0 0 0 0 0 0 0 0 0 0 0 0 0 0 0 0 0 0 0 1000 0 1000 0 0 -24.3
0 0 0 0 0 0 0 0 0 0 0 0 0 0 0 0 0 0 0 0 0 0 0 0 0 0 1000 0 1000 0 0 -25.2
0 0 0 0 0 0 0 0 0 0 0 0 0 0 0 0 0 0 0 0 0 0 0 0 0 0 1000 0 1000 0 0 -26.1
0 0 0 0 0 0 0 0 0 0 0 0 0 0 0 0 0 0 0 0 0 0 0 0 0 0 1000 0 1000 0 0 -27
0 0 0 0 0 0 0 0 0 0 0 0 0 0 0 0 0 0 0 0 0 0 0 0 0 0 1000 0 1000 0 0 -27.9
0 0 0 0 0 0 0 0 0 0 0 0 0 0 0 0 0 0 0 0 0 0 0 0 0 0 1000 0 1000 0 0 -28.8
0 0 0 0 0 0 0 0 0 0 0 0 0 0 0 0 0 0 0 0 0 0 0 0 0 0 1000 0 1000 0 0 -29.7
0 0 0 0 0 0 0 0 0 0 0 0 0 0 0 0 0 0 0 0 0 0 0 0 0 0 1000 0 1000 0 0 -30.6
0 0 0 0 0 0 0 0 0 0 0 0 0 0 0 0 0 0 0 0 0 0 0 0 0 0 1000 0 1000 0 0 -31.5
0 0 0 0 0 0 0 0 0 0 0 0 0 0 0 0 0 0 0 0 0 0 0 0 0 0 1000 0 1000 0 0 -32.4
0 0 0 0 0 0 0 0 0 0 0 0 0 0 0 0 0 0 0 0 0 0 0 0 0 0 1000 0 1000 0 0 -33.3
0 0 0 0 0 0 0 0 0 0 0 0 0 0 0 0 0 0 0 0 0 0 0 0 0 0 1000 0 1000 0 0 -34.2
