0 0 0 0 0 0 0 0 1 0 0 0 57 7 0 0 0 0 0 0 0 0 0 0 0 0 935 0 1000 0 0 9.9
0 0 0 0 0 0 0 3 0 0 0 0 758 74 0 0 0 0 0 0 0 0 0 0 0 0 165 0 1000 0 0 9
0 0 0 0 0 0 0 1 0 0 0 0 967 20 0 0 0 0 0 0 0 0 0 0 0 0 12 0 1000 0 0 8.1
0 0 0 0 0 0 0 1 0 0 0 0 936 60 0 0 0 0 0 0 0 0 0 0 0 0 3 0 1000 0 0 7.2
0 0 0 0 0 0 0 5 1 0 0 0 877 112 0 0 0 0 0 0 0 0 0 0 0 0 5 0 1000 0 0 6.3
0 0 0 0 0 0 0 17 22 0 0 0 728 226 0 0 0 0 0 0 0 0 0 0 0 0 7 0 1000 0 0 5.4
0 0 0 0 0 0 0 23 22 0 0 0 709 240 0 0 0 0 0 0 0 0 0 0 0 0 6 0 1000 0 0 4.5
0 0 0 0 0 0 0 23 32 0 0 0 644 297 0 0 0 0 0 0 0 0 0 0 0 0 4 0 1000 0 0 3.6
0 0 0 0 0 0 0 43 32 0 0 0 579 343 0 0 0 0 0 0 0 0 0 0 0 0 3 0 1000 0 0 2.7
0 0 0 0 0 0 0 50 35 0 0 0 570 342 0 0 0 0 0 0 0 0 0 0 0 0 3 0 1000 0 0 1.8
0 0 0 0 0 0 0 41 28 0 0 0 599 313 0 0 0 0 0 0 0 0 0 0 0 0 19 0 1000 0 0 0.9
0 0 0 0 0 0 0 53 33 0 0 0 485 289 0 0 0 0 0 0 0 0 0 0 0 0 140 0 1000 0 0 0
0 0 0 0 0 0 0 45 30 0 0 0 323 203 0 0 0 0 0 0 0 0 0 0 0 0 399 0 1000 0 0 -0.9
0 0 0 0 0 0 0 38 24 0 0 0 265 168 0 0 0 0 0 0 0 0 0 0 0 0 505 0 1000 0 0 -1.8
0 0 0 0 0 0 0 29 23 0 0 0 154 98 0 0 0 0 0 0 0 0 0 0 0 0 696 0 1000 0 0 -2.7
0 0 0 0 0 0 0 18 10 0 0 0 118 75 0 0 0 0 0 0 0 0 0 0 0 0 779 0 1000 0 0 -3.6
0 0 0 0 0 0 0 12 7 0 0 0 64 42 0 0 0 0 0 0 0 0 0 0 0 0 875 0 1000 0 0 -4.5
0 0 0 0 0 0 0 13 9 0 0 0 62 34 0 0 0 0 0 0 0 0 0 0 0 0 882 0 1000 0 0 -5.4
0 0 0 0 0 0 1 8 8 0 0 0 42 33 0 0 0 0 0 0 0 0 0 0 0 0 908 0 1000 0 0 -6.3
0 0 0 0 0 0 0 9 6 0 0 0 17 27 0 0 0 0 0 0 0 0 0 0 0 0 941 0 1000 0 0 -7.2
0 0 0 0 0 0 0 6 2 0 0 0 20 13 0 0 0 0 0 0 0 0 0 0 0 0 959 0 1000 0 0 -8.1
0 0 0 0 0 0 0 6 1 0 0 0 11 11 0 0 0 0 0 0 0 0 0 0 0 0 971 0 1000 0 0 -9
0 0 0 0 0 0 0 3 1 0 0 0 7 9 0 0 0 0 0 0 0 0 0 0 0 0 980 0 1000 0 0 -9.9
0 0 0 0 0 0 0 5 1 0 0 0 4 6 0 0 0 0 0 0 0 0 0 0 0 0 984 0 1000 0 0 -10.8
0 0 0 0 0 0 0 1 0 0 0 0 3 2 0 0 0 0 0 0 0 0 0 0 0 0 994 0 1000 0 0 -11.7
0 0 0 0 0 0 0 1 0 0 0 0 0 1 0 0 0 0 0 0 0 0 0 0 0 0 998 0 1000 0 0 -12.6
0 0 0 0 0 0 0 2 0 0 0 0 0 2 0 0 0 0 0 0 0 0 0 0 0 0 996 0 1000 0 0 -13.5
0 0 0 0 0 0 0 0 1 0 0 0 0 1 0 0 0 0 0 0 0 0 0 0 0 0 998 0 1000 0 0 -14.4
0 0 0 0 0 0 0 0 0 0 0 0 1 2 0 0 0 0 0 0 0 0 0 0 0 0 997 0 1000 0 0 -15.3
0 0 0 0 0 0 0 0 0 0 0 0 0 2 0 0 0 0 0 0 0 0 0 0 0 0 998 0 1000 0 0 -16.2
0 0 0 0 0 0 0 0 0 0 0 0 1 1 0 0 0 0 0 0 0 0 0 0 0 0 998 0 1000 0 0 -17.1
0 0 0 0 0 0 0 0 0 0 0 0 0 0 0 0 0 0 0 0 0 0 0 0 0 0 1000 0 1000 0 0 -18
0 0 0 0 0 0 0 0 0 0 0 0 0 0 0 0 0 0 0 0 0 0 0 0 0 0 1000 0 1000 0 0 -18.9
0 0 0 0 0 0 0 0 0 0 0 0 0 0 0 0 0 0 0 0 0 0 0 0 0 0 1000 0 1000 0 0 -19.8
0 0 0 0 0 0 0 0 0 0 0 0 0 0 0 0 0 0 0 0 0 0 0 0 0 0 1000 0 1000 0 0 -20.7
0 0 0 0 0 0 0 0 0 0 0 0 0 0 0 0 0 0 0 0 0 0 0 0 0 0 1000 0 1000 0 0 -21.6
0 0 0 0 0 0 0 0 0 0 0 0 0 0 0 0 0 0 0 0 0 0 0 0 0 0 1000 0 1000 0 0 -22.5
0 0 0 0 0 0 0 0 0 0 0 0 0 0 0 0 0 0 0 0 0 0 0 0 0 0 1000 0 1000 0 0 -23.4
0 0 0 0 0 0 0 0 0 0 0 0 0 0 0 0 0 0 0 0 0 0 0 0 0 0 1000 0 1000 0 0 -24.3
0 0 0 0 0 0 0 0 0 0 0 0 0 0 0 0 0 0 0 0 0 0 0 0 0 0 1000 0 1000 0 0 -25.2
0 0 0 0 0 0 0 0 0 0 0 0 0 0 0 0 0 0 0 0 0 0 0 0 0 0 1000 0 1000 0 0 -26.1
0 0 0 0 0 0 0 0 0 0 0 0 0 0 0 0 0 0 0 0 0 0 0 0 0 0 1000 0 1000 0 0 -27
0 0 0 0 0 0 0 0 0 0 0 0 0 0 0 0 0 0 0 0 0 0 0 0 0 0 1000 0 1000 0 0 -27.9
0 0 0 0 0 0 0 0 0 0 0 0 0 0 0 0 0 0 0 0 0 0 0 0 0 0 1000 0 1000 0 0 -28.8
0 0 0 0 0 0 0 0 0 0 0 0 0 0 0 0 0 0 0 0 0 0 0 0 0 0 1000 0 1000 0 0 -29.7
0 0 0 0 0 0 0 0 0 0 0 0 0 0 0 0 0 0 0 0 0 0 0 0 0 0 1000 0 1000 0 0 -30.6
0 0 0 0 0 0 0 0 0 0 0 0 0 0 0 0 0 0 0 0 0 0 0 0 0 0 1000 0 1000 0 0 -31.5
0 0 0 0 0 0 0 0 0 0 0 0 0 0 0 0 0 0 0 0 0 0 0 0 0 0 1000 0 1000 0 0 -32.4
0 0 0 0 0 0 0 0 0 0 0 0 0 0 0 0 0 0 0 0 0 0 0 0 0 0 1000 0 1000 0 0 -33.3
0 0 0 0 0 0 0 0 0 0 0 0 0 0 0 0 0 0 0 0 0 0 0 0 0 0 1000 0 1000 0 0 -34.2
