0 0 0 0 0 0 0 0 0 0 0 0 79 0 0 0 0 0 0 0 0 0 0 0 0 0 921 0 1000 0 0 9.9
0 0 0 0 0 0 0 0 0 0 0 0 879 0 0 0 0 0 0 0 0 0 0 0 0 0 121 0 1000 0 0 9
0 0 0 0 0 0 0 1 0 0 0 0 992 0 0 0 0 0 0 0 0 0 0 0 0 0 7 0 1000 0 0 8.1
0 0 0 0 0 0 0 1 0 0 0 0 992 0 0 0 0 0 0 0 0 0 0 0 0 0 7 0 1000 0 0 7.2
0 0 0 0 0 0 0 4 0 0 0 0 992 0 0 0 0 0 0 0 0 0 0 0 0 0 4 0 1000 0 0 6.3
0 0 0 0 0 0 0 34 2 0 0 0 954 6 0 0 0 0 0 0 0 0 0 0 0 0 4 0 1000 0 0 5.4
0 0 0 0 0 0 0 75 8 0 0 0 883 32 0 0 0 0 0 0 0 0 0 0 0 0 2 0 1000 0 0 4.5
0 0 0 0 0 0 0 130 14 0 0 0 826 28 0 0 0 0 0 0 0 0 0 0 0 0 2 0 1000 0 0 3.6
0 0 0 0 0 0 0 132 17 0 0 0 807 41 0 0 0 0 0 0 0 0 0 0 0 0 3 0 1000 0 0 2.7
0 0 0 0 0 0 0 183 15 0 0 0 754 45 0 0 0 0 0 0 0 0 0 0 0 0 3 0 1000 0 0 1.8
0 0 0 0 0 0 1 170 19 0 0 0 747 45 0 0 0 0 0 0 0 0 0 0 0 0 18 0 1000 0 0 0.9
0 0 0 0 0 0 0 147 21 0 0 1 641 42 0 0 0 0 0 0 0 0 0 0 0 0 148 0 1000 0 0 0
0 0 0 0 0 0 0 137 23 0 0 0 444 51 0 0 0 0 0 0 0 0 0 0 0 0 345 0 1000 0 0 -0.9
0 0 0 0 0 0 0 102 16 0 0 0 295 47 0 0 0 0 1 0 0 0 0 0 0 0 539 0 1000 0 0 -1.8
0 0 0 0 0 0 0 69 11 0 0 0 193 23 0 0 0 0 0 0 0 0 0 0 0 0 704 0 1000 0 0 -2.7
0 0 0 0 0 0 1 45 10 0 0 0 146 22 0 0 0 0 0 0 0 0 0 0 0 0 776 0 1000 0 0 -3.6
0 0 0 0 0 0 0 33 6 0 0 0 96 19 0 0 0 0 0 0 0 0 0 0 0 0 846 0 1000 0 0 -4.5
0 0 0 0 0 0 0 25 4 0 0 1 66 11 0 0 0 0 0 0 0 0 0 0 0 0 893 0 1000 0 0 -5.4
0 0 0 0 0 0 1 19 3 0 0 1 40 12 0 0 0 0 0 0 0 0 0 0 0 0 924 0 1000 0 0 -6.3
0 0 0 0 0 0 0 14 2 0 0 0 34 13 0 0 0 0 0 0 0 0 0 0 0 0 937 0 1000 0 0 -7.2
0 0 0 0 0 0 0 8 5 0 0 0 21 5 0 0 0 0 1 0 0 0 0 0 0 0 960 0 1000 0 0 -8.1
0 0 0 0 0 0 0 6 1 0 0 1 21 3 0 0 0 0 0 0 0 0 0 0 0 0 968 0 1000 0 0 -9
0 0 0 0 0 0 0 5 1 0 0 0 12 3 0 0 0 0 0 0 0 0 0 0 0 0 979 0 1000 0 0 -9.9
0 0 0 0 0 0 0 8 2 0 0 0 6 3 0 0 0 0 0 0 0 0 0 0 0 0 981 0 1000 0 0 -10.8
0 0 0 0 0 0 0 0 1 0 0 0 5 1 0 0 0 0 0 0 0 0 0 0 0 0 993 0 1000 0 0 -11.7
0 0 0 0 0 0 0 1 1 0 0 0 5 2 0 0 0 0 0 0 0 0 0 0 0 0 991 0 1000 0 0 -12.6
0 0 0 0 0 0 0 1 0 0 0 0 1 2 0 0 0 0 0 0 0 0 0 0 0 0 996 0 1000 0 0 -13.5
0 0 0 0 0 0 0 3 0 0 0 0 1 3 0 0 0 0 0 0 0 0 0 0 0 0 993 0 1000 0 0 -14.4
0 0 0 0 0 0 0 0 0 0 0 0 1 0 0 0 0 0 0 0 0 0 0 0 0 0 999 0 1000 0 0 -15.3
0 0 0 0 0 0 0 0 0 0 0 0 1 0 0 0 0 0 0 0 0 0 0 0 0 0 999 0 1000 0 0 -16.2
0 0 0 0 0 0 0 1 1 0 0 0 0 0 0 0 0 0 0 0 0 0 0 0 0 0 998 0 1000 0 0 -17.1
0 0 0 0 0 0 0 0 0 0 0 0 0 1 0 0 0 0 0 0 0 0 0 0 0 0 999 0 1000 0 0 -18
0 0 0 0 0 0 0 2 0 0 0 0 0 0 0 0 0 0 0 0 0 0 0 0 0 0 998 0 1000 0 0 -18.9
0 0 0 0 0 0 0 0 0 0 0 0 0 0 0 0 0 0 0 0 0 0 0 0 0 0 1000 0 1000 0 0 -19.8
0 0 0 0 0 0 0 0 0 0 0 0 0 0 0 0 0 0 0 0 0 0 0 0 0 0 1000 0 1000 0 0 -20.7
0 0 0 0 0 0 0 0 0 0 0 0 0 0 0 0 0 0 0 0 0 0 0 0 0 0 1000 0 1000 0 0 -21.6
0 0 0 0 0 0 0 0 0 0 0 0 1 0 0 0 0 0 0 0 0 0 0 0 0 0 999 0 1000 0 0 -22.5
0 0 0 0 0 0 0 0 0 0 0 0 0 0 0 0 0 0 0 0 0 0 0 0 0 0 1000 0 1000 0 0 -23.4
0 0 0 0 0 0 0 0 0 0 0 0 0 0 0 0 0 0 0 0 0 0 0 0 0 0 1000 0 1000 0 0 -24.3
0 0 0 0 0 0 0 0 0 0 0 0 0 0 0 0 0 0 0 0 0 0 0 0 0 0 1000 0 1000 0 0 -25.2
0 0 0 0 0 0 0 0 0 0 0 0 0 0 0 0 0 0 0 0 0 0 0 0 0 0 1000 0 1000 0 0 -26.1
0 0 0 0 0 0 0 0 0 0 0 0 0 0 0 0 0 0 0 0 0 0 0 0 0 0 1000 0 1000 0 0 -27
0 0 0 0 0 0 0 0 0 0 0 0 0 0 0 0 0 0 0 0 0 0 0 0 0 0 1000 0 1000 0 0 -27.9
0 0 0 0 0 0 0 0 0 0 0 0 0 0 0 0 0 0 0 0 0 0 0 0 0 0 1000 0 1000 0 0 -28.8
0 0 0 0 0 0 0 0 0 0 0 0 0 0 0 0 0 0 0 0 0 0 0 0 0 0 1000 0 1000 0 0 -29.7
0 0 0 0 0 0 0 0 0 0 0 0 0 0 0 0 0 0 0 0 0 0 0 0 0 0 1000 0 1000 0 0 -30.6
0 0 0 0 0 0 0 0 0 0 0 0 0 0 0 0 0 0 0 0 0 0 0 0 0 0 1000 0 1000 0 0 -31.5
0 0 0 0 0 0 0 0 0 0 0 0 0 0 0 0 0 0 0 0 0 0 0 0 0 0 1000 0 1000 0 0 -32.4
0 0 0 0 0 0 0 0 0 0 0 0 0 0 0 0 0 0 0 0 0 0 0 0 0 0 1000 0 1000 0 0 -33.3
0 0 0 0 0 0 0 0 0 0 0 0 0 0 0 0 0 0 0 0 0 0 0 0 0 0 1000 0 1000 0 0 -34.2
