0 0 0 0 0 0 0 1 2 0 0 0 53 13 0 0 0 0 0 0 0 0 0 0 0 0 931 0 1000 0 0 9.9
0 0 0 0 0 0 0 25 12 0 0 0 736 96 0 0 0 0 0 0 0 0 0 0 0 0 131 0 1000 0 0 9
0 0 0 0 0 0 0 9 3 0 0 0 935 40 0 0 0 0 0 0 0 0 0 0 0 0 13 0 1000 0 0 8.1
0 0 0 0 0 0 0 33 20 0 0 0 857 77 0 0 0 0 0 0 0 0 0 0 0 0 13 0 1000 0 0 7.2
0 0 0 0 0 0 0 74 37 0 0 0 722 158 0 0 0 0 0 0 0 0 0 0 0 0 9 0 1000 0 0 6.3
0 0 0 0 0 0 0 108 51 0 0 0 638 198 0 0 0 0 0 0 0 0 0 0 0 0 5 0 1000 0 0 5.4
0 0 0 0 0 0 0 127 77 0 0 0 541 248 0 0 0 0 0 0 0 0 0 0 0 0 7 0 1000 0 0 4.5
0 0 0 0 0 0 0 137 87 0 0 0 512 260 0 0 0 0 0 0 0 0 0 0 0 0 4 0 1000 0 0 3.6
0 0 0 0 0 0 0 169 93 0 0 0 476 251 0 0 0 0 0 0 0 0 0 0 0 0 11 0 1000 0 0 2.7
0 0 0 0 0 0 0 158 101 0 0 0 454 280 0 0 0 0 0 0 0 0 0 0 0 0 7 0 1000 0 0 1.8
0 0 0 0 0 0 0 158 92 0 0 0 487 255 0 0 0 0 0 0 0 0 0 0 0 0 8 0 1000 0 0 0.9
0 0 0 0 0 0 0 119 85 0 0 0 386 224 0 0 0 0 0 0 0 0 0 0 0 0 186 0 1000 0 0 0
0 0 0 0 0 0 0 109 66 0 0 0 281 174 0 0 0 0 0 0 0 0 0 0 0 0 370 0 1000 0 0 -0.9
0 0 0 0 0 0 0 73 61 0 0 0 171 130 0 0 0 0 0 0 0 0 0 0 0 0 565 0 1000 0 0 -1.8
0 0 0 0 0 0 0 59 40 0 0 0 146 95 0 0 0 0 0 0 0 0 0 0 0 0 660 0 1000 0 0 -2.7
0 0 0 0 0 0 0 45 35 0 0 0 82 53 0 0 0 0 0 0 0 0 0 0 0 0 785 0 1000 0 0 -3.6
0 0 0 0 0 0 0 39 23 0 0 0 63 34 0 0 0 0 0 0 0 0 0 0 0 0 841 0 1000 0 0 -4.5
0 0 0 0 0 0 0 21 18 0 0 0 51 32 0 0 0 0 0 0 0 0 0 0 0 0 878 0 1000 0 0 -5.4
0 0 0 0 0 0 0 10 11 0 0 0 37 30 0 0 0 0 0 0 0 0 0 0 0 0 912 0 1000 0 0 -6.3
0 0 0 0 0 0 0 6 10 0 0 0 21 10 0 0 0 0 0 0 0 0 0 0 0 0 953 0 1000 0 0 -7.2
0 0 0 0 0 0 0 8 4 0 0 0 8 11 0 0 0 0 0 0 0 0 0 0 0 0 969 0 1000 0 0 -8.1
0 0 0 0 0 0 0 9 5 0 0 0 8 5 0 0 0 0 0 0 0 0 0 0 0 0 973 0 1000 0 0 -9
0 0 0 0 0 0 0 6 1 0 0 0 6 5 0 0 0 0 0 0 0 0 0 0 0 0 982 0 1000 0 0 -9.9
0 0 0 0 0 0 0 2 2 0 0 0 3 4 0 0 0 0 0 0 0 0 0 0 0 0 989 0 1000 0 0 -10.8
0 0 0 0 0 0 0 2 1 0 0 0 4 4 0 0 0 0 0 0 0 0 0 0 0 0 989 0 1000 0 0 -11.7
0 0 0 0 0 0 0 1 1 0 0 0 2 2 0 0 0 0 0 0 0 0 0 0 0 0 994 0 1000 0 0 -12.6
0 0 0 0 0 0 0 0 1 0 0 0 2 1 0 0 0 0 0 0 0 0 0 0 0 0 996 0 1000 0 0 -13.5
0 0 0 0 0 0 0 1 4 0 0 0 0 1 0 0 0 0 0 0 0 0 0 0 0 0 994 0 1000 0 0 -14.4
0 0 0 0 0 0 0 0 1 0 0 0 1 1 0 0 0 0 0 0 0 0 0 0 0 0 997 0 1000 0 0 -15.3
0 0 0 0 0 0 0 1 0 0 0 0 1 1 0 0 0 0 0 0 0 0 0 0 0 0 997 0 1000 0 0 -16.2
0 0 0 0 0 0 0 0 0 0 0 0 0 0 0 0 0 0 0 0 0 0 0 0 0 0 1000 0 1000 0 0 -17.1
0 0 0 0 0 0 0 1 0 0 0 0 0 0 0 0 0 0 0 0 0 0 0 0 0 0 999 0 1000 0 0 -18
0 0 0 0 0 0 0 0 0 0 0 0 0 1 0 0 0 0 0 0 0 0 0 0 0 0 999 0 1000 0 0 -18.9
0 0 0 0 0 0 0 0 0 0 0 0 0 0 0 0 0 0 0 0 0 0 0 0 0 0 1000 0 1000 0 0 -19.8
0 0 0 0 0 0 0 0 0 0 0 0 0 0 0 0 0 0 0 0 0 0 0 0 0 0 1000 0 1000 0 0 -20.7
0 0 0 0 0 0 0 0 1 0 0 0 0 0 0 0 0 0 0 0 0 0 0 0 0 0 999 0 1000 0 0 -21.6
0 0 0 0 0 0 0 0 0 0 0 0 0 0 0 0 0 0 0 0 0 0 0 0 0 0 1000 0 1000 0 0 -22.5
0 0 0 0 0 0 0 0 0 0 0 0 0 0 0 0 0 0 0 0 0 0 0 0 0 0 1000 0 1000 0 0 -23.4
0 0 0 0 0 0 0 0 0 0 0 0 0 0 0 0 0 0 0 0 0 0 0 0 0 0 1000 0 1000 0 0 -24.3
0 0 0 0 0 0 0 0 0 0 0 0 0 0 0 0 0 0 0 0 0 0 0 0 0 0 1000 0 1000 0 0 -25.2
0 0 0 0 0 0 0 0 0 0 0 0 0 0 0 0 0 0 0 0 0 0 0 0 0 0 1000 0 1000 0 0 -26.1
0 0 0 0 0 0 0 0 0 0 0 0 0 0 0 0 0 0 0 0 0 0 0 0 0 0 1000 0 1000 0 0 -27
0 0 0 0 0 0 0 0 0 0 0 0 0 0 0 0 0 0 0 0 0 0 0 0 0 0 1000 0 1000 0 0 -27.9
0 0 0 0 0 0 0 0 0 0 0 0 0 1 0 0 0 0 0 0 0 0 0 0 0 0 999 0 1000 0 0 -28.8
0 0 0 0 0 0 0 0 0 0 0 0 0 0 0 0 0 0 0 0 0 0 0 0 0 0 1000 0 1000 0 0 -29.7
0 0 0 0 0 0 0 0 0 0 0 0 0 0 0 0 0 0 0 0 0 0 0 0 0 0 1000 0 1000 0 0 -30.6
0 0 0 0 0 0 0 0 0 0 0 0 0 0 0 0 0 0 0 0 0 0 0 0 0 0 1000 0 1000 0 0 -31.5
0 0 0 0 0 0 0 0 0 0 0 0 0 0 0 0 0 0 0 0 0 0 0 0 0 0 1000 0 1000 0 0 -32.4
0 0 0 0 0 0 0 0 0 0 0 0 0 0 0 0 0 0 0 0 0 0 0 0 0 0 1000 0 1000 0 0 -33.3
0 0 0 0 0 0 0 0 0 0 0 0 0 0 0 0 0 0 0 0 0 0 0 0 0 0 1000 0 1000 0 0 -34.2
