0 0 0 0 0 0 0 0 0 0 0 0 51 26 0 0 0 0 0 0 0 0 0 0 0 0 923 0 1000 0 0 9.9
0 0 0 0 0 0 0 0 0 0 0 0 637 203 0 0 0 0 0 0 0 0 0 0 0 0 160 0 1000 0 0 9
0 0 0 0 0 0 0 0 1 0 0 0 834 156 0 0 0 0 0 0 0 0 0 0 0 0 9 0 1000 0 0 8.1
0 0 0 0 0 0 0 1 1 0 0 0 792 200 0 0 0 0 0 0 0 0 0 0 0 0 6 0 1000 0 0 7.2
0 0 0 0 0 0 0 2 2 0 0 0 725 268 0 0 0 0 0 0 0 0 0 0 0 0 3 0 1000 0 0 6.3
0 0 0 0 0 0 0 2 1 0 0 0 658 334 0 0 0 0 0 0 0 0 0 0 0 0 5 0 1000 0 0 5.4
0 0 0 0 0 0 0 5 5 0 0 0 621 366 0 0 0 1 0 0 0 0 0 0 0 0 2 0 1000 0 0 4.5
0 0 0 0 0 0 0 8 8 0 0 0 581 400 0 0 0 0 0 0 0 0 0 0 0 0 3 0 1000 0 0 3.6
0 0 0 0 0 0 0 6 4 0 0 0 614 374 0 0 0 1 0 0 0 0 0 0 0 0 1 0 1000 0 0 2.7
0 0 0 0 0 0 0 10 7 0 0 0 551 430 0 0 0 0 0 0 0 0 0 0 0 0 2 0 1000 0 0 1.8
0 0 0 0 0 0 0 9 12 0 0 0 540 424 0 0 0 0 0 0 0 0 0 0 0 0 15 0 1000 0 0 0.9
0 0 0 0 0 0 0 8 10 0 0 0 450 358 0 0 0 0 0 0 0 0 0 0 0 0 174 0 1000 0 0 0
0 0 0 0 0 0 0 6 17 0 0 0 349 258 0 0 0 0 0 0 0 0 0 0 0 0 370 0 1000 0 0 -0.9
0 0 0 0 0 0 0 10 8 0 0 0 231 178 0 0 0 1 1 0 0 0 0 0 0 0 571 0 1000 0 0 -1.8
0 0 0 0 0 0 0 5 7 0 0 0 163 118 0 0 0 0 1 0 0 0 0 0 0 0 706 0 1000 0 0 -2.7
0 0 0 0 0 0 0 3 8 0 0 0 126 90 0 0 0 0 2 0 0 0 0 0 0 0 771 0 1000 0 0 -3.6
0 0 0 0 0 0 0 4 7 0 0 0 74 75 0 0 0 0 0 0 0 0 0 0 0 0 840 0 1000 0 0 -4.5
0 0 0 0 0 0 0 5 5 0 0 0 51 51 0 0 0 0 0 0 0 0 0 0 0 0 888 0 1000 0 0 -5.4
0 0 0 0 0 0 0 2 2 0 0 0 41 34 0 0 0 1 0 0 0 0 0 0 0 0 920 0 1000 0 0 -6.3
0 0 0 0 0 0 0 4 2 0 0 0 25 15 0 0 0 3 0 0 0 0 0 0 0 0 951 0 1000 0 0 -7.2
0 0 0 0 0 0 0 0 2 0 0 0 24 20 0 0 0 1 0 0 0 0 0 0 0 0 953 0 1000 0 0 -8.1
0 0 0 0 0 0 0 2 0 0 0 0 17 4 0 0 0 1 0 0 0 0 0 0 0 0 976 0 1000 0 0 -9
0 0 0 0 0 0 0 0 0 0 0 0 8 9 0 0 0 0 0 0 0 0 0 0 0 0 983 0 1000 0 0 -9.9
0 0 0 0 0 0 0 0 3 0 0 0 4 6 0 0 0 0 1 0 0 0 0 0 0 0 986 0 1000 0 0 -10.8
0 0 0 0 0 0 0 1 1 0 0 0 4 3 0 0 0 0 0 0 0 0 0 0 0 0 991 0 1000 0 0 -11.7
0 0 0 0 0 0 0 1 0 0 0 0 3 5 0 0 0 0 1 0 0 0 0 0 0 0 990 0 1000 0 0 -12.6
0 0 0 0 0 0 0 0 0 0 0 0 3 4 0 0 0 0 0 0 0 0 0 0 0 0 993 0 1000 0 0 -13.5
0 0 0 0 0 0 0 0 1 0 0 0 0 0 0 0 0 1 0 0 0 0 0 0 0 0 998 0 1000 0 0 -14.4
0 0 0 0 0 0 0 0 0 0 0 0 1 1 0 0 0 0 0 0 0 0 0 0 0 0 998 0 1000 0 0 -15.3
0 0 0 0 0 0 0 0 0 0 0 0 1 0 0 0 0 0 0 0 0 0 0 0 0 0 999 0 1000 0 0 -16.2
0 0 0 0 0 0 0 0 0 0 0 0 0 1 0 0 0 0 0 0 0 0 0 0 0 0 999 0 1000 0 0 -17.1
0 0 0 0 0 0 0 0 0 0 0 0 0 0 0 0 0 0 0 0 0 0 0 0 0 0 1000 0 1000 0 0 -18
0 0 0 0 0 0 0 0 0 0 0 0 0 1 0 0 0 0 0 0 0 0 0 0 0 0 999 0 1000 0 0 -18.9
0 0 0 0 0 0 0 0 0 0 0 0 0 1 0 0 0 0 0 0 0 0 0 0 0 0 999 0 1000 0 0 -19.8
0 0 0 0 0 0 0 0 0 0 0 0 0 1 0 0 0 0 0 0 0 0 0 0 0 0 999 0 1000 0 0 -20.7
0 0 0 0 0 0 0 0 0 0 0 0 0 0 0 0 0 0 0 0 0 0 0 0 0 0 1000 0 1000 0 0 -21.6
0 0 0 0 0 0 0 0 0 0 0 0 1 1 0 0 0 0 0 0 0 0 0 0 0 0 998 0 1000 0 0 -22.5
0 0 0 0 0 0 0 0 0 0 0 0 0 0 0 0 0 0 0 0 0 0 0 0 0 0 1000 0 1000 0 0 -23.4
0 0 0 0 0 0 0 0 0 0 0 0 0 0 0 0 0 0 0 0 0 0 0 0 0 0 1000 0 1000 0 0 -24.3
0 0 0 0 0 0 0 0 0 0 0 0 0 0 0 0 0 0 0 0 0 0 0 0 0 0 1000 0 1000 0 0 -25.2
0 0 0 0 0 0 0 0 0 0 0 0 0 0 0 0 0 0 0 0 0 0 0 0 0 0 1000 0 1000 0 0 -26.1
0 0 0 0 0 0 0 0 0 0 0 0 0 0 0 0 0 0 0 0 0 0 0 0 0 0 1000 0 1000 0 0 -27
0 0 0 0 0 0 0 0 0 0 0 0 0 0 0 0 0 0 0 0 0 0 0 0 0 0 1000 0 1000 0 0 -27.9
0 0 0 0 0 0 0 0 0 0 0 0 0 0 0 0 0 0 0 0 0 0 0 0 0 0 1000 0 1000 0 0 -28.8
0 0 0 0 0 0 0 0 0 0 0 0 0 0 0 0 0 0 0 0 0 0 0 0 0 0 1000 0 1000 0 0 -29.7
0 0 0 0 0 0 0 0 0 0 0 0 0 0 0 0 0 0 0 0 0 0 0 0 0 0 1000 0 1000 0 0 -30.6
0 0 0 0 0 0 0 0 0 0 0 0 0 0 0 0 0 0 0 0 0 0 0 0 0 0 1000 0 1000 0 0 -31.5
0 0 0 0 0 0 0 0 0 0 0 0 0 0 0 0 0 0 0 0 0 0 0 0 0 0 1000 0 1000 0 0 -32.4
0 0 0 0 0 0 0 0 0 0 0 0 0 0 0 0 0 0 0 0 0 0 0 0 0 0 1000 0 1000 0 0 -33.3
0 0 0 0 0 0 0 0 0 0 0 0 0 0 0 0 0 0 0 0 0 0 0 0 0 0 1000 0 1000 0 0 -34.2
