0 0 0 0 0 0 0 0 0 0 0 0 530 0 0 0 0 0 0 0 0 0 0 0 0 0 470 0 1000 0 0 9.9
0 0 0 0 0 0 0 1 0 0 0 0 907 0 0 0 0 0 0 0 0 0 0 0 0 0 92 0 1000 0 0 9
0 0 0 0 0 0 0 0 0 0 0 0 997 0 0 0 0 0 0 0 0 0 0 0 0 0 3 0 1000 0 0 8.1
0 0 0 0 0 0 0 0 0 0 0 0 999 0 0 0 0 0 0 0 0 0 0 0 0 0 1 0 1000 0 0 7.2
0 0 0 0 0 0 0 1 0 0 0 0 997 0 0 0 0 0 0 0 0 0 0 0 0 0 2 0 1000 0 0 6.3
0 0 0 0 0 0 0 9 0 0 0 0 989 0 0 0 0 0 0 0 0 0 0 0 0 0 2 0 1000 0 0 5.4
0 0 0 0 0 0 0 27 0 0 0 0 968 0 0 0 0 0 0 0 0 0 0 0 0 0 5 0 1000 0 0 4.5
0 0 0 0 0 0 2 79 1 0 0 0 915 1 0 0 0 0 0 0 0 0 0 0 0 0 2 0 1000 0 0 3.6
0 0 0 0 0 0 0 91 0 0 0 1 906 1 0 0 0 0 0 0 0 0 0 0 0 0 1 0 1000 0 0 2.7
0 0 0 0 0 0 0 107 2 0 0 1 890 0 0 0 0 0 0 0 0 0 0 0 0 0 0 0 1000 0 0 1.8
0 0 0 0 0 0 1 120 2 0 0 0 865 4 0 0 0 0 0 0 0 0 0 0 0 0 8 0 1000 0 0 0.9
0 0 0 0 0 0 2 128 1 0 0 2 688 1 0 0 0 0 0 0 0 0 0 0 0 0 178 0 1000 0 0 0
0 0 0 0 0 0 0 104 1 0 0 3 522 4 0 0 0 0 0 0 0 0 0 0 0 0 366 0 1000 0 0 -0.9
0 0 0 0 0 0 1 77 3 0 0 2 360 2 0 0 0 1 0 0 0 0 0 0 0 0 554 0 1000 0 0 -1.8
0 0 0 0 0 0 1 59 0 0 0 4 232 2 0 0 0 0 0 0 0 0 0 0 0 0 702 0 1000 0 0 -2.7
0 0 0 0 0 0 0 44 2 0 0 4 157 1 0 0 0 0 0 0 0 0 0 0 0 0 792 0 1000 0 0 -3.6
0 0 0 0 0 0 2 37 1 0 0 4 117 1 0 0 0 1 0 0 0 0 0 0 0 0 837 0 1000 0 0 -4.5
0 0 0 0 0 0 1 26 0 0 0 5 76 2 0 0 0 0 0 0 0 0 0 0 0 0 890 0 1000 0 0 -5.4
0 0 0 0 0 0 0 23 0 0 0 1 42 1 0 0 0 0 0 0 0 0 0 0 0 0 933 0 1000 0 0 -6.3
0 0 0 0 0 0 0 12 0 0 0 2 42 1 0 0 0 0 0 0 0 0 0 0 0 0 943 0 1000 0 0 -7.2
0 0 0 0 0 0 0 9 1 0 0 1 28 2 0 0 0 0 0 0 0 0 0 0 0 0 959 0 1000 0 0 -8.1
0 0 0 0 0 0 0 13 0 0 0 1 17 1 0 0 0 0 0 0 0 0 0 0 0 0 968 0 1000 0 0 -9
0 0 0 0 0 0 0 4 1 0 0 1 17 0 0 0 0 0 0 0 0 0 0 0 0 0 977 0 1000 0 0 -9.9
0 0 0 0 0 0 0 3 0 0 0 2 18 0 0 0 0 0 0 0 0 0 0 0 0 0 977 0 1000 0 0 -10.8
0 0 0 0 0 0 0 2 1 0 0 0 3 0 0 0 0 0 0 0 0 0 0 0 0 0 994 0 1000 0 0 -11.7
0 0 0 0 0 0 0 2 0 0 0 0 3 1 0 0 0 0 0 0 0 0 0 0 0 0 994 0 1000 0 0 -12.6
0 0 0 0 0 0 0 1 0 0 0 0 4 1 0 0 0 0 0 0 0 0 0 0 0 0 994 0 1000 0 0 -13.5
0 0 0 0 0 0 0 5 0 0 0 0 2 1 0 0 0 0 0 0 0 0 0 0 0 0 992 0 1000 0 0 -14.4
0 0 0 0 0 0 1 0 0 0 0 0 1 0 0 0 0 0 0 0 0 0 0 0 0 0 998 0 1000 0 0 -15.3
0 0 0 0 0 0 0 0 0 0 0 0 0 0 0 0 0 0 0 0 0 0 0 0 0 0 1000 0 1000 0 0 -16.2
0 0 0 0 0 0 0 0 0 0 0 1 1 0 0 0 0 0 0 0 0 0 0 0 0 0 998 0 1000 0 0 -17.1
0 0 0 0 0 0 0 1 0 0 0 0 0 0 0 0 0 0 0 0 0 0 0 0 0 0 999 0 1000 0 0 -18
0 0 0 0 0 0 0 1 0 0 0 0 0 0 0 0 0 0 0 0 0 0 0 0 0 0 999 0 1000 0 0 -18.9
0 0 0 0 0 0 0 0 0 0 0 0 0 0 0 0 0 0 0 0 0 0 0 0 0 0 1000 0 1000 0 0 -19.8
0 0 0 0 0 0 0 0 0 0 0 0 0 0 0 0 0 0 0 0 0 0 0 0 0 0 1000 0 1000 0 0 -20.7
0 0 0 0 0 0 0 0 0 0 0 0 0 0 0 0 0 0 0 0 0 0 0 0 0 0 1000 0 1000 0 0 -21.6
0 0 0 0 0 0 0 0 0 0 0 0 0 0 0 0 0 0 0 0 0 0 0 0 0 0 1000 0 1000 0 0 -22.5
0 0 0 0 0 0 0 1 0 0 0 0 0 0 0 0 0 0 0 0 0 0 0 0 0 0 999 0 1000 0 0 -23.4
0 0 0 0 0 0 0 0 0 0 0 0 0 0 0 0 0 0 0 0 0 0 0 0 0 0 1000 0 1000 0 0 -24.3
0 0 0 0 0 0 0 0 0 0 0 0 0 0 0 0 0 0 0 0 0 0 0 0 0 0 1000 0 1000 0 0 -25.2
0 0 0 0 0 0 0 0 0 0 0 0 0 0 0 0 0 0 0 0 0 0 0 0 0 0 1000 0 1000 0 0 -26.1
0 0 0 0 0 0 0 0 0 0 0 0 0 0 0 0 0 0 0 0 0 0 0 0 0 0 1000 0 1000 0 0 -27
0 0 0 0 0 0 0 0 0 0 0 0 0 0 0 0 0 0 0 0 0 0 0 0 0 0 1000 0 1000 0 0 -27.9
0 0 0 0 0 0 0 0 0 0 0 0 0 0 0 0 0 0 0 0 0 0 0 0 0 0 1000 0 1000 0 0 -28.8
0 0 0 0 0 0 0 0 0 0 0 0 0 0 0 0 0 0 0 0 0 0 0 0 0 0 1000 0 1000 0 0 -29.7
0 0 0 0 0 0 0 0 0 0 0 0 0 0 0 0 0 0 0 0 0 0 0 0 0 0 1000 0 1000 0 0 -30.6
0 0 0 0 0 0 0 0 0 0 0 0 0 0 0 0 0 0 0 0 0 0 0 0 0 0 1000 0 1000 0 0 -31.5
0 0 0 0 0 0 0 0 0 0 0 0 0 0 0 0 0 0 0 0 0 0 0 0 0 0 1000 0 1000 0 0 -32.4
0 0 0 0 0 0 0 0 0 0 0 0 0 0 0 0 0 0 0 0 0 0 0 0 0 0 1000 0 1000 0 0 -33.3
0 0 0 0 0 0 0 0 0 0 0 0 0 0 0 0 0 0 0 0 0 0 0 0 0 0 1000 0 1000 0 0 -34.2
