0 0 0 0 0 0 0 1 1 0 0 0 67 4 0 0 0 0 0 0 0 0 0 0 0 0 927 0 1000 0 0 9.9
0 0 0 0 0 0 0 16 6 0 0 0 785 26 0 0 0 0 0 0 0 0 0 0 0 0 167 0 1000 0 0 9
0 0 0 0 0 0 0 2 1 0 0 0 980 4 0 0 0 0 0 0 0 0 0 0 0 0 13 0 1000 0 0 8.1
0 0 0 0 0 0 0 18 6 0 0 0 942 27 0 0 0 0 0 0 0 0 0 0 0 0 7 0 1000 0 0 7.2
0 0 0 0 0 0 0 48 27 0 0 0 841 69 0 0 0 0 0 0 0 0 0 0 0 0 15 0 1000 0 0 6.3
0 0 0 0 0 0 0 94 50 0 0 0 711 135 0 0 0 0 0 0 0 0 0 0 0 0 10 0 1000 0 0 5.4
0 0 0 0 0 0 0 133 66 0 0 0 606 187 0 0 0 0 0 0 0 0 0 0 0 0 8 0 1000 0 0 4.5
0 0 0 0 0 0 0 163 65 0 0 0 565 205 0 0 0 0 0 0 0 0 0 0 0 0 2 0 1000 0 0 3.6
0 0 0 0 0 0 0 182 81 0 0 0 543 186 0 0 0 0 0 0 0 0 0 0 0 0 8 0 1000 0 0 2.7
0 0 0 0 0 0 0 186 71 0 0 0 517 224 0 0 0 0 0 0 0 0 0 0 0 0 2 0 1000 0 0 1.8
0 0 0 0 0 0 0 161 82 0 0 0 531 210 0 0 0 0 0 0 0 0 0 0 0 0 16 0 1000 0 0 0.9
0 0 0 0 0 0 0 140 83 0 0 0 438 180 0 0 0 0 0 0 0 0 0 0 0 0 159 0 1000 0 0 0
0 0 0 0 0 0 0 110 67 0 0 0 298 150 0 0 0 0 0 0 0 0 0 0 0 0 375 0 1000 0 0 -0.9
0 0 0 0 0 0 0 79 37 0 0 0 216 96 0 0 0 0 0 0 0 0 0 0 0 0 572 0 1000 0 0 -1.8
0 0 0 0 0 0 0 61 36 0 0 0 132 77 0 0 0 0 0 0 0 0 0 0 0 0 694 0 1000 0 0 -2.7
0 0 0 0 0 0 0 54 28 0 0 0 98 48 0 0 0 0 0 0 0 0 0 0 0 0 772 0 1000 0 0 -3.6
0 0 0 0 0 0 0 36 18 0 0 0 75 45 0 0 0 0 0 0 0 0 0 0 0 0 826 0 1000 0 0 -4.5
0 0 0 0 0 0 0 28 12 0 0 0 49 32 0 0 0 0 0 0 0 0 0 0 0 0 879 0 1000 0 0 -5.4
0 0 0 0 0 0 1 18 9 0 0 0 36 19 0 0 0 0 0 0 0 0 0 0 0 0 917 0 1000 0 0 -6.3
0 0 0 0 0 0 1 10 6 0 0 0 19 9 0 0 0 1 0 0 0 0 0 0 0 0 954 0 1000 0 0 -7.2
0 0 0 0 0 0 0 5 7 0 0 0 20 10 0 0 0 0 0 0 0 0 0 0 0 0 958 0 1000 0 0 -8.1
0 0 0 0 0 0 0 1 4 0 0 0 12 7 0 0 0 0 0 0 0 0 0 0 0 0 976 0 1000 0 0 -9
0 0 0 0 0 0 0 2 2 0 0 0 4 9 0 0 0 0 0 0 0 0 0 0 0 0 983 0 1000 0 0 -9.9
0 0 0 0 0 0 0 1 0 0 0 0 8 2 0 0 0 0 0 0 0 0 0 0 0 0 989 0 1000 0 0 -10.8
0 0 0 0 0 0 0 3 0 0 0 0 3 3 0 0 0 0 0 0 0 0 0 0 0 0 991 0 1000 0 0 -11.7
0 0 0 0 0 0 0 0 1 0 0 0 5 0 0 0 0 0 0 0 0 0 0 0 0 0 994 0 1000 0 0 -12.6
0 0 0 0 0 0 0 0 0 0 0 0 2 0 0 0 0 0 0 0 0 0 0 0 0 0 998 0 1000 0 0 -13.5
0 0 0 0 0 0 0 2 3 0 0 0 1 0 0 0 0 0 0 0 0 0 0 0 0 0 994 0 1000 0 0 -14.4
0 0 0 0 0 0 0 0 0 0 0 0 0 0 0 0 0 0 0 0 0 0 0 0 0 0 1000 0 1000 0 0 -15.3
0 0 0 0 0 0 0 0 0 0 0 0 1 0 0 0 0 0 0 0 0 0 0 0 0 0 999 0 1000 0 0 -16.2
0 0 0 0 0 0 0 0 0 0 0 0 0 0 0 0 0 0 0 0 0 0 0 0 0 0 1000 0 1000 0 0 -17.1
0 0 0 0 0 0 0 0 0 0 0 0 0 0 0 0 0 0 0 0 0 0 0 0 0 0 1000 0 1000 0 0 -18
0 0 0 0 0 0 0 0 1 0 0 0 0 0 0 0 0 0 0 0 0 0 0 0 0 0 999 0 1000 0 0 -18.9
0 0 0 0 0 0 0 0 0 0 0 0 0 0 0 0 0 0 0 0 0 0 0 0 0 0 1000 0 1000 0 0 -19.8
0 0 0 0 0 0 0 0 1 0 0 0 0 0 0 0 0 0 0 0 0 0 0 0 0 0 999 0 1000 0 0 -20.7
0 0 0 0 0 0 0 0 0 0 0 0 0 0 0 0 0 0 0 0 0 0 0 0 0 0 1000 0 1000 0 0 -21.6
0 0 0 0 0 0 0 0 0 0 0 0 0 1 0 0 0 0 0 0 0 0 0 0 0 0 999 0 1000 0 0 -22.5
0 0 0 0 0 0 0 1 0 0 0 0 0 0 0 0 0 0 0 0 0 0 0 0 0 0 999 0 1000 0 0 -23.4
0 0 0 0 0 0 0 0 0 0 0 0 0 0 0 0 0 0 0 0 0 0 0 0 0 0 1000 0 1000 0 0 -24.3
0 0 0 0 0 0 0 0 0 0 0 0 0 0 0 0 0 0 0 0 0 0 0 0 0 0 1000 0 1000 0 0 -25.2
0 0 0 0 0 0 0 0 0 0 0 0 0 0 0 0 0 0 0 0 0 0 0 0 0 0 1000 0 1000 0 0 -26.1
0 0 0 0 0 0 0 0 0 0 0 0 0 0 0 0 0 0 0 0 0 0 0 0 0 0 1000 0 1000 0 0 -27
0 0 0 0 0 0 0 0 0 0 0 0 0 0 0 0 0 0 0 0 0 0 0 0 0 0 1000 0 1000 0 0 -27.9
0 0 0 0 0 0 0 0 0 0 0 0 0 0 0 0 0 0 0 0 0 0 0 0 0 0 1000 0 1000 0 0 -28.8
0 0 0 0 0 0 0 0 0 0 0 0 0 0 0 0 0 0 0 0 0 0 0 0 0 0 1000 0 1000 0 0 -29.7
0 0 0 0 0 0 0 0 0 0 0 0 0 0 0 0 0 0 0 0 0 0 0 0 0 0 1000 0 1000 0 0 -30.6
0 0 0 0 0 0 0 0 0 0 0 0 0 0 0 0 0 0 0 0 0 0 0 0 0 0 1000 0 1000 0 0 -31.5
0 0 0 0 0 0 0 0 0 0 0 0 0 0 0 0 0 0 0 0 0 0 0 0 0 0 1000 0 1000 0 0 -32.4
0 0 0 0 0 0 0 0 0 0 0 0 0 0 0 0 0 0 0 0 0 0 0 0 0 0 1000 0 1000 0 0 -33.3
0 0 0 0 0 0 0 0 0 0 0 0 0 0 0 0 0 0 0 0 0 0 0 0 0 0 1000 0 1000 0 0 -34.2
