0 0 0 0 0 0 0 0 0 0 0 0 1000 0 0 0 0 0 0 0 0 0 0 0 0 0 0 0 1000 0 0 9.9
0 0 0 0 0 0 0 0 0 0 0 0 998 0 0 0 0 0 0 0 0 0 0 0 0 0 2 0 1000 0 0 9
0 0 0 0 0 0 0 0 0 0 0 0 999 0 0 0 0 0 0 0 0 0 0 0 0 0 1 0 1000 0 0 8.1
0 0 0 0 0 0 0 0 0 0 0 0 1000 0 0 0 0 0 0 0 0 0 0 0 0 0 0 0 1000 0 0 7.2
0 0 0 0 0 0 0 0 0 0 0 0 999 0 0 0 0 0 0 0 0 0 0 0 0 0 1 0 1000 0 0 6.3
0 0 0 0 0 0 0 0 0 0 0 0 999 0 0 0 0 0 0 0 0 0 0 0 0 0 1 0 1000 0 0 5.4
0 0 0 0 0 0 0 0 0 0 0 0 999 1 0 0 0 0 0 0 0 0 0 0 0 0 0 0 1000 0 0 4.5
0 0 0 0 0 0 0 0 0 0 0 0 989 9 0 0 0 0 1 0 0 0 0 0 0 0 1 0 1000 0 0 3.6
0 0 0 0 0 0 0 1 0 0 0 0 980 19 0 0 0 0 0 0 0 0 0 0 0 0 0 0 1000 0 0 2.7
0 0 0 0 0 0 0 0 0 0 0 0 986 14 0 0 0 0 0 0 0 0 0 0 0 0 0 0 1000 0 0 1.8
0 0 0 0 0 0 0 1 0 0 0 0 963 26 0 0 0 0 0 0 0 0 0 0 0 0 10 0 1000 0 0 0.9
0 0 0 0 0 0 0 2 2 0 0 0 810 26 0 0 0 1 0 0 0 0 0 0 0 0 159 0 1000 0 0 0
0 0 0 0 0 0 0 6 0 0 0 1 566 37 0 0 0 1 0 0 0 0 0 0 0 0 389 0 1000 0 0 -0.9
0 0 0 0 0 0 0 7 2 0 0 0 400 33 0 0 0 2 0 0 0 0 0 0 0 0 556 0 1000 0 0 -1.8
0 0 0 0 0 0 0 9 1 0 0 0 276 35 0 0 0 2 0 0 0 0 0 0 0 0 677 0 1000 0 0 -2.7
0 0 0 0 0 0 0 7 1 0 0 0 187 25 0 0 0 1 0 0 0 0 0 0 0 0 779 0 1000 0 0 -3.6
0 0 0 0 0 0 0 4 1 0 0 0 115 18 0 0 0 0 0 0 0 0 0 0 0 0 862 0 1000 0 0 -4.5
0 0 0 0 0 0 0 1 0 0 0 0 79 12 0 0 0 2 0 0 0 0 0 0 0 0 906 0 1000 0 0 -5.4
0 0 0 0 0 0 0 1 2 0 0 2 71 10 0 0 0 0 1 0 0 0 0 0 0 0 913 0 1000 0 0 -6.3
0 0 0 0 0 0 0 0 1 0 0 0 45 11 0 0 0 2 0 0 0 0 0 0 0 0 941 0 1000 0 0 -7.2
0 0 0 0 0 0 0 2 0 0 0 0 27 5 0 0 0 0 0 0 0 0 0 0 0 0 966 0 1000 0 0 -8.1
0 0 0 0 0 0 0 0 1 0 0 1 23 2 0 0 0 1 1 0 0 0 0 0 0 0 971 0 1000 0 0 -9
0 0 0 0 0 0 0 1 0 0 0 0 12 3 0 0 0 2 0 0 0 0 0 0 0 0 982 0 1000 0 0 -9.9
0 0 0 0 0 0 0 1 0 0 0 0 8 3 0 0 0 1 0 0 0 0 0 0 0 0 987 0 1000 0 0 -10.8
0 0 0 0 0 0 0 0 0 0 0 0 9 3 0 0 0 0 0 0 0 0 0 0 0 0 988 0 1000 0 0 -11.7
0 0 0 0 0 0 0 1 0 0 0 0 5 2 0 0 0 0 0 0 0 0 0 0 0 0 992 0 1000 0 0 -12.6
0 0 0 0 0 0 0 0 0 0 0 0 2 1 0 0 0 0 0 0 0 0 0 0 0 0 997 0 1000 0 0 -13.5
0 0 0 0 0 0 0 1 0 0 0 0 2 1 0 0 0 0 0 0 0 0 0 0 0 0 996 0 1000 0 0 -14.4
0 0 0 0 0 0 0 0 0 0 0 0 2 1 0 0 0 0 0 0 0 0 0 0 0 0 997 0 1000 0 0 -15.3
0 0 0 0 0 0 0 0 0 0 0 0 0 0 0 0 0 0 0 0 0 0 0 0 0 0 1000 0 1000 0 0 -16.2
0 0 0 0 0 0 0 0 0 0 0 0 1 0 0 0 0 0 0 0 0 0 0 0 0 0 999 0 1000 0 0 -17.1
0 0 0 0 0 0 0 0 0 0 0 0 0 0 0 0 0 0 0 0 0 0 0 0 0 0 1000 0 1000 0 0 -18
0 0 0 0 0 0 0 0 0 0 0 0 0 0 0 0 0 0 0 0 0 0 0 0 0 0 1000 0 1000 0 0 -18.9
0 0 0 0 0 0 0 0 0 0 0 0 0 0 0 0 0 0 0 0 0 0 0 0 0 0 1000 0 1000 0 0 -19.8
0 0 0 0 0 0 0 0 0 0 0 0 1 0 0 0 0 0 0 0 0 0 0 0 0 0 999 0 1000 0 0 -20.7
0 0 0 0 0 0 0 0 0 0 0 0 1 0 0 0 0 0 0 0 0 0 0 0 0 0 999 0 1000 0 0 -21.6
0 0 0 0 0 0 0 0 0 0 0 0 0 0 0 0 0 0 0 0 0 0 0 0 0 0 1000 0 1000 0 0 -22.5
0 0 0 0 0 0 0 0 0 0 0 0 0 0 0 0 0 0 0 0 0 0 0 0 0 0 1000 0 1000 0 0 -23.4
0 0 0 0 0 0 0 0 0 0 0 0 0 0 0 0 0 0 0 0 0 0 0 0 0 0 1000 0 1000 0 0 -24.3
0 0 0 0 0 0 0 0 0 0 0 0 0 0 0 0 0 0 0 0 0 0 0 0 0 0 1000 0 1000 0 0 -25.2
0 0 0 0 0 0 0 0 0 0 0 0 0 0 0 0 0 0 0 0 0 0 0 0 0 0 1000 0 1000 0 0 -26.1
0 0 0 0 0 0 0 0 0 0 0 0 0 0 0 0 0 0 0 0 0 0 0 0 0 0 1000 0 1000 0 0 -27
0 0 0 0 0 0 0 0 0 0 0 0 0 0 0 0 0 0 0 0 0 0 0 0 0 0 1000 0 1000 0 0 -27.9
0 0 0 0 0 0 0 0 0 0 0 0 0 0 0 0 0 0 0 0 0 0 0 0 0 0 1000 0 1000 0 0 -28.8
0 0 0 0 0 0 0 0 0 0 0 0 0 0 0 0 0 0 0 0 0 0 0 0 0 0 1000 0 1000 0 0 -29.7
0 0 0 0 0 0 0 0 0 0 0 0 0 0 0 0 0 0 0 0 0 0 0 0 0 0 1000 0 1000 0 0 -30.6
0 0 0 0 0 0 0 0 0 0 0 0 0 0 0 0 0 0 0 0 0 0 0 0 0 0 1000 0 1000 0 0 -31.5
0 0 0 0 0 0 0 0 0 0 0 0 0 0 0 0 0 0 0 0 0 0 0 0 0 0 1000 0 1000 0 0 -32.4
0 0 0 0 0 0 0 0 0 0 0 0 0 0 0 0 0 0 0 0 0 0 0 0 0 0 1000 0 1000 0 0 -33.3
0 0 0 0 0 0 0 0 0 0 0 0 0 0 0 0 0 0 0 0 0 0 0 0 0 0 1000 0 1000 0 0 -34.2
