0 0 0 0 0 0 0 32 0 0 0 0 35 0 0 0 0 0 0 0 0 0 0 0 0 0 933 0 1000 0 0 9.9
0 0 0 0 0 0 0 424 0 0 0 0 418 0 0 0 0 0 0 0 0 0 0 0 0 0 158 0 1000 0 0 9
0 0 0 0 0 0 0 517 0 0 0 0 479 0 0 0 0 0 0 0 0 0 0 0 0 0 4 0 1000 0 0 8.1
0 0 0 0 0 0 0 478 0 0 0 0 513 0 0 0 0 0 0 0 0 0 0 0 0 0 9 0 1000 0 0 7.2
0 0 0 0 0 0 0 493 0 0 0 0 502 1 0 0 0 0 0 0 0 0 0 0 0 0 4 0 1000 0 0 6.3
0 0 0 0 0 0 0 517 1 0 0 0 473 1 0 0 0 0 0 0 0 0 0 0 0 0 8 0 1000 0 0 5.4
0 0 0 0 0 0 0 520 3 0 0 0 470 3 0 0 0 0 0 0 0 0 0 0 0 0 4 0 1000 0 0 4.5
0 0 0 0 0 0 1 491 2 0 0 0 501 1 0 0 0 0 0 0 0 0 0 0 0 0 4 0 1000 0 0 3.6
0 0 0 0 0 0 5 490 1 0 0 2 498 1 0 0 0 0 0 0 0 0 0 0 0 0 3 0 1000 0 0 2.7
0 0 0 0 0 0 2 490 6 0 0 2 492 5 0 0 0 0 0 0 0 0 0 0 0 0 3 0 1000 0 0 1.8
0 0 0 0 0 0 1 506 1 0 0 0 478 2 0 0 0 0 0 0 0 0 0 0 0 0 12 0 1000 0 0 0.9
0 0 0 0 0 0 1 420 5 0 0 1 415 2 0 0 0 0 0 0 0 0 0 0 0 0 156 0 1000 0 0 0
0 0 0 0 0 0 1 315 3 0 0 1 311 7 0 0 0 0 0 0 0 0 0 0 0 0 362 0 1000 0 0 -0.9
0 0 0 0 0 0 0 230 1 0 0 1 195 2 0 0 0 0 0 0 0 0 0 0 0 0 571 0 1000 0 0 -1.8
0 0 0 0 0 0 3 158 3 0 0 1 162 5 0 0 0 0 0 0 0 0 0 0 0 0 668 0 1000 0 0 -2.7
0 0 0 0 0 0 0 98 1 0 0 1 128 3 0 0 0 0 0 0 0 0 0 0 0 0 769 0 1000 0 0 -3.6
0 0 0 0 0 0 0 77 1 0 0 1 79 0 0 0 0 0 0 0 0 0 0 0 0 0 842 0 1000 0 0 -4.5
0 0 0 0 0 0 1 46 0 0 0 1 50 4 0 0 0 0 0 0 0 0 0 0 0 0 898 0 1000 0 0 -5.4
0 0 0 0 0 0 0 44 0 0 0 1 34 4 0 0 0 0 0 0 0 0 0 0 0 0 917 0 1000 0 0 -6.3
0 0 0 0 0 0 1 29 1 0 0 1 27 1 0 0 0 0 0 0 0 0 0 0 0 0 940 0 1000 0 0 -7.2
0 0 0 0 0 0 1 13 1 0 0 1 24 0 0 0 0 0 0 0 0 0 0 0 0 0 960 0 1000 0 0 -8.1
0 0 0 0 0 0 0 9 0 0 0 1 11 1 0 0 0 0 0 0 0 0 0 0 0 0 978 0 1000 0 0 -9
0 0 0 0 0 0 0 8 3 0 0 0 11 1 0 0 0 0 0 0 0 0 0 0 0 0 977 0 1000 0 0 -9.9
0 0 0 0 0 0 0 10 0 0 0 1 7 1 0 0 0 0 0 0 0 0 0 0 0 0 981 0 1000 0 0 -10.8
0 0 0 0 0 0 0 6 0 0 0 0 3 0 0 0 0 0 0 0 0 0 0 0 0 0 991 0 1000 0 0 -11.7
0 0 0 0 0 0 0 3 0 0 0 0 4 1 0 0 0 0 0 0 0 0 0 0 0 0 992 0 1000 0 0 -12.6
0 0 0 0 0 0 0 2 0 0 0 0 1 0 0 0 0 0 0 0 0 0 0 0 0 0 997 0 1000 0 0 -13.5
0 0 0 0 0 0 0 1 0 0 0 0 1 0 0 0 0 0 0 0 0 0 0 0 0 0 998 0 1000 0 0 -14.4
0 0 0 0 0 0 0 0 0 0 0 0 0 1 0 0 0 0 0 0 0 0 0 0 0 0 999 0 1000 0 0 -15.3
0 0 0 0 0 0 0 0 0 0 0 0 3 0 0 0 0 0 0 0 0 0 0 0 0 0 997 0 1000 0 0 -16.2
0 0 0 0 0 0 0 0 0 0 0 0 0 0 0 0 0 0 0 0 0 0 0 0 0 0 1000 0 1000 0 0 -17.1
0 0 0 0 0 0 0 0 0 0 0 0 1 0 0 0 0 0 0 0 0 0 0 0 0 0 999 0 1000 0 0 -18
0 0 0 0 0 0 0 0 0 0 0 0 0 0 0 0 0 0 0 0 0 0 0 0 0 0 1000 0 1000 0 0 -18.9
0 0 0 0 0 0 0 0 0 0 0 0 0 0 0 0 0 0 0 0 0 0 0 0 0 0 1000 0 1000 0 0 -19.8
0 0 0 0 0 0 0 0 0 0 0 0 1 0 0 0 0 0 0 0 0 0 0 0 0 0 999 0 1000 0 0 -20.7
0 0 0 0 0 0 0 0 0 0 0 0 0 0 0 0 0 0 0 0 0 0 0 0 0 0 1000 0 1000 0 0 -21.6
0 0 0 0 0 0 0 0 0 0 0 0 0 0 0 0 0 0 0 0 0 0 0 0 0 0 1000 0 1000 0 0 -22.5
0 0 0 0 0 0 0 0 0 0 0 0 0 0 0 0 0 0 0 0 0 0 0 0 0 0 1000 0 1000 0 0 -23.4
0 0 0 0 0 0 0 0 0 0 0 0 0 0 0 0 0 0 0 0 0 0 0 0 0 0 1000 0 1000 0 0 -24.3
0 0 0 0 0 0 0 0 0 0 0 0 0 0 0 0 0 0 0 0 0 0 0 0 0 0 1000 0 1000 0 0 -25.2
0 0 0 0 0 0 0 0 0 0 0 0 0 0 0 0 0 0 0 0 0 0 0 0 0 0 1000 0 1000 0 0 -26.1
0 0 0 0 0 0 0 1 0 0 0 0 0 0 0 0 0 0 0 0 0 0 0 0 0 0 999 0 1000 0 0 -27
0 0 0 0 0 0 0 0 0 0 0 0 0 0 0 0 0 0 0 0 0 0 0 0 0 0 1000 0 1000 0 0 -27.9
0 0 0 0 0 0 0 0 0 0 0 0 0 0 0 0 0 0 0 0 0 0 0 0 0 0 1000 0 1000 0 0 -28.8
0 0 0 0 0 0 0 0 0 0 0 0 0 0 0 0 0 0 0 0 0 0 0 0 0 0 1000 0 1000 0 0 -29.7
0 0 0 0 0 0 0 0 0 0 0 0 0 0 0 0 0 0 0 0 0 0 0 0 0 0 1000 0 1000 0 0 -30.6
0 0 0 0 0 0 0 0 0 0 0 0 0 0 0 0 0 0 0 0 0 0 0 0 0 0 1000 0 1000 0 0 -31.5
0 0 0 0 0 0 0 0 0 0 0 0 0 0 0 0 0 0 0 0 0 0 0 0 0 0 1000 0 1000 0 0 -32.4
0 0 0 0 0 0 0 0 0 0 0 0 0 0 0 0 0 0 0 0 0 0 0 0 0 0 1000 0 1000 0 0 -33.3
0 0 0 0 0 0 0 0 0 0 0 0 0 0 0 0 0 0 0 0 0 0 0 0 0 0 1000 0 1000 0 0 -34.2
