0 0 0 0 0 0 0 0 0 0 0 0 1000 0 0 0 0 0 0 0 0 0 0 0 0 0 0 0 1000 0 0 9.9
0 0 0 0 0 0 0 0 0 0 0 0 998 0 0 0 0 0 0 0 0 0 0 0 0 0 2 0 1000 0 0 9
0 0 0 0 0 0 0 0 0 0 0 0 999 0 0 0 0 0 0 0 0 0 0 0 0 0 1 0 1000 0 0 8.1
0 0 0 0 0 0 0 0 0 0 0 0 999 0 0 0 0 0 0 0 0 0 0 0 0 0 1 0 1000 0 0 7.2
0 0 0 0 0 0 0 0 0 0 0 0 1000 0 0 0 0 0 0 0 0 0 0 0 0 0 0 0 1000 0 0 6.3
0 0 0 0 0 0 0 0 0 0 0 0 998 0 0 0 0 0 0 0 0 0 0 0 0 0 2 0 1000 0 0 5.4
0 0 0 0 0 0 0 1 0 0 0 0 999 0 0 0 0 0 0 0 0 0 0 0 0 0 0 0 1000 0 0 4.5
0 0 0 0 0 0 0 0 0 0 0 0 991 7 0 0 0 1 0 0 0 0 0 0 0 0 1 0 1000 0 0 3.6
0 0 0 0 0 0 0 1 0 0 0 0 958 37 0 0 0 1 1 0 0 0 0 0 0 0 2 0 1000 0 0 2.7
0 0 0 0 0 0 0 1 0 0 0 0 955 43 0 0 0 0 0 0 0 0 0 0 0 0 1 0 1000 0 0 1.8
0 0 0 0 0 0 0 1 0 0 0 0 952 37 0 0 0 1 0 0 0 0 0 0 0 0 9 0 1000 0 0 0.9
0 0 0 0 0 0 0 1 0 0 0 0 779 53 0 0 0 1 0 0 0 0 0 0 0 0 166 0 1000 0 0 0
0 0 0 0 0 0 0 0 2 0 0 0 609 45 0 0 0 4 1 0 0 0 0 0 0 0 339 0 1000 0 0 -0.9
0 0 0 0 0 0 0 3 1 0 0 0 384 30 0 0 0 2 1 0 0 0 0 0 0 0 579 0 1000 0 0 -1.8
0 0 0 0 0 0 0 0 0 0 0 0 275 43 0 0 0 2 0 0 0 0 0 0 0 0 680 0 1000 0 0 -2.7
0 0 0 0 0 0 0 2 0 0 0 0 196 19 0 0 0 0 2 0 0 0 0 0 0 0 781 0 1000 0 0 -3.6
0 0 0 0 0 0 0 2 0 0 0 0 105 27 0 0 0 3 0 0 0 0 0 0 0 0 863 0 1000 0 0 -4.5
0 0 0 0 0 0 0 2 0 0 0 0 95 12 0 0 0 0 0 0 0 0 0 0 0 0 891 0 1000 0 0 -5.4
0 0 0 0 0 0 0 1 2 0 0 1 63 11 0 0 0 3 0 0 0 0 0 0 0 0 919 0 1000 0 0 -6.3
0 0 0 0 0 0 0 0 1 0 0 0 52 13 0 0 0 1 0 0 0 0 0 0 0 0 933 0 1000 0 0 -7.2
0 0 0 0 0 0 0 1 1 0 0 1 20 4 0 0 0 0 0 0 0 0 0 0 0 0 973 0 1000 0 0 -8.1
0 0 0 0 0 0 0 1 0 0 0 0 19 5 0 0 0 1 0 0 0 0 0 0 0 0 974 0 1000 0 0 -9
0 0 0 0 0 0 0 0 0 0 0 1 10 1 0 0 0 0 0 0 0 0 0 0 0 0 988 0 1000 0 0 -9.9
0 0 0 0 0 0 0 0 1 0 0 0 11 2 0 0 0 1 0 0 0 0 0 0 0 0 985 0 1000 0 0 -10.8
0 0 0 0 0 0 0 1 0 0 0 0 7 1 0 0 0 0 0 0 0 0 0 0 0 0 991 0 1000 0 0 -11.7
0 0 0 0 0 0 0 1 0 0 0 1 5 2 0 0 0 1 0 0 0 0 0 0 0 0 990 0 1000 0 0 -12.6
0 0 0 0 0 0 0 0 0 0 0 0 2 0 0 0 0 0 0 0 0 0 0 0 0 0 998 0 1000 0 0 -13.5
0 0 0 0 0 0 0 0 1 0 0 0 1 2 0 0 0 0 0 0 0 0 0 0 0 0 996 0 1000 0 0 -14.4
0 0 0 0 0 0 0 0 0 0 0 0 2 0 0 0 0 0 0 0 0 0 0 0 0 0 998 0 1000 0 0 -15.3
0 0 0 0 0 0 0 0 1 0 0 0 2 0 0 0 0 0 0 0 0 0 0 0 0 0 997 0 1000 0 0 -16.2
0 0 0 0 0 0 0 0 0 0 0 0 1 0 0 0 0 0 0 0 0 0 0 0 0 0 999 0 1000 0 0 -17.1
0 0 0 0 0 0 0 0 0 0 0 0 1 0 0 0 0 0 0 0 0 0 0 0 0 0 999 0 1000 0 0 -18
0 0 0 0 0 0 0 0 0 0 0 0 1 0 0 0 0 0 0 0 0 0 0 0 0 0 999 0 1000 0 0 -18.9
0 0 0 0 0 0 0 0 0 0 0 0 1 0 0 0 0 0 0 0 0 0 0 0 0 0 999 0 1000 0 0 -19.8
0 0 0 0 0 0 0 1 0 0 0 0 1 0 0 0 0 0 0 0 0 0 0 0 0 0 998 0 1000 0 0 -20.7
0 0 0 0 0 0 0 0 0 0 0 0 0 0 0 0 0 0 0 0 0 0 0 0 0 0 1000 0 1000 0 0 -21.6
0 0 0 0 0 0 0 0 0 0 0 0 0 0 0 0 0 0 0 0 0 0 0 0 0 0 1000 0 1000 0 0 -22.5
0 0 0 0 0 0 0 0 0 0 0 0 0 0 0 0 0 0 0 0 0 0 0 0 0 0 1000 0 1000 0 0 -23.4
0 0 0 0 0 0 0 0 0 0 0 0 0 0 0 0 0 0 0 0 0 0 0 0 0 0 1000 0 1000 0 0 -24.3
0 0 0 0 0 0 0 0 0 0 0 0 0 0 0 0 0 0 0 0 0 0 0 0 0 0 1000 0 1000 0 0 -25.2
0 0 0 0 0 0 0 0 0 0 0 0 0 0 0 0 0 0 0 0 0 0 0 0 0 0 1000 0 1000 0 0 -26.1
0 0 0 0 0 0 0 0 0 0 0 0 0 0 0 0 0 0 0 0 0 0 0 0 0 0 1000 0 1000 0 0 -27
0 0 0 0 0 0 0 0 0 0 0 0 0 0 0 0 0 0 0 0 0 0 0 0 0 0 1000 0 1000 0 0 -27.9
0 0 0 0 0 0 0 0 0 0 0 0 0 0 0 0 0 0 0 0 0 0 0 0 0 0 1000 0 1000 0 0 -28.8
0 0 0 0 0 0 0 0 0 0 0 0 0 0 0 0 0 0 0 0 0 0 0 0 0 0 1000 0 1000 0 0 -29.7
0 0 0 0 0 0 0 0 0 0 0 0 0 0 0 0 0 0 0 0 0 0 0 0 0 0 1000 0 1000 0 0 -30.6
0 0 0 0 0 0 0 0 0 0 0 0 0 0 0 0 0 0 0 0 0 0 0 0 0 0 1000 0 1000 0 0 -31.5
0 0 0 0 0 0 0 0 0 0 0 0 0 0 0 0 0 0 0 0 0 0 0 0 0 0 1000 0 1000 0 0 -32.4
0 0 0 0 0 0 0 0 0 0 0 0 0 0 0 0 0 0 0 0 0 0 0 0 0 0 1000 0 1000 0 0 -33.3
0 0 0 0 0 0 0 0 0 0 0 0 0 0 0 0 0 0 0 0 0 0 0 0 0 0 1000 0 1000 0 0 -34.2
